#logK adopted from NASA9
# Needs 
# three lines of comments
CH Methylidyne : C 1 H 1 
    2.220590133E+04 -3.405411530E+02 5.531452290E+00 -5.794964260E-03 7.969554880E-06 -4.465911590E-09 9.596338320E-13  0. 7.240783270E+04 -9.107673050E+00 2.060763440E+06 -5.396206660E+03 7.856293850E+00 -7.965907450E-04 1.764308305E-07 -1.976386267E-11 5.030429510E-16  0. 1.062236592E+05 -3.154757439E+01

HCN Hydrogen_Cyanide : C 1 H 1 N 1 
    9.098286930E+04 -1.238657512E+03 8.721307870E+00 -6.528242940E-03 8.872700830E-06 -4.808886670E-09 9.317898500E-13  0.               2.098915450E+04 -2.746678076E+01 1.236889278E+06 -4.446732410E+03 9.738874850E+00 -5.855182640E-04 1.072791440E-07 -1.013313244E-11 3.348247980E-16  0.               4.221513770E+04 -4.005774072E+01

HNCO Hydrogen_Isocyanate : C 1 H 1 N 1 O 1 # Chase et al., JANAF thermochemical tables, 1998.
    7.542460080E+04 -9.550937770E+02 6.725705870E+00 4.705687500E-03 -4.959475510E-06 3.694255120E-09 -1.164859121E-12 0.               -1.068149742E+04 -1.365584762E+01 1.253216926E+06 -5.021091540E+03 1.247789314E+01 -6.891655250E-04 1.097738448E-07 -9.306403800E-12 3.242606950E-16  0.              1.453155559E+04 -5.306419819E+01 

HCO Formyl : C 1 H 1 O 1 
   -1.189851887E+04 2.151536111E+02 2.730224028E+00 1.806516108E-03 4.984300570E-06 -5.814567920E-09 1.869689894E-12 0.                2.905755640E+03 1.136772540E+01 6.949606120E+05 -3.656223380E+03 9.604731170E+00 -1.117129278E-03 2.875328019E-07 -3.626247740E-11 1.808329595E-15 0.                2.543704440E+04 -3.582473720E+01

CH2 Methylene : C 1 H 2 
    3.218921730E+04 -2.877601815E+02 4.203583820E+00 3.455405960E-03 -6.746193340E-06 7.654571640E-09 -2.870328419E-12 0. 			      4.733624710E+04 -2.143628603E+00 2.550418031E+06 -7.971625390E+03 1.228924487E+01 -1.699122922E-03 2.991728605E-07 -2.767007492E-11 1.051341740E-15  0.                9.642216890E+04 -6.094739910E+01

H2CO Formaldehyde : C 1 H 2 O 1 # Gurvich,1991 pt1 p62 pt2 p47.     
   -1.173916343E+05 1.873628846E+03 -6.890288570E+00 2.641561665E-02 -2.186389299E-05 1.005693006E-08 -2.023476949E-12 0.              -2.307351768E+04 6.420420550E+01 1.700825405E+06 -7.620853840E+03 1.472447547E+01 -1.649111754E-03 3.292144720E-07 -3.495049770E-11 1.526135000E-15  0.               3.146812947E+04 -7.386478500E+01

CH3 Methyl : C 1 H 3 
   -2.876188806E+04 5.093268660E+02 2.002143949E-01 1.363605829E-02 -1.433989346E-05 1.013556725E-08 -3.027331936E-12 0.                1.408271825E+04 2.022772791E+01 2.760802663E+06 -9.336531170E+03 1.487729606E+01 -1.439429774E-03 2.444477951E-07 -2.224555778E-11 8.395065760E-16  0.                 7.481809480E+04 -7.919682400E+01

CH4 Methane : C 1 H 4 
   -1.766850998E+05 2.786181020E+03 -1.202577850E+01 3.917619290E-02 -3.619054430E-05 2.026853043E-08 -4.976705490E-12  0.              -2.331314360E+04 8.904322750E+01 3.730042760E+06 -1.383501485E+04 2.049107091E+01 -1.961974759E-03 4.727313040E-07 -3.728814690E-11 1.623737207E-15   0.               7.532066910E+04 -1.219124889E+02

CN Cyanogen : C 1 N 1 
  	3.949148570E+03 -1.391590572E+02 4.930835320E+00 -6.304670510E-03 1.256836472E-05 -9.878300500E-09 2.843137221E-12  0.              5.228455380E+04 -2.763115585E+00 -2.228006270E+06 5.040733390E+03 -2.121897722E-01 1.354901134E-03 1.325929798E-07 -6.937006370E-11 5.494952270E-15  0.              1.784496132E+04 3.282563919E+01

NCO NCO_Radical : C 1 N 1 O 1 
    1.136503036E+04 -2.444613367E+02 4.671376100E+00 2.309387548E-03 2.798649599E-06 -4.546357380E-09 1.692880931E-12  0.              1.577649188E+04 -2.171476903E-01 1.089445289E+05 -1.735459316E+03 8.655610330E+00 -4.053229260E-04 7.599716410E-08 -7.253804150E-12 3.244872410E-16  0.              2.365792776E+04 -2.619532970E+01

CN2_cnn CNN_Radical : C 1 N 2 
   -7.357692360E+04 9.652438660E+02 -1.704121157E+00 2.037239025E-02 -2.183423906E-05 1.176082777E-08 -2.551355221E-12 0.               7.021729830E+04 3.528150910E+01 -1.817148765E+05 -6.729863490E+02 7.857948340E+00 -6.136880720E-05 -1.088178985E-08 4.456655810E-12 -2.836496278E-16 0.               7.723488980E+04 -1.966012324E+01

CN2_ncn NCN_Radical : C 1 N 2
   -5.634680700E+04 7.323804580E+02 -7.821401840E-01 1.838552441E-02-1.950836491E-05 1.035712021E-08 -2.208158483E-12 0.              5.539789700E+04 2.905308985E+01 -1.641880975E+05 -7.767840750E+02 7.999981870E+00 -1.659081508E-04 2.983403318E-08 -3.120157047E-12 1.992698720E-16  0.              6.184424480E+04 -2.149108820E+01

CO Carbon_Monoxide : C 1 O 1
    1.489045326E+04 -2.922285939E+02 5.724527170E+00 -8.176235030E-03 1.456903469E-05 -1.087746302E-08 3.027941827E-12  0.              -1.303131878E+04 -7.859241350E+00 4.619197250E+05 -1.944704863E+03 5.916714180E+00 -5.664282830E-04 1.398814540E-07 -1.787680361E-11 9.620935570E-16  0.              -2.466261084E+03 -1.387413108E+01

CO2 Carbon_Dioxide : C 1 O 2 
    4.943650540E+04 -6.264116010E+02 5.301725240E+00 2.503813816E-03 -2.127308728E-07 -7.689988780E-10 2.849677801E-13  0.              -4.528198460E+04 -7.048279440E+00 1.176962419E+05 -1.788791477E+03 8.291523190E+00 -9.223156780E-05 4.863676880E-09 -1.891053312E-12 6.330036590E-16  0.               -3.908350590E+04 -2.652669281E+01

C2 Carbon : C 2 
    5.559634510E+05 -9.980126440E+03 6.681620370E+01 -1.743432724E-01 2.448523051E-04 -1.703467580E-07 4.684527730E-11  0.              1.445869634E+05 -3.448229700E+02 -9.689267930E+05 3.561092990E+03 -5.064138930E-01 2.945154879E-03 -7.139441190E-07 8.670657250E-11 -4.076906810E-15 0.               7.681796830E+04 3.339985240E+01

C2H Ethynyl : C 2 H 1 
    1.343669487E+04 -5.067970720E+02 7.772107410E+00 -6.512339820E-03 1.030117855E-05 -5.880147670E-09 1.226901861E-12  0.             6.892269990E+04 -1.871881626E+01 3.922334570E+06 -1.204751703E+04 1.756172920E+01 -3.655442940E-03 6.987685430E-07 -6.825162010E-11 2.719262793E-15  0.              1.433266627E+05 -9.561634380E+01

C2H2 Ethyne : C 2 H 2 
    1.598112089E+05 -2.216644118E+03 1.265707813E+01 -7.979651080E-03 8.054992750E-06 -2.433307673E-09 -7.529233180E-14 0.              3.712619060E+04 -5.244338900E+01 1.713847410E+06 -5.929106660E+03 1.236127943E+01 1.314186993E-04 -1.362764431E-07 2.712655786E-11 -1.302066204E-15 0.              6.266578970E+04 -5.818960590E+01

C2H3 vinyl : C 2 H 3
-3.347896870E+04 1.064104103E+03 -6.403857060E+00 3.934515480E-02 -4.760046090E-05 3.170071350E-08 -8.633406430E-12 0.              3.039122649E+04 5.809226180E+01 2.718080093E+06 -1.030956829E+04 1.836579807E+01 -1.580131153E-03 2.680594939E-07 -2.439003999E-11 9.209096390E-16  0.          9.765055590E+04 -9.760086860E+01

C2H4 Ethene : C 2 H 4 
   -1.163605836E+05 2.554851510E+03 -1.609746428E+01 6.625779320E-02 -7.885081860E-05 5.125224820E-08 -1.370340031E-11 0.             -6.176191070E+03 1.093338343E+02 3.408763670E+06 -1.374847903E+04 2.365898074E+01 -2.423804419E-03 4.431395660E-07 -4.352683390E-11 1.775410633E-15  0.              8.820429380E+04 -1.371278108E+02

C2H5 : C 2 H 5
-1.411312551E+05 2.714285088E+03 -1.534977725E+01 6.451672580E-02 -7.259143960E-05 4.599116010E-08 -1.218367535E-11 0.                5.981418840E+02 1.090966520E+02 4.169220400E+06 -1.662982142E+04 2.795442134E+01 -3.051715761E-03 5.685160040E-07 -5.682863600E-11 2.355648561E-15  0.             1.137010087E+05 -1.639357995E+02

C2H6 Ethane : C 2 H 6
-1.862044161E+05 3.406191860E+03 -1.951705092E+01 7.565835590E-02 -8.204173220E-05 5.061135800E-08 -1.319281992E-11 0.               -2.702932890E+04 1.298140496E+02 5.025782130E+06 -2.033022397E+04 3.322552930E+01 -3.836703410E-03 7.238405860E-07 -7.319182500E-11 3.065468699E-15  0.      1.115963950E+05 -2.039410584E+02

C2H4O Oxirane : C 2 H 4 O 1 
   -1.728233345E+05 3.816678800E+03 -2.629851977E+01 1.014103162E-01 -1.240578373E-04 8.034040350E-08 -2.120942544E-11 0.               -2.437519333E+04 1.654885056E+02 3.151809957E+06 -1.423646316E+04 2.708080476E+01 -2.606238456E-03 4.853891930E-07 -4.852144760E-11 2.011778721E-15  0.              7.662561440E+04 -1.563952401E+02 

CH2OH Hydroxymethyl Radical: C 1 H 3 O 1
-1.560076238E+05 2.685446279E+03 -1.342022420E+01 5.757139470E-02 -7.284449990E-05 4.836648860E-08 -1.293492601E-11 0.               -1.596820410E+04 9.963033700E+01 2.250349506E+06 -8.173186060E+03 1.599639179E+01 -8.704133720E-04 6.069183950E-08 4.408349460E-12 -5.702309500E-16 0.                4.645313430E+04 -7.835158450E+01

CH3O : C 1 H 3 O 1
 8.657117660E+04 -6.631685250E+02 2.257455672E+00 2.266283789E-02 -2.970566403E-05 2.199341353E-08 -6.588043380E-12 0.                4.174102130E+03 8.174777900E+00 2.101188243E+06 -8.841968800E+03 1.822645731E+01 -1.743485034E-03 3.340434270E-07 -3.430673160E-11 1.473897771E-15  0.             5.309582060E+04 -9.422500590E+01

CH3OH Methanol : C 1 H 4 O 1
-2.416642886E+05 4.032147190E+03 -2.046415436E+01 6.903698070E-02 -7.598932690E-05 4.598208360E-08 -1.158706744E-11 0.               -4.433261170E+04 1.400142190E+02 3.411570760E+06 -1.345500201E+04 2.261407623E+01 -2.141029179E-03 3.730050540E-07 -3.498846390E-11 1.366073444E-15  0.             5.636081560E+04 -1.277814279E+02

CH3CO : C 2 H 3 O 1
-7.193894130E+04 1.464465167E+03 -6.632276130E+00 4.108468380E-02 -4.226256640E-05 2.485766819E-08 -6.292558480E-12 0.               -9.309370810E+03 6.422897620E+01 2.485388150E+06 -1.120714204E+04 2.277525438E+01 -2.314260550E-03 4.536189170E-07 -4.742635550E-11 2.044663903E-15  0.              6.380088410E+04 -1.215350925E+02

H2CCO : C 2 H 2 O 1
 3.549598090E+04 -4.063062830E+02 3.718921920E+00 1.583501817E-02 -1.726195691E-05 1.157376959E-08 -3.305842630E-12 0.000000000E+00 -5.209992580E+03 3.839604220E+00 2.013564915E+06 -8.200887460E+03 1.759694074E+01 -1.464544521E-03 2.695886969E-07 -2.665674840E-11 1.094204522E-15 0.000000000E+00 4.177776880E+04 -8.725803580E+01
 
HCCO : C 2 H 1 O 1
 6.959612700E+04 -1.164594402E+03 9.456616260E+00 -2.331240632E-03 5.161873600E-06 -3.526169970E-09 8.599143230E-13  0.               2.535003992E+04 -2.726355351E+01 1.093922002E+06 -4.498228210E+03 1.246446433E+01 -6.343317400E-04 1.108549019E-07 -1.125488678E-11 5.689151940E-16  0.               4.652280300E+04 -5.099070430E+01

C2N CNC_Radical : C 2 N 1 
   -7.075192710E+04 1.007523898E+03 -1.576789967E+00 2.052532634E-02 -2.278935009E-05 1.283362343E-08 -2.933174091E-12 0.               7.613324850E+04 3.487094132E+01 -9.031313560E+04 -8.313236500E+02 8.114735950E+00 -2.447691991E-04 5.397508770E-08 -6.183984860E-12 2.865172411E-16  0.               8.451833600E+04 -2.102937255E+01

C2N2 Ethanedinitrile : C 2 N 2 
    1.082404484E+05 -1.928137871E+03 1.553891898E+01 -1.821159329E-02 2.778840840E-05 -1.899434373E-08 4.949677720E-12 0.              4.449097590E+04 -6.090964741E+01 7.934423720E+05 -3.997376270E+03 1.314497430E+01 -8.747782000E-04 2.059156733E-07 -2.200469389E-11 9.974485770E-16 0.               5.863632300E+04 -5.473201251E+01 

CCO CCO_Radical : C 2 O 1 
    1.082404484E+05 -1.928137871E+03 1.553891898E+01 -1.821159329E-02 2.778840840E-05 -1.899434373E-08 4.949677720E-12  0.               4.449097590E+04 -6.090964741E+01 7.934423720E+05 -3.997376270E+03 1.314497430E+01 -8.747782000E-04 2.059156733E-07 -2.200469389E-11 9.974485770E-16  0.               5.863632300E+04 -5.473201251E+01

C3 Carbon : C 3 # Chase et al., JANAF thermochemical tables, 1998.
   -4.354614480E+04 6.660183220E+02 1.451033157E+00 7.434513120E-03 -3.810152990E-06 -2.336961396E-11 4.407054530E-13 0.               9.635170200E+04 2.025173297E+01 4.508098930E+06 -1.461033761E+04 2.281974644E+01 -8.544340610E-03 2.146069341E-06 -2.103867761E-10 6.351589060E-15 0.               1.911976065E+05 -1.271869723E+02

C3O2 Carbon_Suboxide : C 3 O 2 
    1.579873382E+05 -2.529493506E+03 1.801761578E+01 -1.786032042E-02 2.978671986E-05 -2.182900022E-08 6.013797220E-12  0.              -1.121054014E+03 -7.277721170E+01 6.968699890E+05 -4.624733190E+03 1.663905725E+01 -1.175486554E-03 2.478106444E-07 -2.745165984E-11 1.239566766E-15  0.               1.252580069E+04 -7.275968780E+01 

C4 Carbon : C 4 
    3.903780500E+04 -8.948280780E+02 1.050952925E+01 -6.552894460E-03 1.243940464E-05 -8.645341370E-09 2.263638846E-12  0.               1.266425869E+05 -3.077594475E+01 9.200685130E+05 -1.530311800E+03 6.050069200E+00 5.252743670E-03 -1.779154772E-06 2.589873632E-10 -1.385553481E-14 0.              1.334389611E+05 -7.261148820E+00 

C4H2 : C 4 H 2
 2.467542569E+05 -3.897855640E+03 2.366080456E+01 -2.208077805E-02 2.781101140E-05 -1.577340010E-08 3.423165460E-12  0.                7.086907820E+04 -1.109173560E+02 2.328179913E+06 -8.925186090E+03 2.114326883E+01 -1.368871276E-03 2.327503159E-07 -2.124517624E-11 8.053313020E-16  0.             1.057788416E+05 -1.088313574E+02

C4N2 2-Butynedinitrile : C 4 N 2 
    1.587802866E+05 -2.987184206E+03 2.348081602E+01 -2.607502448E-02 4.042830030E-05 -2.804912444E-08 7.397652050E-12 0.              7.505299470E+04 -1.017578250E+02 1.167686152E+06 -6.198644180E+03 2.062070093E+01 -1.518619449E-03 3.162361680E-07 -3.469922800E-11 1.555154128E-15 0.               9.667409390E+04 -9.669734738E+01

NH Imidogen : H 1 N 1 
    1.359651320E+04 -1.900296604E+02 4.518496790E+00 -2.432776899E-03 2.377587464E-06 -2.592797084E-10 -2.659680792E-13 0.               4.280972190E+04 -3.886561616E+00 1.958141991E+06 -5.782861300E+03 9.335742020E+00 -2.292910311E-03 6.076092480E-07 -6.647942750E-11 2.384234783E-15  0.               7.898912340E+04 -4.116970400E+01 

HNO Nitrosyl_Hydride : H 1 N 1 O 1 
   -6.854764860E+04 9.551627200E+02 -6.000720210E-01 7.995176750E-03 -6.547079160E-07 -3.670513400E-09 1.783392519E-12  0.              6.435351260E+03 3.048166179E+01 -5.795614980E+06 1.945457427E+04 -2.152568374E+01 1.797428992E-02 -4.976040670E-06 6.397924170E-10 -3.142619368E-14 0.             -1.104192372E+05 1.818650338E+02 

HNO2 Nitrous_Acid : H 1 N 1 O 2 # Cis-trans. Gurvich,1989 pt1 p363 pt2 p228.     
    8.591985060E+03 1.203644046E+02 9.412979120E-01 1.942891839E-02 -2.253174194E-05 1.384587594E-08 -3.473550460E-12 0.             -1.106337202E+04 2.073967331E+01 8.787904130E+05 -3.990455030E+03 1.187349269E+01 -4.881900610E-04 7.133636790E-08 -5.376303340E-12 1.581778986E-16  0.              1.246343241E+04 -4.608874688E+01

HNO3 Nitric_Acid : H 1 N 1 O 3 
    9.202869010E+03 1.093774496E+02 -4.521042450E-01 2.984914503E-02 -3.190635500E-05 1.720931528E-08 -3.782649830E-12 0.             -1.764048507E+04 2.746644879E+01 -9.497809640E+04 -2.733024468E+03 1.449426995E+01 -7.821868050E-04 1.702693665E-07 -1.930543961E-11 8.870455120E-16  0.              -4.882517780E+03 -5.928392985E+01

OH Hydroxyl : H 1 O 1
   -1.998858990E+03 9.300136160E+01 3.050854229E+00 1.529529288E-03 -3.157890998E-06 3.315446180E-09 -1.138762683E-12 0.		    2.991214235E+03 4.674110790E+00 1.017393379E+06 -2.509957276E+03 5.116547860E+00 1.305299930E-04 -8.284322260E-08 2.006475941E-11 -1.556993656E-15 0.		    2.019640206E+04 -1.101282337E+01 

HO2 Hydroperoxo : H 1 O 2 
   -7.598882540E+04 1.329383918E+03 -4.677388240E+00 2.508308202E-02 -3.006551588E-05 1.895600056E-08 -4.828567390E-12 0.000000000E+00 -5.873350960E+03 5.193602140E+01 -1.810669724E+06 4.963192030E+03 -1.039498992E+00 4.560148530E-03 -1.061859447E-06 1.144567878E-10 -4.763064160E-15 0.000000000E+00 -3.200817190E+04 4.066850920E+01 

H2 Hydrogen : H 2 
    4.078323210E+04 -8.009186040E+02 8.214702010E+00 -1.269714457E-02 1.753605076E-05 -1.202860270E-08 3.368093490E-12 0.                2.682484665E+03 -3.043788844E+01 5.608128010E+05 -8.371504740E+02 2.975364532E+00 1.252249124E-03 -3.740716190E-07 5.936625200E-11 -3.606994100E-15 0.                5.339824410E+03 -2.202774769E+00

NH2 Amidogen : H 2 N 1
   -3.118240659E+04 4.754243390E+02 1.372395176E+00 6.306429720E-03 -5.987893560E-06 4.492752340E-09 -1.414073548E-12 0.             1.928939662E+04 1.540126885E+01 2.111053740E+06 -6.880627230E+03 1.132305924E+01 -1.829236741E-03 5.643890090E-07 -7.886452480E-11 4.078593450E-15  0.              6.503778560E+04 -5.359155744E+01

N2H2 Diazene_Cis : H 2 N 2
   -1.504005163E+05 2.346687716E+03 -9.405430290E+00 3.284299800E-02 -3.121920401E-05 1.721283190E-08 -4.014537220E-12 0.              1.319384041E+04 7.832382630E+01 6.217567870E+06 -1.753952096E+04 2.022730509E+01 -9.757297660E-04 -4.208416740E-07 1.117921171E-10 -7.627102210E-15 0.              1.374152574E+05 -1.199559168E+02

H2O Water : H 2 O 1 
   -3.947960830E+04 5.755731020E+02 9.317826530E-01 7.222712860E-03 -7.342557370E-06 4.955043490E-09 -1.336933246E-12 0.               -3.303974310E+04 1.724205775E+01 1.034972096E+06 -2.412698562E+03 4.646110780E+00 2.291998307E-03 -6.836830480E-07 9.426468930E-11 -4.822380530E-15 0.              -1.384286509E+04 -7.978148510E+00

NH3 Ammonia : H 3 N 1
   -7.681226150E+04 1.270951578E+03 -3.893229130E+00 2.145988418E-02 -2.183766703E-05 1.317385706E-08 -3.332322060E-12 0.              -1.264886413E+04 4.366014588E+01 2.452389535E+06 -8.040894240E+03 1.271346201E+01 -3.980186580E-04 3.552502750E-08 2.530923570E-12 -3.322700530E-16 0.               4.386191960E+04 -6.462330602E+01 

N2H4 Hydrazine : H 4 N 2 # Gurvich,1989 pt1 p360 pt2 p225.        
   -1.660756354E+05 3.035416736E+03 -1.736889823E+01 7.159834020E-02 -8.866799300E-05 5.798970280E-08 -1.530037218E-11 0.              -3.731927230E+03 1.190002218E+02 3.293486700E+06 -1.199850628E+04 2.104406814E+01 -1.399381724E-03 1.933173351E-07 -1.318016127E-11 3.166400170E-16  0.              8.348433700E+04 -1.155751024E+02 

NO Nitrogen_Oxide : N 1 O 1
   -1.143916503E+04 1.536467592E+02 3.431468730E+00 -2.668592368E-03 8.481399120E-06 -7.685111050E-09 2.386797655E-12 0.               9.098214410E+03 6.728725490E+00 2.239018716E+05 -1.289651623E+03 5.433936030E+00 -3.656034900E-04 9.880966450E-08  -1.416076856E-11 9.380184620E-16 0.                1.750317656E+04 -8.501669090E+00

NO2 Nitrogen_Oxide : N 1 O 2
   -5.642038780E+04 9.633085720E+02 -2.434510974E+00 1.927760886E-02 -1.874559328E-05 9.145497730E-09 -1.777647635E-12 0.             -1.547925037E+03 4.067851210E+01 7.213001570E+05 -3.832615200E+03 1.113963285E+01 -2.238062246E-03 6.547723430E-07 -7.611335900E-11 3.328361050E-15  0.               2.502497403E+04 -4.305130040E+01 

NO3 Nitrogen_Oxide : N 1 O 3
    3.405398410E+04 2.266670652E+02 -3.793081630E+00 4.170732700E-02 -5.709913270E-05 3.834158110E-08 -1.021969284E-11 0.              7.088112200E+03 4.273091713E+01 -3.943872710E+05 -8.244263530E+02 1.061325843E+01 -2.448749816E-04 5.406060320E-08 -6.195466750E-12 2.870000149E-16  0.               8.982011730E+03 -3.444666597E+01

N2 Nitrogen : N 2
    2.210371497E+04 -3.818461820E+02 6.082738360E+00 -8.530914410E-03 1.384646189E-05 -9.625793620E-09 2.519705809E-12  0.               7.108460860E+02 -1.076003744E+01 5.877124060E+05 -2.239249073E+03 6.066949220E+00 -6.139685500E-04 1.491806679E-07 -1.923105485E-11 1.061954386E-15  0.               1.283210415E+04 -1.586640027E+01 

N2O Nitrogen_Oxide : N 2 O 1
 4.288225970E+04 -6.440118440E+02 6.034351430E+00 2.265394436E-04 3.472782850E-06 -3.627748640E-09 1.137969552E-12  0.              1.179405506E+04 -1.003128570E+01 3.438448040E+05 -2.404557558E+03 9.125636220E+00 -5.401667930E-04 1.315124031E-07 -1.414215100E-11 6.381066870E-16  0.              2.198632638E+04 -3.147805016E+01

N2O3 Nitrogen_Oxide : N 2 O 3 
   -9.204444170E+04 9.295520150E+02 3.203664810E+00 1.356473078E-02 -6.262966070E-06 -1.402915559E-09 1.431620930E-12 0.              3.313622080E+03 1.844430953E+01 7.783881860E+05 -4.483024660E+03 1.666668024E+01 -2.062143878E-03 5.309541710E-07 -6.190451220E-11 2.692956658E-15 0.              3.360912450E+04 -6.739212388E+01 

N2O4 Nitrogen_Oxide : N 2 O 4
   -3.804751440E+04 5.612828890E+02 -2.083648324E-01 3.887087820E-02 -4.422412260E-05 2.498812310E-08 -5.679102380E-12 0.             -3.310794730E+03 2.963924840E+01 -4.582843760E+05 -1.604749805E+03 1.674102133E+01 -5.091385080E-04 1.143634670E-07 -1.316288176E-11 5.976316620E-16  0.              4.306900520E+03 -6.569450380E+01

N2O5 Nitrogen_Oxide : N 2 O 5
    4.007828170E+04 -8.769675120E+02 1.055932981E+01 1.394613859E-02 -8.884346920E-06 8.500431150E-10 7.791550910E-13  0.              3.038962037E+03 -2.386831860E+01 -5.325578960E+04 -3.109277389E+03 2.036088958E+01 -9.959901140E-04 2.401398635E-07 -3.057161911E-11 1.495915511E-15  0.              1.336957281E+04 -8.298623341E+01

O2 Oxygen : O 2
   -3.425563420E+04 4.847000970E+02 1.119010961E+00 4.293889240E-03 -6.836300520E-07 -2.023372700E-09 1.039040018E-12 0.               -3.391454870E+03 1.849699470E+01 -1.037939022E+06 2.344830282E+03 1.819732036E+00 1.267847582E-03 -2.188067988E-07 2.053719572E-11 -8.193467050E-16 0.               -1.689010929E+04 1.738716506E+01 

O3 Ozone : O 3
   -1.282314507E+04 5.898216640E+02 -2.547496763E+00 2.690121526E-02 -3.528258340E-05 2.312290922E-08 -6.044893270E-12 0.              1.348368701E+04 3.852218580E+01 -3.869662480E+07 1.023344994E+05 -8.961551600E+01 3.706144970E-02 -4.137638740E-06 -2.725018591E-10 5.248188110E-14  0.              -6.517918180E+05 7.029109520E+02
   
N2H : H 1 N 2 # from NEWNASA
-2.234849766E+04 3.799796780E+02 1.747089322E+00 4.729753260E-03 -7.588910180E-08 -1.751925418E-09 6.583999590E-13 0.000000000E+00 2.731434238E+04 1.680375906E+01 9.759574290E+05 -4.187312640E+03 9.644079210E+00 -9.381345650E-04 1.899951707E-07 -2.042744637E-11 9.020082270E-16 0.000000000E+00 5.440933700E+04 -3.669269970E+01

N2H3 : H 3 N 2 # from NEWNASA (only 5 constants!)
 0.000000000E+00 0.000000000E+00 3.333828220E+00 1.938390630E-03 2.106401154E-05 -2.893245289E-08 1.185550772E-11 0.000000000E+00 2.582915010E+04 8.202427980E+00 0.000000000E+00 0.000000000E+00 4.162571650E+00 7.153279030E-03 -2.406097098E-06  3.710356010E-10 -2.150395988E-14 0.000000000E+00 2.526586223E+04 2.199260509E+00
 
CH3NH2 : C 1 H 5 N 1 # from NEWNASA
-2.691092021E+05 4.483576870E+03 -2.415559326E+01 8.295172480E-02 -9.024817400E-05 5.325117670E-08 -1.303034851E-11 0.000000000E+00 -2.474979000E+04 1.582906025E+02 3.665099570E+06 -1.516416698E+04 2.649685492E+01 -2.389738565E-03 4.118336590E-07 -3.809186390E-11 1.462627193E-15 0.000000000E+00 8.742046090E+04 -1.547681570E+02

CH3NH : C 1 H 4 N 1 # from NEWNASA
-1.911590140E+05 3.293007880E+03 -1.726013755E+01 6.498373390E-02 -7.377891920E-05 4.626350320E-08 -1.205073735E-11 0.000000000E+00 4.895775770E+03 1.200741202E+02 3.409112010E+06 -1.352972207E+04 2.320719906E+01 -2.169503709E-03 3.757244510E-07 -3.485859480E-11 1.340733006E-15 0.000000000E+00 1.022585909E+05 -1.319912488E+02 

CH2NH : C 1 H 3 N 1 # from NEWNASA
-1.810424261E+05 3.186778550E+03 -1.684039008E+01 5.947849390E-02 -6.731650330E-05 4.165763400E-08 -1.071110819E-11 0.000000000E+00 2.876642336E+04 1.171795584E+02 2.523494975E+06 -1.052678545E+04 1.878485273E+01 -1.801130430E-03 3.233309750E-07 -3.114560988E-11 1.245244861E-15 0.000000000E+00 1.069485870E+05 -1.025943173E+02

CH2NH2 : C 1 H 4 N 1 # from NEWNASA
-7.345663930E+04 1.503968096E+03 -8.484052030E+00 4.798561780E-02 -5.722493840E-05 3.760257480E-08 -1.008589320E-11 0.000000000E+00 9.906931030E+03 7.009616570E+01 3.526590080E+06 -1.275202446E+04 2.159878940E+01 -1.293222568E-03 1.503421198E-07 -6.607464540E-12 -4.667439380E-17 0.000000000E+00 9.480049710E+04 -1.195585776E+02

H2CN : C 1 H 2 N 1 # from NEWNASA
-4.976569820E+04 1.079598613E+03 -4.435666470E+00 2.739618294E-02 -3.069718919E-05 1.958942975E-08 -5.275246900E-12 0.000000000E+00 2.271486485E+04 4.862505440E+01 1.628924447E+06 -6.879205550E+03 1.390059717E+01 -1.254694310E-03 2.348440178E-07 -2.422238483E-11 1.099647475E-15 0.000000000E+00 6.889766740E+04 -6.675316860E+01

C3H2 : C 3 H 2 # from NEWNASA
-7.475493470E+04 1.984159872E+03 -1.384831679E+01 6.554079660E-02 -8.546902360E-05 5.789309030E-08 -1.581692661E-11 0.000000000E+00 4.997987960E+04 9.739490550E+01 1.311644462E+06 -6.773031980E+03 1.655256869E+01 -1.040799983E-03 1.733811978E-07 -1.528960361E-11 5.520775140E-16 0.000000000E+00 9.751486110E+04 -8.156214600E+01  

C3H4 : C 3 H 4 # propyne
-3.563884400E+04 8.328139100E+02 -4.073759440E+00 4.113929610E-02 -4.470444950E-05 2.847458197E-08 -7.695298240E-12 0.                1.710206236E+04 4.516720950E+01 3.710441420E+06 -1.489145507E+04 2.732397127E+01 -2.645264770E-03 4.858300350E-07 -4.794128480E-11 1.964338121E-15  0.              1.104898462E+05 -1.567992462E+02  

CH2CCH2 : C 3 H 4
-1.645155745E+04 9.629457810E+02 -7.532326680E+00 5.518219110E-02 -6.733585120E-05 4.532709050E-08 -1.251837614E-11 0.              1.772494269E+04 6.151969760E+01 3.479355100E+06 -1.430412453E+04 2.702534756E+01 -2.557412369E-03 4.706646750E-07 -4.651688070E-11 1.908219044E-15  0.              1.072312354E+05 -1.548846158E+02

C3H5 : C 3 H 5
-4.315996140E+04 1.441600907E+03 -1.197014426E+01 7.319796460E-02 -9.066357850E-05 6.077059450E-08 -1.658826363E-11 0.               1.232157460E+04 8.563173240E+01 4.094570590E+06 -1.676676186E+04 3.123006342E+01 -2.885449982E-03 5.211343540E-07 -5.058284220E-11 2.039932554E-15  0.               1.185720481E+05 -1.823070197E+02

C3H7 : C 3 H 7       
-1.895337073E+05 3.949517260E+03 -2.606216089E+01 1.121920441E-01 -1.365292213E-04 9.023662720E-08 -2.441056990E-11 0.              -7.227877440E+03 1.673705556E+02 5.646512940E+06 -2.291087136E+04 3.987275180E+01 -4.106232870E-03 7.562557770E-07 -7.478263020E-11 3.068983677E-15  0.               1.483006853E+05 -2.403781190E+02

C3H8 : C 3 H 8
-2.433144337E+05 4.656270810E+03 -2.939466091E+01 1.188952745E-01 -1.376308269E-04 8.814823910E-08 -2.342987994E-11 0.              -3.540335270E+04 1.841749277E+02 6.420731680E+06 -2.659791134E+04 4.534356840E+01 -5.020663920E-03 9.471216940E-07 -9.575405230E-11 4.009672880E-15  0.               1.455582459E+05 -2.818374734E+02

C4H : C 4 H 1 # from NEWNASA
 1.646428324E+05 -2.708052973E+03 1.831020148E+01 -1.677919715E-02 2.341628855E-05 -1.455695475E-08 3.446236870E-12 0.000000000E+00 1.049003661E+05 -7.759702220E+01 1.461934152E+06 -6.242989640E+03 1.700832496E+01 -1.121645872E-03 2.072685253E-07 -2.057508361E-11 8.478189300E-16 0.000000000E+00 1.288805587E+05 -7.952742270E+01

C4H2 : C 4 H 2 # from NEWNASA
 2.331851136E+05 -3.706046890E+03 2.253101750E+01 -1.889758625E-02 2.311389001E-05 -1.224928713E-08 2.370230241E-12 0.000000000E+00 7.120772870E+04 -1.047726493E+02 2.236851856E+06 -8.732391080E+03 2.099602069E+01 -1.302876553E-03 2.162276598E-07 -1.912757283E-11 6.975727880E-16 0.000000000E+00 1.057187137E+05 -1.078239930E+02

C4H3 : C 4 H 3 # from NEWNASA
 1.156433024E+05 -1.454953016E+03 7.335993470E+00 2.387528316E-02 -3.170362770E-05 2.379663792E-08 -7.161490660E-12 0.000000000E+00 7.098569060E+04 -1.804455120E+01 2.754301124E+06 -1.117359229E+04 2.452419326E+01 -1.518164983E-03 2.351337444E-07 -1.899825951E-11 6.138890240E-16 0.000000000E+00 1.301420887E+05 -1.296036527E+02

C4H4 : C 4 H 4 # from NEWNASA
6.782249670E+03 3.865120400E+02 -3.947149200E+00 5.350389380E-02 -6.584167990E-05 4.476703120E-08 -1.244989595E-11 0.000000000E+00 3.173974370E+04 4.378073320E+01 3.666653130E+06 -1.489937021E+04 2.942062642E+01 -2.060279355E-03 3.236552160E-07 -2.667851899E-11 8.875351060E-16 0.000000000E+00 1.220582183E+05 -1.658715955E+02

C4H5 : C 4 H 5 # from NEWNASA
-9.444714610E+04 1.473884393E+03 -6.849270930E+00 5.797307110E-02 -6.047931180E-05 3.528217200E-08 -8.695133550E-12 0.000000000E+00 2.951803522E+04 6.388608490E+01 3.661303180E+06 -1.600641756E+04 3.321484570E+01 -2.696524762E-03 4.822783980E-07 -4.637439350E-11 1.853408040E-15 0.000000000E+00 1.310663241E+05 -1.886787190E+02

C4H6 : C 4 H 6 # from NEWNASA
-2.428643465E+05 4.555053620E+03 -2.830755323E+01 1.169784096E-01 -1.392211966E-04 8.957588700E-08 -2.366602763E-11 0.000000000E+00 -9.132482260E+03 1.810422236E+02 5.008466620E+06 -2.098021125E+04 3.828384500E+01 -3.115938116E-03 5.221897620E-07 -4.853884770E-11 1.895124239E-15 0.000000000E+00 1.370573782E+05 -2.276839761E+02

C4H8 : C 4 H 8 # from NEWNASA
-3.057715067E+05 5.650790040E+03 -3.647015370E+01 1.496114647E-01 -1.827187131E-04 1.206020533E-07 -3.263786930E-11 0.000000000E+00 -2.955071456E+04 2.221113269E+02 5.909747520E+06 -2.572239247E+04 4.729471840E+01 -4.483842240E-03 8.084912640E-07 -7.804345900E-11 3.121179651E-15 0.000000000E+00 1.491319443E+05 -2.903831777E+02

C4H9 : C 4 H 9 # from NEWNASA (only 5 constants!)
 0.000000000E+00 0.000000000E+00 3.246800720E+00 2.375211555E-02 3.198663650E-05 -5.959778650E-08 2.627466183E-11 0.000000000E+00 6.673257560E+03 1.011447720E+01 0.000000000E+00 0.000000000E+00 9.886194540E+00 2.250541045E-02 -7.914261140E-06 1.259810617E-09 -7.472635650E-14 0.000000000E+00 4.012993870E+03 -2.825019524E+01

C4H10 : C 4 H 10
 -3.175872540E+05 6.176331820E+03 -3.891562120E+01 1.584654284E-01 -1.860050159E-04 1.199676349E-07 -3.201670550E-11  0.             -4.540363390E+04 2.379488665E+02 7.682322450E+06 -3.256051510E+04 5.736732750E+01 -6.197916810E-03 1.180186048E-06 -1.221893698E-10 5.250635250E-15  0.               1.774526560E+05 -3.587918760E+02
 
CH2CN : C 2 H 2 N 1 # from NEWNASA
-3.693721460E+03 7.902406330E+01 2.022406508E+00 1.957375619E-02 -2.106660784E-05 1.343219698E-08 -3.666510380E-12 0.000000000E+00 2.922887882E+04 1.447901336E+01 1.745376887E+06 -7.458452000E+03 1.720148106E+01 -1.341338527E-03 2.468771780E-07 -2.437053814E-11 9.977513240E-16 0.000000000E+00 7.384960760E+04 -8.321026210E+01

CH3CN : C 2 H 3 N 1 # from NEWNASA
-1.122737345E+05 1.920539504E+03 -8.910690360E+00 4.578222820E-02 -4.921556410E-05 3.034707254E-08 -7.977792750E-12 0.000000000E+00 -1.413648262E+03 7.412277070E+01 2.832369559E+06 -1.211419144E+04 2.303101482E+01 -2.310227322E-03 4.369402830E-07 -4.424067510E-11 1.854072785E-15 0.000000000E+00 8.003506850E+04 -1.276833918E+02

CH3NO : C 1 H 3 N 1 O 1 # from NEWNASA
-1.056988650E+05 2.085290775E+03 -1.218169265E+01 5.626677280E-02 -6.314439230E-05 3.839436910E-08 -9.626084980E-12 0.000000000E+00 -3.342128810E+04 9.131209300E+01 2.436105227E+06 -9.807698960E+03 1.895007994E+01 4.209331460E-04 -3.703145980E-07 6.299467130E-11 -3.535530950E-15 0.000000000E+00 3.479916700E+04 -9.953037290E+01

C3H3 : C 3 H 3 # from NEWNASA
 6.326989780E+04 -9.959016780E+02 7.487944140E+00 1.385758206E-02 -1.688278802E-05 1.308877150E-08 -4.131190300E-12 0.000000000E+00 4.543945440E+04 -1.826767968E+01 2.611348381E+06 -1.011185570E+04 2.131950193E+01 -1.575470401E-03 2.675066509E-07 -2.425186264E-11 9.085839020E-16 0.000000000E+00 1.015783520E+05 -1.114587226E+02

C3H6 : C 3 H 6 # from NEWNASA
-1.912462174E+05 3.542074240E+03 -2.114878626E+01 8.901484790E-02 -1.001429154E-04 6.267959390E-08 -1.637870781E-11  0.              -1.529961824E+04 1.407641382E+02 5.017620340E+06 -2.086084035E+04 3.644156340E+01 -3.881191170E-03 7.278677190E-07 -7.321204500E-11 3.052176369E-15   0.              1.261245355E+05 -2.195715757E+02 

C2H3O : C 2 H 3 O 1 # from NEWNASA
-1.690943318E+05 3.598590680E+03 -2.415994141E+01 9.496480590E-02 -1.214286347E-04 8.100213950E-08 -2.184447090E-11 0.000000000E+00 2.616433556E+03 1.555550362E+02 2.128234000E+06 -1.005583145E+04 2.113582112E+01 -1.460789489E-03 2.351904524E-07 -1.991372381E-11 6.838252120E-16 0.000000000E+00 7.748407760E+04 -1.127030193E+02

CH3CHO : C 2 H 4 O 1
-1.373904369E+05 2.559937679E+03 -1.340470172E+01 5.922128620E-02 -6.240006050E-05 3.703324410E-08 -9.342697410E-12  0.             -3.318731310E+04 1.007417652E+02 3.321176590E+06 -1.449719957E+04 2.708421279E+01 -2.879320054E-03 5.556309920E-07 -5.732674880E-11 2.443965239E-15 0.                6.507755640E+04 -1.536236027E+02

C2H4OH : C 2 H 5 O 1 # from NEWNASA C2H5O  CH2CH2OH  CAS# 4422-54-2 HF298=-25.82+/-0.6  kJ ATcT C 2011   
-1.449854255E+05 2.720687859E+03 -1.515045825E+01 7.596988150E-02 -9.325772530E-05 6.232838650E-08 -1.703870726E-11 0.000000000E+00 -1.724379655E+04 1.114048960E+02 3.768859150E+06 -1.514941723E+04 2.864932438E+01 -2.159557275E-03 3.460511120E-07 -2.917290398E-11 9.924029270E-16 0.000000000E+00 8.635748870E+04 -1.592129877E+02

CH2CO : C 2 H 2 O 1 # CH2CO,ketene      D0(H2C=CO): Ruscic,1999. Duncan,1987.
 3.549598090E+04 -4.063062830E+02 3.718921920E+00 1.583501817E-02 -1.726195691E-05 1.157376959E-08 -3.305842630E-12 0.000000000E+00 -5.209992580E+03 3.839604220E+00 2.013564915E+06 -8.200887460E+03 1.759694074E+01 -1.464544521E-03 2.695886969E-07 -2.665674840E-11 1.094204522E-15  0.000000000E+00 4.177776880E+04 -8.725803580E+01

CH2CHO : C 2 H 3 O 1 # CH2=CHO*  Vinyl-Oxy radical HF298=3.048  kcal  Burcat G3B3    
-8.571233740E+04 1.693439410E+03 -9.814733180E+00 5.378622230E-02 -6.321376500E-05 4.028270780E-08 -1.057166173E-11 0.000000000E+00 -7.382702990E+03 7.868486870E+01 2.444527789E+06 -1.055828110E+04 2.160883135E+01 -1.683308971E-03 2.905578803E-07 -2.685860497E-11 1.028908326E-15 0.000000000E+00 6.288537110E+04 -1.148573062E+02

H2O2 : H 2 O 2
-9.279533580E+04 1.564748385E+03 -5.976460140E+00 3.270744520E-02 -3.932193260E-05 2.509255235E-08 -6.465045290E-12 0.              -2.494004728E+04 5.877174180E+01 1.489428027E+06 -5.170821780E+03 1.128204970E+01 -8.042397790E-05 -1.818383769E-08 6.947265590E-12 -4.827831900E-16 0.               1.418251038E+04 -4.650855660E+01   

HC3N : C 3 H 1 N 1 # from NEWNASA
 1.790375913E+05 -2.774379850E+03 1.741345965E+01 -1.257670664E-02 1.519433093E-05 -7.549862690E-09 1.248968939E-12 0.000000000E+00 5.596479150E+04 -7.454819530E+01 1.580169162E+06 -6.500524190E+03 1.690821764E+01 -1.010038617E-03 1.721322862E-07 -1.570147037E-11 5.931071320E-16 0.000000000E+00 8.120065870E+04 -8.033854750E+01  

C2H2CN : C 3 H 2 N 1  #  from NEWNASA C3H2N Cyano-Ethylene Radical CH=CHCN Burcat B3G3 calc. HF298=105.84 kcal  
5.427763760E+04 -4.316065810E+02 2.290433084E+00 2.732465128E-02 -3.391924270E-05 2.372228741E-08 -6.823899020E-12 0.000000000E+00 5.426276500E+04 1.168993068E+01 2.021101796E+06 -8.873126020E+03 2.030207069E+01 -1.467790444E-03 2.579772252E-07 -2.427903679E-11 9.469285870E-16 0.000000000E+00 1.041053887E+05 -1.022750190E+02

C2H3CN : C 3 H 3 N 1  #  from NEWNASA  C3H3N CyanoEthylene (Acrilonitrile) CH2=CHCN Burcat B3G3 calc. HF298=43.986 kcal   
-6.141067990E+04 1.496759589E+03 -9.333045730E+00 5.746756960E-02 -6.836191360E-05 4.469700270E-08 -1.207068306E-11 0.000000000E+00 1.415031975E+04 7.505041790E+01 2.935627353E+06 -1.261355154E+04 2.521076683E+01 -2.015574396E-03 3.479209240E-07 -3.213999960E-11 1.229663624E-15 0.000000000E+00 9.568031840E+04 -1.391616150E+02

H2NN : H 2 N 2 # from NEWNASA N2H2 Isodiazene H2NN  HF298=300.938+/-0.785kJ ATcT C 2011  
 -7.471920660E+04 1.220240359E+03 -3.248222220E+00 1.734912321E-02 -1.078951510E-05 3.168949910E-09 -2.711358039E-13 0.000000000E+00 2.927780250E+04 4.369680870E+01 1.951578205E+06 -8.101394500E+03 1.487191113E+01 -1.660076800E-03 3.252778760E-07 -3.404561360E-11 1.470844144E-15 0.000000000E+00 8.412143550E+04 -7.532980720E+01

TiO : O 1 Ti 1 #
-1.168152460E+04 4.542565650E+02 -1.139144613E-01 1.275432333E-02 -1.727656935E-05 1.187369403E-08 -3.236579370E-12  0.            2.924306353E+03 2.702903947E+01 2.330644030E+06 -7.415793860E+03 1.281799311E+01 -4.344555950E-03 1.186303111E-06 -1.367644275E-10 5.703212250E-15   0.            5.144841360E+04 -5.793994240E+01

TiO2 : O 2 Ti 1 #
-1.710545601E+03 2.721435528E+02 5.961378960E-01 1.925463599E-02 -2.665500165E-05 1.811109197E-08 -4.876710470E-12 0.             -3.912241770E+04 2.408605889E+01 1.546299764E+05 -1.046256880E+03 7.788985830E+00 -1.546805714E-04 -7.059935950E-08 3.100244802E-11 -2.494725430E-15 0.              -3.266336750E+04 -1.591534660E+01

VO : O 1 V 1 #
-1.311619784E+04 3.747816970E+02 9.300834860E-02 1.244977714E-02 -1.688540028E-05 1.142443381E-08 -3.040589320E-12 0.             1.523789920E+04 2.536811755E+01 2.986190283E+06 -1.011344974E+04 1.718161749E+01 -7.876705030E-03 2.562279547E-06 -3.547400350E-10 1.770268056E-14  0.              7.961254880E+04 -8.789993010E+01

Cl2 : Cl 1 #
3.462815170E+04 -5.547126520E+02 6.207589370E+00 -2.989632078E-03 3.173027290E-06-1.793629562E-09 4.260043590E-13 0.              1.534069331E+03 -9.438331107E+00 6.092569420E+06 -1.949627662E+04 2.854535795E+01 -1.449968764E-02 4.463890770E-06 -6.358525860E-10 3.327360290E-14 0.              1.212117724E+05 -1.690778824E+02

HCl : H 1 Cl 1#
2.062588287E+04 -3.093368855E+02 5.275418850E+00 -4.828874220E-03 6.195794600E-06 -3.040023782E-09 4.916790030E-13 0.             -1.067782299E+04 -7.309305408E+00 9.157749510E+05 -2.770550211E+03 5.973539790E+00 -3.629810060E-04 4.735529190E-08 2.810262054E-12 -6.656104220E-16 0.              5.674958050E+03 -1.642825822E+01

HOCl : Cl 1 H 1 O 1 # Hf:Gurvich,1989 pt1 p187. Jacox,1998 p155. 
-9.739307430E+03 3.547569520E+02 1.539514254E-01 1.617051795E-02 -2.179693631E-05 1.509103049E-08 -4.125383510E-12 0.             -1.176323791E+04 2.473257759E+01 8.530457810E+05 -2.847760552E+03 7.948329040E+00 -1.048782013E-04 -1.482405043E-08 4.591678270E-12 -3.060073987E-16  0.             7.250964950E+03  -2.249831690E+01

CCl : Cl 1 C 1 #
1.707070049E+04 -1.463803497E+01 2.334108251E+00 7.202099130E-03 -1.034120045E-05 7.228106700E-09 -1.985123755E-12 0.               5.123350300E+04 1.200820386E+01 5.900507630E+05 -2.075311460E+03 6.880017230E+00 -1.294796228E-03 3.883137980E-07 -5.006981630E-11 2.218229619E-15  0.              6.358922050E+04 -1.610664472E+01

CHCl : Cl 1 H 1 C 1 # CHCL              Hf:TRC(12/93) w7270.Gurvich,1991. Jacox,1998. 
-2.699912334E+05 4.351199730E+03 -2.275911813E+01 7.550621760E-02 -9.071997970E-05 5.256971860E-08 -1.189769182E-11 0.              1.416862680E+04 1.520980812E+02 -9.548061900E+05 2.174413794E+03 4.867645370E+00  8.321641860E-04 -1.536948638E-07 1.529236537E-11 -6.596159360E-16  0.              1.880121810E+04 2.674761385E+00

CH2Cl : Cl 1 H 2 C 1 # CH2CL Gurvich,1991 pt1 p122. Jacox,1998.  
-3.188585630E+04 6.333163210E+02 -1.164065495E+00 2.160586080E-02 -2.545462163E-05 1.693887757E-08 -4.660078600E-12 0.              1.020142540E+04 3.230835289E+01 1.662438334E+06 -6.441125720E+03 1.359753722E+01 -1.140536810E-03 2.087760159E-07 -2.052347186E-11 8.375772270E-16  0.              5.212906120E+04 -6.148586271E+01

CH3Cl : Cl 1 H 3 C 1 # Gurvich,1991 pt1 p122 pt2 p95.  
-9.841971100E+04 1.983700841E+03 -1.084512305E+01 4.777980050E-02 -5.515516260E-05 3.506176140E-08 -9.236103960E-12 0.             -1.994689506E+04 8.399658331E+01 2.522463305E+06 -1.030115447E+04 1.882725852E+01 -1.872291294E-03 3.473372860E-07 -3.458887220E-11 1.428941079E-15  0.              5.111417410E+04 -1.006571389E+02

HF : 

FO : 

CF :

CFN : 

CFO :

CH3F :

ClF :

CHF : 

CHFO :

H2S :

COS : 

CS : 

CS2 : 

HS :

NS : 

SO :

SO2 :

SO3 :

S2 :

S3 :

S4 :

S5 :

S6 :

S7 :

S8 :
******
K :		

MgH :

Na :

PH3 :

SiH : 

SiO : 

           