#lambda (nm)  cross(cm^2)
20.0          2.001E-22
20.1          1.987E-22
20.2          1.973E-22
20.3          1.959E-22
20.4          1.946E-22
20.5          1.933E-22
20.6          1.921E-22
20.7          1.908E-22
20.8          1.896E-22
20.9          1.884E-22
21.0          1.871E-22
21.1          1.859E-22
21.2          1.847E-22
21.3          1.835E-22
21.4          1.824E-22
21.5          1.812E-22
21.6          1.800E-22
21.7          1.789E-22
21.8          1.777E-22
21.9          1.766E-22
22.0          1.754E-22
22.1          1.743E-22
22.2          1.732E-22
22.3          1.721E-22
22.4          1.710E-22
22.5          1.699E-22
22.6          1.688E-22
22.7          1.677E-22
22.8          1.667E-22
22.9          1.656E-22
23.0          1.646E-22
23.1          1.635E-22
23.2          1.625E-22
23.3          1.615E-22
23.4          1.604E-22
23.5          1.594E-22
23.6          1.584E-22
23.7          1.574E-22
23.8          1.564E-22
23.9          1.555E-22
24.0          1.545E-22
24.1          1.535E-22
24.2          1.525E-22
24.3          1.516E-22
24.4          1.506E-22
24.5          1.497E-22
24.6          1.488E-22
24.7          1.478E-22
24.8          1.469E-22
24.9          1.460E-22
25.0          1.451E-22
25.1          1.442E-22
25.2          1.433E-22
25.3          1.424E-22
25.4          1.415E-22
25.5          1.407E-22
25.6          1.398E-22
25.7          1.389E-22
25.8          1.381E-22
25.9          1.372E-22
26.0          1.364E-22
26.1          1.355E-22
26.2          1.347E-22
26.3          1.339E-22
26.4          1.330E-22
26.5          1.322E-22
26.6          1.314E-22
26.7          1.306E-22
26.8          1.298E-22
26.9          1.290E-22
27.0          1.282E-22
27.1          1.275E-22
27.2          1.267E-22
27.3          1.259E-22
27.4          1.252E-22
27.5          1.244E-22
27.6          1.236E-22
27.7          1.229E-22
27.8          1.222E-22
27.9          1.214E-22
28.0          1.207E-22
28.1          1.200E-22
28.2          1.192E-22
28.3          1.185E-22
28.4          1.178E-22
28.5          1.171E-22
28.6          1.164E-22
28.7          1.157E-22
28.8          1.150E-22
28.9          1.143E-22
29.0          1.136E-22
29.1          1.130E-22
29.2          1.123E-22
29.3          1.116E-22
29.4          1.110E-22
29.5          1.103E-22
29.6          1.096E-22
29.7          1.090E-22
29.8          1.083E-22
29.9          1.077E-22
30.0          1.071E-22
30.1          1.064E-22
30.2          1.058E-22
30.3          1.052E-22
30.4          1.046E-22
30.5          1.040E-22
30.6          1.033E-22
30.7          1.027E-22
30.8          1.021E-22
30.9          1.015E-22
31.0          1.009E-22
31.1          1.004E-22
31.2          9.977E-23
31.3          9.918E-23
31.4          9.861E-23
31.5          9.803E-23
31.6          9.746E-23
31.7          9.690E-23
31.8          9.633E-23
31.9          9.578E-23
32.0          9.522E-23
32.1          9.467E-23
32.2          9.412E-23
32.3          9.358E-23
32.4          9.304E-23
32.5          9.251E-23
32.6          9.197E-23
32.7          9.145E-23
32.8          9.092E-23
32.9          9.040E-23
33.0          8.988E-23
33.1          8.937E-23
33.2          8.886E-23
33.3          8.835E-23
33.4          8.784E-23
33.5          8.734E-23
33.6          8.685E-23
33.7          8.635E-23
33.8          8.586E-23
33.9          8.538E-23
34.0          8.489E-23
34.1          8.441E-23
34.2          8.393E-23
34.3          8.346E-23
34.4          8.299E-23
34.5          8.252E-23
34.6          8.205E-23
34.7          8.159E-23
34.8          8.113E-23
34.9          8.068E-23
35.0          8.023E-23
35.1          7.978E-23
35.2          7.933E-23
35.3          7.889E-23
35.4          7.845E-23
35.5          7.801E-23
35.6          7.757E-23
35.7          7.714E-23
35.8          7.671E-23
35.9          7.628E-23
36.0          7.586E-23
36.1          7.544E-23
36.2          7.502E-23
36.3          7.461E-23
36.4          7.420E-23
36.5          7.379E-23
36.6          7.338E-23
36.7          7.297E-23
36.8          7.257E-23
36.9          7.217E-23
37.0          7.178E-23
37.1          7.138E-23
37.2          7.099E-23
37.3          7.060E-23
37.4          7.022E-23
37.5          6.983E-23
37.6          6.945E-23
37.7          6.907E-23
37.8          6.870E-23
37.9          6.832E-23
38.0          6.795E-23
38.1          6.758E-23
38.2          6.722E-23
38.3          6.685E-23
38.4          6.649E-23
38.5          6.613E-23
38.6          6.577E-23
38.7          6.542E-23
38.8          6.507E-23
38.9          6.471E-23
39.0          6.437E-23
39.1          6.402E-23
39.2          6.368E-23
39.3          6.334E-23
39.4          6.300E-23
39.5          6.266E-23
39.6          6.232E-23
39.7          6.199E-23
39.8          6.166E-23
39.9          6.133E-23
40.0          6.101E-23
40.1          6.068E-23
40.2          6.036E-23
40.3          6.004E-23
40.4          5.972E-23
40.5          5.941E-23
40.6          5.909E-23
40.7          5.878E-23
40.8          5.847E-23
40.9          5.816E-23
41.0          5.785E-23
41.1          5.755E-23
41.2          5.725E-23
41.3          5.695E-23
41.4          5.665E-23
41.5          5.635E-23
41.6          5.606E-23
41.7          5.576E-23
41.8          5.547E-23
41.9          5.518E-23
42.0          5.490E-23
42.1          5.461E-23
42.2          5.433E-23
42.3          5.404E-23
42.4          5.376E-23
42.5          5.349E-23
42.6          5.321E-23
42.7          5.293E-23
42.8          5.266E-23
42.9          5.239E-23
43.0          5.212E-23
43.1          5.185E-23
43.2          5.158E-23
43.3          5.132E-23
43.4          5.105E-23
43.5          5.079E-23
43.6          5.053E-23
43.7          5.027E-23
43.8          5.002E-23
43.9          4.976E-23
44.0          4.951E-23
44.1          4.926E-23
44.2          4.901E-23
44.3          4.876E-23
44.4          4.851E-23
44.5          4.826E-23
44.6          4.802E-23
44.7          4.778E-23
44.8          4.753E-23
44.9          4.729E-23
45.0          4.705E-23
45.1          4.682E-23
45.2          4.658E-23
45.3          4.635E-23
45.4          4.612E-23
45.5          4.588E-23
45.6          4.565E-23
45.7          4.543E-23
45.8          4.520E-23
45.9          4.497E-23
46.0          4.475E-23
46.1          4.452E-23
46.2          4.430E-23
46.3          4.408E-23
46.4          4.386E-23
46.5          4.365E-23
46.6          4.343E-23
46.7          4.321E-23
46.8          4.300E-23
46.9          4.279E-23
47.0          4.258E-23
47.1          4.237E-23
47.2          4.216E-23
47.3          4.195E-23
47.4          4.174E-23
47.5          4.154E-23
47.6          4.134E-23
47.7          4.113E-23
47.8          4.093E-23
47.9          4.073E-23
48.0          4.053E-23
48.1          4.034E-23
48.2          4.014E-23
48.3          3.994E-23
48.4          3.975E-23
48.5          3.956E-23
48.6          3.936E-23
48.7          3.917E-23
48.8          3.898E-23
48.9          3.880E-23
49.0          3.861E-23
49.1          3.842E-23
49.2          3.824E-23
49.3          3.805E-23
49.4          3.787E-23
49.5          3.769E-23
49.6          3.751E-23
49.7          3.733E-23
49.8          3.715E-23
49.9          3.697E-23
50.0          3.679E-23
50.1          3.662E-23
50.2          3.644E-23
50.3          3.627E-23
50.4          3.610E-23
50.5          3.593E-23
50.6          3.576E-23
50.7          3.559E-23
50.8          3.542E-23
50.9          3.525E-23
51.0          3.508E-23
51.1          3.492E-23
51.2          3.475E-23
51.3          3.459E-23
51.4          3.443E-23
51.5          3.426E-23
51.6          3.410E-23
51.7          3.394E-23
51.8          3.378E-23
51.9          3.363E-23
52.0          3.347E-23
52.1          3.331E-23
52.2          3.316E-23
52.3          3.300E-23
52.4          3.285E-23
52.5          3.270E-23
52.6          3.254E-23
52.7          3.239E-23
52.8          3.224E-23
52.9          3.209E-23
53.0          3.195E-23
53.1          3.180E-23
53.2          3.165E-23
53.3          3.151E-23
53.4          3.136E-23
53.5          3.122E-23
53.6          3.107E-23
53.7          3.093E-23
53.8          3.079E-23
53.9          3.065E-23
54.0          3.051E-23
54.1          3.037E-23
54.2          3.023E-23
54.3          3.009E-23
54.4          2.996E-23
54.5          2.982E-23
54.6          2.968E-23
54.7          2.955E-23
54.8          2.942E-23
54.9          2.928E-23
55.0          2.915E-23
55.1          2.902E-23
55.2          2.889E-23
55.3          2.876E-23
55.4          2.863E-23
55.5          2.850E-23
55.6          2.837E-23
55.7          2.824E-23
55.8          2.812E-23
55.9          2.799E-23
56.0          2.787E-23
56.1          2.774E-23
56.2          2.762E-23
56.3          2.749E-23
56.4          2.737E-23
56.5          2.725E-23
56.6          2.713E-23
56.7          2.701E-23
56.8          2.689E-23
56.9          2.677E-23
57.0          2.665E-23
57.1          2.653E-23
57.2          2.642E-23
57.3          2.630E-23
57.4          2.618E-23
57.5          2.607E-23
57.6          2.595E-23
57.7          2.584E-23
57.8          2.573E-23
57.9          2.561E-23
58.0          2.550E-23
58.1          2.539E-23
58.2          2.528E-23
58.3          2.517E-23
58.4          2.506E-23
58.5          2.495E-23
58.6          2.484E-23
58.7          2.474E-23
58.8          2.463E-23
58.9          2.452E-23
59.0          2.442E-23
59.1          2.431E-23
59.2          2.421E-23
59.3          2.410E-23
59.4          2.400E-23
59.5          2.389E-23
59.6          2.379E-23
59.7          2.369E-23
59.8          2.359E-23
59.9          2.349E-23
60.0          2.339E-23
60.1          2.329E-23
60.2          2.319E-23
60.3          2.309E-23
60.4          2.299E-23
60.5          2.289E-23
60.6          2.279E-23
60.7          2.270E-23
60.8          2.260E-23
60.9          2.251E-23
61.0          2.241E-23
61.1          2.232E-23
61.2          2.222E-23
61.3          2.213E-23
61.4          2.204E-23
61.5          2.194E-23
61.6          2.185E-23
61.7          2.176E-23
61.8          2.167E-23
61.9          2.158E-23
62.0          2.149E-23
62.1          2.140E-23
62.2          2.131E-23
62.3          2.122E-23
62.4          2.113E-23
62.5          2.104E-23
62.6          2.096E-23
62.7          2.087E-23
62.8          2.078E-23
62.9          2.070E-23
63.0          2.061E-23
63.1          2.052E-23
63.2          2.044E-23
63.3          2.036E-23
63.4          2.027E-23
63.5          2.019E-23
63.6          2.011E-23
63.7          2.002E-23
63.8          1.994E-23
63.9          1.986E-23
64.0          1.978E-23
64.1          1.970E-23
64.2          1.962E-23
64.3          1.954E-23
64.4          1.946E-23
64.5          1.938E-23
64.6          1.930E-23
64.7          1.922E-23
64.8          1.914E-23
64.9          1.907E-23
65.0          1.899E-23
65.1          1.891E-23
65.2          1.884E-23
65.3          1.876E-23
65.4          1.869E-23
65.5          1.861E-23
65.6          1.854E-23
65.7          1.846E-23
65.8          1.839E-23
65.9          1.831E-23
66.0          1.824E-23
66.1          1.817E-23
66.2          1.809E-23
66.3          1.802E-23
66.4          1.795E-23
66.5          1.788E-23
66.6          1.781E-23
66.7          1.774E-23
66.8          1.767E-23
66.9          1.760E-23
67.0          1.753E-23
67.1          1.746E-23
67.2          1.739E-23
67.3          1.732E-23
67.4          1.725E-23
67.5          1.719E-23
67.6          1.712E-23
67.7          1.705E-23
67.8          1.698E-23
67.9          1.692E-23
68.0          1.685E-23
68.1          1.679E-23
68.2          1.672E-23
68.3          1.666E-23
68.4          1.659E-23
68.5          1.653E-23
68.6          1.646E-23
68.7          1.640E-23
68.8          1.634E-23
68.9          1.627E-23
69.0          1.621E-23
69.1          1.615E-23
69.2          1.608E-23
69.3          1.602E-23
69.4          1.596E-23
69.5          1.590E-23
69.6          1.584E-23
69.7          1.578E-23
69.8          1.572E-23
69.9          1.566E-23
70.0          1.560E-23
70.1          1.554E-23
70.2          1.548E-23
70.3          1.542E-23
70.4          1.536E-23
70.5          1.530E-23
70.6          1.524E-23
70.7          1.519E-23
70.8          1.513E-23
70.9          1.507E-23
71.0          1.502E-23
71.1          1.496E-23
71.2          1.490E-23
71.3          1.485E-23
71.4          1.479E-23
71.5          1.474E-23
71.6          1.468E-23
71.7          1.462E-23
71.8          1.457E-23
71.9          1.452E-23
72.0          1.446E-23
72.1          1.441E-23
72.2          1.435E-23
72.3          1.430E-23
72.4          1.425E-23
72.5          1.419E-23
72.6          1.414E-23
72.7          1.409E-23
72.8          1.404E-23
72.9          1.399E-23
73.0          1.393E-23
73.1          1.388E-23
73.2          1.383E-23
73.3          1.378E-23
73.4          1.373E-23
73.5          1.368E-23
73.6          1.363E-23
73.7          1.358E-23
73.8          1.353E-23
73.9          1.348E-23
74.0          1.343E-23
74.1          1.338E-23
74.2          1.333E-23
74.3          1.329E-23
74.4          1.324E-23
74.5          1.319E-23
74.6          1.314E-23
74.7          1.309E-23
74.8          1.305E-23
74.9          1.300E-23
75.0          1.295E-23
75.1          1.291E-23
75.2          1.286E-23
75.3          1.281E-23
75.4          1.277E-23
75.5          1.272E-23
75.6          1.268E-23
75.7          1.263E-23
75.8          1.259E-23
75.9          1.254E-23
76.0          1.250E-23
76.1          1.245E-23
76.2          1.241E-23
76.3          1.236E-23
76.4          1.232E-23
76.5          1.228E-23
76.6          1.223E-23
76.7          1.219E-23
76.8          1.215E-23
76.9          1.210E-23
77.0          1.206E-23
77.1          1.202E-23
77.2          1.198E-23
77.3          1.193E-23
77.4          1.189E-23
77.5          1.185E-23
77.6          1.181E-23
77.7          1.177E-23
77.8          1.173E-23
77.9          1.168E-23
78.0          1.164E-23
78.1          1.160E-23
78.2          1.156E-23
78.3          1.152E-23
78.4          1.148E-23
78.5          1.144E-23
78.6          1.140E-23
78.7          1.136E-23
78.8          1.133E-23
78.9          1.129E-23
79.0          1.125E-23
79.1          1.121E-23
79.2          1.117E-23
79.3          1.113E-23
79.4          1.109E-23
79.5          1.106E-23
79.6          1.102E-23
79.7          1.098E-23
79.8          1.094E-23
79.9          1.091E-23
80.0          1.087E-23
80.1          1.083E-23
80.2          1.079E-23
80.3          1.076E-23
80.4          1.072E-23
80.5          1.069E-23
80.6          1.065E-23
80.7          1.061E-23
80.8          1.058E-23
80.9          1.054E-23
81.0          1.051E-23
81.1          1.047E-23
81.2          1.044E-23
81.3          1.040E-23
81.4          1.037E-23
81.5          1.033E-23
81.6          1.030E-23
81.7          1.026E-23
81.8          1.023E-23
81.9          1.019E-23
82.0          1.016E-23
82.1          1.013E-23
82.2          1.009E-23
82.3          1.006E-23
82.4          1.003E-23
82.5          9.993E-24
82.6          9.960E-24
82.7          9.927E-24
82.8          9.894E-24
82.9          9.862E-24
83.0          9.829E-24
83.1          9.797E-24
83.2          9.765E-24
83.3          9.733E-24
83.4          9.701E-24
83.5          9.669E-24
83.6          9.638E-24
83.7          9.606E-24
83.8          9.575E-24
83.9          9.544E-24
84.0          9.513E-24
84.1          9.482E-24
84.2          9.451E-24
84.3          9.421E-24
84.4          9.390E-24
84.5          9.360E-24
84.6          9.330E-24
84.7          9.299E-24
84.8          9.270E-24
84.9          9.240E-24
85.0          9.210E-24
85.1          9.180E-24
85.2          9.151E-24
85.3          9.122E-24
85.4          9.093E-24
85.5          9.064E-24
85.6          9.035E-24
85.7          9.006E-24
85.8          8.977E-24
85.9          8.949E-24
86.0          8.920E-24
86.1          8.892E-24
86.2          8.864E-24
86.3          8.836E-24
86.4          8.808E-24
86.5          8.780E-24
86.6          8.752E-24
86.7          8.725E-24
86.8          8.697E-24
86.9          8.670E-24
87.0          8.643E-24
87.1          8.616E-24
87.2          8.589E-24
87.3          8.562E-24
87.4          8.535E-24
87.5          8.508E-24
87.6          8.482E-24
87.7          8.455E-24
87.8          8.429E-24
87.9          8.403E-24
88.0          8.377E-24
88.1          8.351E-24
88.2          8.325E-24
88.3          8.299E-24
88.4          8.274E-24
88.5          8.248E-24
88.6          8.223E-24
88.7          8.197E-24
88.8          8.172E-24
88.9          8.147E-24
89.0          8.122E-24
89.1          8.097E-24
89.2          8.072E-24
89.3          8.048E-24
89.4          8.023E-24
89.5          7.999E-24
89.6          7.974E-24
89.7          7.950E-24
89.8          7.926E-24
89.9          7.902E-24
90.0          7.878E-24
90.1          7.854E-24
90.2          7.830E-24
90.3          7.806E-24
90.4          7.783E-24
90.5          7.759E-24
90.6          7.736E-24
90.7          7.713E-24
90.8          7.690E-24
90.9          7.667E-24
91.0          7.644E-24
91.1          7.621E-24
91.2          7.598E-24
91.3          7.575E-24
91.4          7.553E-24
91.5          7.530E-24
91.6          7.508E-24
91.7          7.485E-24
91.8          7.463E-24
91.9          7.441E-24
92.0          7.419E-24
92.1          7.397E-24
92.2          7.375E-24
92.3          7.353E-24
92.4          7.332E-24
92.5          7.310E-24
92.6          7.289E-24
92.7          7.267E-24
92.8          7.246E-24
92.9          7.225E-24
93.0          7.203E-24
93.1          7.182E-24
93.2          7.161E-24
93.3          7.140E-24
93.4          7.120E-24
93.5          7.099E-24
93.6          7.078E-24
93.7          7.058E-24
93.8          7.037E-24
93.9          7.017E-24
94.0          6.996E-24
94.1          6.976E-24
94.2          6.956E-24
94.3          6.936E-24
94.4          6.916E-24
94.5          6.896E-24
94.6          6.876E-24
94.7          6.856E-24
94.8          6.837E-24
94.9          6.817E-24
95.0          6.798E-24
95.1          6.778E-24
95.2          6.759E-24
95.3          6.740E-24
95.4          6.720E-24
95.5          6.701E-24
95.6          6.682E-24
95.7          6.663E-24
95.8          6.644E-24
95.9          6.625E-24
96.0          6.607E-24
96.1          6.588E-24
96.2          6.569E-24
96.3          6.551E-24
96.4          6.532E-24
96.5          6.514E-24
96.6          6.496E-24
96.7          6.478E-24
96.8          6.459E-24
96.9          6.441E-24
97.0          6.423E-24
97.1          6.405E-24
97.2          6.387E-24
97.3          6.370E-24
97.4          6.352E-24
97.5          6.334E-24
97.6          6.317E-24
97.7          6.299E-24
97.8          6.282E-24
97.9          6.264E-24
98.0          6.247E-24
98.1          6.230E-24
98.2          6.212E-24
98.3          6.195E-24
98.4          6.178E-24
98.5          6.161E-24
98.6          6.144E-24
98.7          6.127E-24
98.8          6.111E-24
98.9          6.094E-24
99.0          6.077E-24
99.1          6.061E-24
99.2          6.044E-24
99.3          6.028E-24
99.4          6.011E-24
99.5          5.995E-24
99.6          5.979E-24
99.7          5.962E-24
99.8          5.946E-24
99.9          5.930E-24
100.0         5.914E-24
100.1         5.898E-24
100.2         5.882E-24
100.3         5.866E-24
100.4         5.851E-24
100.5         5.835E-24
100.6         5.819E-24
100.7         5.804E-24
100.8         5.788E-24
100.9         5.772E-24
101.0         5.757E-24
101.1         5.742E-24
101.2         5.726E-24
101.3         5.711E-24
101.4         5.696E-24
101.5         5.681E-24
101.6         5.666E-24
101.7         5.651E-24
101.8         5.636E-24
101.9         5.621E-24
102.0         5.606E-24
102.1         5.591E-24
102.2         5.576E-24
102.3         5.562E-24
102.4         5.547E-24
102.5         5.532E-24
102.6         5.518E-24
102.7         5.503E-24
102.8         5.489E-24
102.9         5.475E-24
103.0         5.460E-24
103.1         5.446E-24
103.2         5.432E-24
103.3         5.418E-24
103.4         5.404E-24
103.5         5.390E-24
103.6         5.376E-24
103.7         5.362E-24
103.8         5.348E-24
103.9         5.334E-24
104.0         5.320E-24
104.1         5.306E-24
104.2         5.293E-24
104.3         5.279E-24
104.4         5.266E-24
104.5         5.252E-24
104.6         5.238E-24
104.7         5.225E-24
104.8         5.212E-24
104.9         5.198E-24
105.0         5.185E-24
105.1         5.172E-24
105.2         5.159E-24
105.3         5.145E-24
105.4         5.132E-24
105.5         5.119E-24
105.6         5.106E-24
105.7         5.093E-24
105.8         5.080E-24
105.9         5.068E-24
106.0         5.055E-24
106.1         5.042E-24
106.2         5.029E-24
106.3         5.017E-24
106.4         5.004E-24
106.5         4.991E-24
106.6         4.979E-24
106.7         4.966E-24
106.8         4.954E-24
106.9         4.942E-24
107.0         4.929E-24
107.1         4.917E-24
107.2         4.905E-24
107.3         4.892E-24
107.4         4.880E-24
107.5         4.868E-24
107.6         4.856E-24
107.7         4.844E-24
107.8         4.832E-24
107.9         4.820E-24
108.0         4.808E-24
108.1         4.796E-24
108.2         4.784E-24
108.3         4.773E-24
108.4         4.761E-24
108.5         4.749E-24
108.6         4.738E-24
108.7         4.726E-24
108.8         4.714E-24
108.9         4.703E-24
109.0         4.691E-24
109.1         4.680E-24
109.2         4.668E-24
109.3         4.657E-24
109.4         4.646E-24
109.5         4.634E-24
109.6         4.623E-24
109.7         4.612E-24
109.8         4.601E-24
109.9         4.590E-24
110.0         4.578E-24
110.1         4.567E-24
110.2         4.556E-24
110.3         4.545E-24
110.4         4.534E-24
110.5         4.524E-24
110.6         4.513E-24
110.7         4.502E-24
110.8         4.491E-24
110.9         4.480E-24
111.0         4.470E-24
111.1         4.459E-24
111.2         4.448E-24
111.3         4.438E-24
111.4         4.427E-24
111.5         4.417E-24
111.6         4.406E-24
111.7         4.396E-24
111.8         4.385E-24
111.9         4.375E-24
112.0         4.364E-24
112.1         4.354E-24
112.2         4.344E-24
112.3         4.334E-24
112.4         4.323E-24
112.5         4.313E-24
112.6         4.303E-24
112.7         4.293E-24
112.8         4.283E-24
112.9         4.273E-24
113.0         4.263E-24
113.1         4.253E-24
113.2         4.243E-24
113.3         4.233E-24
113.4         4.223E-24
113.5         4.213E-24
113.6         4.203E-24
113.7         4.194E-24
113.8         4.184E-24
113.9         4.174E-24
114.0         4.165E-24
114.1         4.155E-24
114.2         4.145E-24
114.3         4.136E-24
114.4         4.126E-24
114.5         4.117E-24
114.6         4.107E-24
114.7         4.098E-24
114.8         4.088E-24
114.9         4.079E-24
115.0         4.070E-24
115.1         4.060E-24
115.2         4.051E-24
115.3         4.042E-24
115.4         4.033E-24
115.5         4.023E-24
115.6         4.014E-24
115.7         4.005E-24
115.8         3.996E-24
115.9         3.987E-24
116.0         3.978E-24
116.1         3.969E-24
116.2         3.960E-24
116.3         3.951E-24
116.4         3.942E-24
116.5         3.933E-24
116.6         3.924E-24
116.7         3.915E-24
116.8         3.907E-24
116.9         3.898E-24
117.0         3.889E-24
117.1         3.880E-24
117.2         3.872E-24
117.3         3.863E-24
117.4         3.854E-24
117.5         3.846E-24
117.6         3.837E-24
117.7         3.829E-24
117.8         3.820E-24
117.9         3.812E-24
118.0         3.803E-24
118.1         3.795E-24
118.2         3.786E-24
118.3         3.778E-24
118.4         3.770E-24
118.5         3.761E-24
118.6         3.753E-24
118.7         3.745E-24
118.8         3.736E-24
118.9         3.728E-24
119.0         3.720E-24
119.1         3.712E-24
119.2         3.704E-24
119.3         3.695E-24
119.4         3.687E-24
119.5         3.679E-24
119.6         3.671E-24
119.7         3.663E-24
119.8         3.655E-24
119.9         3.647E-24
120.0         3.639E-24
120.1         3.631E-24
120.2         3.624E-24
120.3         3.616E-24
120.4         3.608E-24
120.5         3.600E-24
120.6         3.592E-24
120.7         3.584E-24
120.8         3.577E-24
120.9         3.569E-24
121.0         3.561E-24
121.1         3.554E-24
121.2         3.546E-24
121.3         3.538E-24
121.4         3.531E-24
121.5         3.523E-24
121.6         3.516E-24
121.7         3.508E-24
121.8         3.501E-24
121.9         3.493E-24
122.0         3.486E-24
122.1         3.478E-24
122.2         3.471E-24
122.3         3.464E-24
122.4         3.456E-24
122.5         3.449E-24
122.6         3.442E-24
122.7         3.434E-24
122.8         3.427E-24
122.9         3.420E-24
123.0         3.412E-24
123.1         3.405E-24
123.2         3.398E-24
123.3         3.391E-24
123.4         3.384E-24
123.5         3.377E-24
123.6         3.370E-24
123.7         3.363E-24
123.8         3.355E-24
123.9         3.348E-24
124.0         3.341E-24
124.1         3.334E-24
124.2         3.328E-24
124.3         3.321E-24
124.4         3.314E-24
124.5         3.307E-24
124.6         3.300E-24
124.7         3.293E-24
124.8         3.286E-24
124.9         3.279E-24
125.0         3.273E-24
125.1         3.266E-24
125.2         3.259E-24
125.3         3.252E-24
125.4         3.246E-24
125.5         3.239E-24
125.6         3.232E-24
125.7         3.226E-24
125.8         3.219E-24
125.9         3.212E-24
126.0         3.206E-24
126.1         3.199E-24
126.2         3.193E-24
126.3         3.186E-24
126.4         3.180E-24
126.5         3.173E-24
126.6         3.167E-24
126.7         3.160E-24
126.8         3.154E-24
126.9         3.147E-24
127.0         3.141E-24
127.1         3.134E-24
127.2         3.128E-24
127.3         3.122E-24
127.4         3.115E-24
127.5         3.109E-24
127.6         3.103E-24
127.7         3.097E-24
127.8         3.090E-24
127.9         3.084E-24
128.0         3.078E-24
128.1         3.072E-24
128.2         3.066E-24
128.3         3.059E-24
128.4         3.053E-24
128.5         3.047E-24
128.6         3.041E-24
128.7         3.035E-24
128.8         3.029E-24
128.9         3.023E-24
129.0         3.017E-24
129.1         3.011E-24
129.2         3.005E-24
129.3         2.999E-24
129.4         2.993E-24
129.5         2.987E-24
129.6         2.981E-24
129.7         2.975E-24
129.8         2.969E-24
129.9         2.963E-24
130.0         2.957E-24
130.1         2.952E-24
130.2         2.946E-24
130.3         2.940E-24
130.4         2.934E-24
130.5         2.928E-24
130.6         2.923E-24
130.7         2.917E-24
130.8         2.911E-24
130.9         2.905E-24
131.0         2.900E-24
131.1         2.894E-24
131.2         2.888E-24
131.3         2.883E-24
131.4         2.877E-24
131.5         2.871E-24
131.6         2.866E-24
131.7         2.860E-24
131.8         2.855E-24
131.9         2.849E-24
132.0         2.844E-24
132.1         2.838E-24
132.2         2.833E-24
132.3         2.827E-24
132.4         2.822E-24
132.5         2.816E-24
132.6         2.811E-24
132.7         2.805E-24
132.8         2.800E-24
132.9         2.794E-24
133.0         2.789E-24
133.1         2.784E-24
133.2         2.778E-24
133.3         2.773E-24
133.4         2.768E-24
133.5         2.762E-24
133.6         2.757E-24
133.7         2.752E-24
133.8         2.747E-24
133.9         2.741E-24
134.0         2.736E-24
134.1         2.731E-24
134.2         2.726E-24
134.3         2.720E-24
134.4         2.715E-24
134.5         2.710E-24
134.6         2.705E-24
134.7         2.700E-24
134.8         2.695E-24
134.9         2.690E-24
135.0         2.684E-24
135.1         2.679E-24
135.2         2.674E-24
135.3         2.669E-24
135.4         2.664E-24
135.5         2.659E-24
135.6         2.654E-24
135.7         2.649E-24
135.8         2.644E-24
135.9         2.639E-24
136.0         2.634E-24
136.1         2.629E-24
136.2         2.624E-24
136.3         2.619E-24
136.4         2.615E-24
136.5         2.610E-24
136.6         2.605E-24
136.7         2.600E-24
136.8         2.595E-24
136.9         2.590E-24
137.0         2.585E-24
137.1         2.581E-24
137.2         2.576E-24
137.3         2.571E-24
137.4         2.566E-24
137.5         2.561E-24
137.6         2.557E-24
137.7         2.552E-24
137.8         2.547E-24
137.9         2.542E-24
138.0         2.538E-24
138.1         2.533E-24
138.2         2.528E-24
138.3         2.524E-24
138.4         2.519E-24
138.5         2.514E-24
138.6         2.510E-24
138.7         2.505E-24
138.8         2.501E-24
138.9         2.496E-24
139.0         2.491E-24
139.1         2.487E-24
139.2         2.482E-24
139.3         2.478E-24
139.4         2.473E-24
139.5         2.469E-24
139.6         2.464E-24
139.7         2.460E-24
139.8         2.455E-24
139.9         2.451E-24
140.0         2.446E-24
140.1         2.442E-24
140.2         2.437E-24
140.3         2.433E-24
140.4         2.428E-24
140.5         2.424E-24
140.6         2.420E-24
140.7         2.415E-24
140.8         2.411E-24
140.9         2.406E-24
141.0         2.402E-24
141.1         2.398E-24
141.2         2.393E-24
141.3         2.389E-24
141.4         2.385E-24
141.5         2.380E-24
141.6         2.376E-24
141.7         2.372E-24
141.8         2.368E-24
141.9         2.363E-24
142.0         2.359E-24
142.1         2.355E-24
142.2         2.351E-24
142.3         2.346E-24
142.4         2.342E-24
142.5         2.338E-24
142.6         2.334E-24
142.7         2.330E-24
142.8         2.326E-24
142.9         2.321E-24
143.0         2.317E-24
143.1         2.313E-24
143.2         2.309E-24
143.3         2.305E-24
143.4         2.301E-24
143.5         2.297E-24
143.6         2.293E-24
143.7         2.289E-24
143.8         2.284E-24
143.9         2.280E-24
144.0         2.276E-24
144.1         2.272E-24
144.2         2.268E-24
144.3         2.264E-24
144.4         2.260E-24
144.5         2.256E-24
144.6         2.252E-24
144.7         2.248E-24
144.8         2.244E-24
144.9         2.240E-24
145.0         2.236E-24
145.1         2.233E-24
145.2         2.229E-24
145.3         2.225E-24
145.4         2.221E-24
145.5         2.217E-24
145.6         2.213E-24
145.7         2.209E-24
145.8         2.205E-24
145.9         2.201E-24
146.0         2.198E-24
146.1         2.194E-24
146.2         2.190E-24
146.3         2.186E-24
146.4         2.182E-24
146.5         2.178E-24
146.6         2.175E-24
146.7         2.171E-24
146.8         2.167E-24
146.9         2.163E-24
147.0         2.159E-24
147.1         2.156E-24
147.2         2.152E-24
147.3         2.148E-24
147.4         2.145E-24
147.5         2.141E-24
147.6         2.137E-24
147.7         2.133E-24
147.8         2.130E-24
147.9         2.126E-24
148.0         2.122E-24
148.1         2.119E-24
148.2         2.115E-24
148.3         2.111E-24
148.4         2.108E-24
148.5         2.104E-24
148.6         2.100E-24
148.7         2.097E-24
148.8         2.093E-24
148.9         2.090E-24
149.0         2.086E-24
149.1         2.082E-24
149.2         2.079E-24
149.3         2.075E-24
149.4         2.072E-24
149.5         2.068E-24
149.6         2.065E-24
149.7         2.061E-24
149.8         2.058E-24
149.9         2.054E-24
150.0         2.051E-24
150.1         2.047E-24
150.2         2.044E-24
150.3         2.040E-24
150.4         2.037E-24
150.5         2.033E-24
150.6         2.030E-24
150.7         2.026E-24
150.8         2.023E-24
150.9         2.019E-24
151.0         2.016E-24
151.1         2.012E-24
151.2         2.009E-24
151.3         2.006E-24
151.4         2.002E-24
151.5         1.999E-24
151.6         1.995E-24
151.7         1.992E-24
151.8         1.989E-24
151.9         1.985E-24
152.0         1.982E-24
152.1         1.978E-24
152.2         1.975E-24
152.3         1.972E-24
152.4         1.968E-24
152.5         1.965E-24
152.6         1.962E-24
152.7         1.958E-24
152.8         1.955E-24
152.9         1.952E-24
153.0         1.949E-24
153.1         1.945E-24
153.2         1.942E-24
153.3         1.939E-24
153.4         1.936E-24
153.5         1.932E-24
153.6         1.929E-24
153.7         1.926E-24
153.8         1.923E-24
153.9         1.919E-24
154.0         1.916E-24
154.1         1.913E-24
154.2         1.910E-24
154.3         1.906E-24
154.4         1.903E-24
154.5         1.900E-24
154.6         1.897E-24
154.7         1.894E-24
154.8         1.891E-24
154.9         1.887E-24
155.0         1.884E-24
155.1         1.881E-24
155.2         1.878E-24
155.3         1.875E-24
155.4         1.872E-24
155.5         1.869E-24
155.6         1.865E-24
155.7         1.862E-24
155.8         1.859E-24
155.9         1.856E-24
156.0         1.853E-24
156.1         1.850E-24
156.2         1.847E-24
156.3         1.844E-24
156.4         1.841E-24
156.5         1.838E-24
156.6         1.835E-24
156.7         1.832E-24
156.8         1.829E-24
156.9         1.826E-24
157.0         1.823E-24
157.1         1.819E-24
157.2         1.816E-24
157.3         1.813E-24
157.4         1.810E-24
157.5         1.807E-24
157.6         1.804E-24
157.7         1.801E-24
157.8         1.799E-24
157.9         1.796E-24
158.0         1.793E-24
158.1         1.790E-24
158.2         1.787E-24
158.3         1.784E-24
158.4         1.781E-24
158.5         1.778E-24
158.6         1.775E-24
158.7         1.772E-24
158.8         1.769E-24
158.9         1.766E-24
159.0         1.763E-24
159.1         1.760E-24
159.2         1.757E-24
159.3         1.755E-24
159.4         1.752E-24
159.5         1.749E-24
159.6         1.746E-24
159.7         1.743E-24
159.8         1.740E-24
159.9         1.737E-24
160.0         1.734E-24
160.1         1.732E-24
160.2         1.729E-24
160.3         1.726E-24
160.4         1.723E-24
160.5         1.720E-24
160.6         1.717E-24
160.7         1.715E-24
160.8         1.712E-24
160.9         1.709E-24
161.0         1.706E-24
161.1         1.703E-24
161.2         1.701E-24
161.3         1.698E-24
161.4         1.695E-24
161.5         1.692E-24
161.6         1.690E-24
161.7         1.687E-24
161.8         1.684E-24
161.9         1.681E-24
162.0         1.678E-24
162.1         1.676E-24
162.2         1.673E-24
162.3         1.670E-24
162.4         1.668E-24
162.5         1.665E-24
162.6         1.662E-24
162.7         1.659E-24
162.8         1.657E-24
162.9         1.654E-24
163.0         1.651E-24
163.1         1.649E-24
163.2         1.646E-24
163.3         1.643E-24
163.4         1.641E-24
163.5         1.638E-24
163.6         1.635E-24
163.7         1.633E-24
163.8         1.630E-24
163.9         1.627E-24
164.0         1.625E-24
164.1         1.622E-24
164.2         1.619E-24
164.3         1.617E-24
164.4         1.614E-24
164.5         1.611E-24
164.6         1.609E-24
164.7         1.606E-24
164.8         1.604E-24
164.9         1.601E-24
165.0         1.598E-24
165.1         1.596E-24
165.2         1.593E-24
165.3         1.591E-24
165.4         1.588E-24
165.5         1.585E-24
165.6         1.583E-24
165.7         1.580E-24
165.8         1.578E-24
165.9         1.575E-24
166.0         1.573E-24
166.1         1.570E-24
166.2         1.568E-24
166.3         1.565E-24
166.4         1.562E-24
166.5         1.560E-24
166.6         1.557E-24
166.7         1.555E-24
166.8         1.552E-24
166.9         1.550E-24
167.0         1.547E-24
167.1         1.545E-24
167.2         1.542E-24
167.3         1.540E-24
167.4         1.537E-24
167.5         1.535E-24
167.6         1.532E-24
167.7         1.530E-24
167.8         1.527E-24
167.9         1.525E-24
168.0         1.522E-24
168.1         1.520E-24
168.2         1.518E-24
168.3         1.515E-24
168.4         1.513E-24
168.5         1.510E-24
168.6         1.508E-24
168.7         1.505E-24
168.8         1.503E-24
168.9         1.500E-24
169.0         1.498E-24
169.1         1.496E-24
169.2         1.493E-24
169.3         1.491E-24
169.4         1.488E-24
169.5         1.486E-24
169.6         1.484E-24
169.7         1.481E-24
169.8         1.479E-24
169.9         1.476E-24
170.0         1.474E-24
170.1         1.472E-24
170.2         1.469E-24
170.3         1.467E-24
170.4         1.464E-24
170.5         1.462E-24
170.6         1.460E-24
170.7         1.457E-24
170.8         1.455E-24
170.9         1.453E-24
171.0         1.450E-24
171.1         1.448E-24
171.2         1.446E-24
171.3         1.443E-24
171.4         1.441E-24
171.5         1.439E-24
171.6         1.436E-24
171.7         1.434E-24
171.8         1.432E-24
171.9         1.429E-24
172.0         1.427E-24
172.1         1.425E-24
172.2         1.422E-24
172.3         1.420E-24
172.4         1.418E-24
172.5         1.415E-24
172.6         1.413E-24
172.7         1.411E-24
172.8         1.409E-24
172.9         1.406E-24
173.0         1.404E-24
173.1         1.402E-24
173.2         1.400E-24
173.3         1.397E-24
173.4         1.395E-24
173.5         1.393E-24
173.6         1.390E-24
173.7         1.388E-24
173.8         1.386E-24
173.9         1.384E-24
174.0         1.382E-24
174.1         1.379E-24
174.2         1.377E-24
174.3         1.375E-24
174.4         1.373E-24
174.5         1.370E-24
174.6         1.368E-24
174.7         1.366E-24
174.8         1.364E-24
174.9         1.361E-24
175.0         1.359E-24
175.1         1.357E-24
175.2         1.355E-24
175.3         1.353E-24
175.4         1.350E-24
175.5         1.348E-24
175.6         1.346E-24
175.7         1.344E-24
175.8         1.342E-24
175.9         1.340E-24
176.0         1.337E-24
176.1         1.335E-24
176.2         1.333E-24
176.3         1.331E-24
176.4         1.329E-24
176.5         1.327E-24
176.6         1.324E-24
176.7         1.322E-24
176.8         1.320E-24
176.9         1.318E-24
177.0         1.316E-24
177.1         1.314E-24
177.2         1.312E-24
177.3         1.309E-24
177.4         1.307E-24
177.5         1.305E-24
177.6         1.303E-24
177.7         1.301E-24
177.8         1.299E-24
177.9         1.297E-24
178.0         1.295E-24
178.1         1.292E-24
178.2         1.290E-24
178.3         1.288E-24
178.4         1.286E-24
178.5         1.284E-24
178.6         1.282E-24
178.7         1.280E-24
178.8         1.278E-24
178.9         1.276E-24
179.0         1.274E-24
179.1         1.272E-24
179.2         1.269E-24
179.3         1.267E-24
179.4         1.265E-24
179.5         1.263E-24
179.6         1.261E-24
179.7         1.259E-24
179.8         1.257E-24
179.9         1.255E-24
180.0         1.253E-24
180.1         1.251E-24
180.2         1.249E-24
180.3         1.247E-24
180.4         1.245E-24
180.5         1.243E-24
180.6         1.241E-24
180.7         1.239E-24
180.8         1.237E-24
180.9         1.235E-24
181.0         1.233E-24
181.1         1.231E-24
181.2         1.229E-24
181.3         1.227E-24
181.4         1.225E-24
181.5         1.223E-24
181.6         1.221E-24
181.7         1.219E-24
181.8         1.217E-24
181.9         1.215E-24
182.0         1.213E-24
182.1         1.211E-24
182.2         1.209E-24
182.3         1.207E-24
182.4         1.205E-24
182.5         1.203E-24
182.6         1.201E-24
182.7         1.199E-24
182.8         1.197E-24
182.9         1.195E-24
183.0         1.193E-24
183.1         1.191E-24
183.2         1.189E-24
183.3         1.187E-24
183.4         1.185E-24
183.5         1.183E-24
183.6         1.181E-24
183.7         1.179E-24
183.8         1.177E-24
183.9         1.175E-24
184.0         1.173E-24
184.1         1.171E-24
184.2         1.169E-24
184.3         1.167E-24
184.4         1.165E-24
184.5         1.163E-24
184.6         1.162E-24
184.7         1.160E-24
184.8         1.158E-24
184.9         1.156E-24
185.0         1.154E-24
185.1         1.152E-24
185.2         1.150E-24
185.3         1.148E-24
185.4         1.146E-24
185.5         1.144E-24
185.6         1.142E-24
185.7         1.140E-24
185.8         1.139E-24
185.9         1.137E-24
186.0         1.135E-24
186.1         1.133E-24
186.2         1.131E-24
186.3         1.129E-24
186.4         1.127E-24
186.5         1.125E-24
186.6         1.123E-24
186.7         1.122E-24
186.8         1.120E-24
186.9         1.118E-24
187.0         1.116E-24
187.1         1.114E-24
187.2         1.112E-24
187.3         1.110E-24
187.4         1.108E-24
187.5         1.107E-24
187.6         1.105E-24
187.7         1.103E-24
187.8         1.101E-24
187.9         1.099E-24
188.0         1.097E-24
188.1         1.096E-24
188.2         1.094E-24
188.3         1.092E-24
188.4         1.090E-24
188.5         1.088E-24
188.6         1.086E-24
188.7         1.084E-24
188.8         1.083E-24
188.9         1.081E-24
189.0         1.079E-24
189.1         1.077E-24
189.2         1.075E-24
189.3         1.074E-24
189.4         1.072E-24
189.5         1.070E-24
189.6         1.068E-24
189.7         1.066E-24
189.8         1.064E-24
189.9         1.063E-24
190.0         1.061E-24
190.1         1.059E-24
190.2         1.057E-24
190.3         1.055E-24
190.4         1.054E-24
190.5         1.052E-24
190.6         1.050E-24
190.7         1.048E-24
190.8         1.047E-24
190.9         1.045E-24
191.0         1.043E-24
191.1         1.041E-24
191.2         1.039E-24
191.3         1.038E-24
191.4         1.036E-24
191.5         1.034E-24
191.6         1.032E-24
191.7         1.031E-24
191.8         1.029E-24
191.9         1.027E-24
192.0         1.025E-24
192.1         1.023E-24
192.2         1.022E-24
192.3         1.020E-24
192.4         1.018E-24
192.5         1.016E-24
192.6         1.015E-24
192.7         1.013E-24
192.8         1.011E-24
192.9         1.009E-24
193.0         1.008E-24
193.1         1.006E-24
193.2         1.004E-24
193.3         1.003E-24
193.4         1.001E-24
193.5         9.991E-25
193.6         9.973E-25
193.7         9.956E-25
193.8         9.939E-25
193.9         9.922E-25
194.0         9.905E-25
194.1         9.887E-25
194.2         9.870E-25
194.3         9.853E-25
194.4         9.836E-25
194.5         9.819E-25
194.6         9.802E-25
194.7         9.785E-25
194.8         9.768E-25
194.9         9.751E-25
195.0         9.734E-25
195.1         9.717E-25
195.2         9.700E-25
195.3         9.683E-25
195.4         9.666E-25
195.5         9.649E-25
195.6         9.632E-25
195.7         9.615E-25
195.8         9.598E-25
195.9         9.581E-25
196.0         9.565E-25
196.1         9.548E-25
196.2         9.531E-25
196.3         9.514E-25
196.4         9.497E-25
196.5         9.481E-25
196.6         9.464E-25
196.7         9.447E-25
196.8         9.431E-25
196.9         9.414E-25
197.0         9.397E-25
197.1         9.381E-25
197.2         9.364E-25
197.3         9.348E-25
197.4         9.331E-25
197.5         9.315E-25
197.6         9.298E-25
197.7         9.282E-25
197.8         9.265E-25
197.9         9.249E-25
198.0         9.232E-25
198.1         9.216E-25
198.2         9.199E-25
198.3         9.183E-25
198.4         9.167E-25
198.5         9.150E-25
198.6         9.134E-25
198.7         9.118E-25
198.8         9.101E-25
198.9         9.085E-25
199.0         9.069E-25
199.1         9.053E-25
199.2         9.036E-25
199.3         9.020E-25
199.4         9.004E-25
199.5         8.988E-25
199.6         8.972E-25
199.7         8.955E-25
199.8         8.939E-25
199.9         8.923E-25
200.0         8.907E-25
200.1         8.891E-25
200.2         8.875E-25
200.3         8.859E-25
200.4         8.843E-25
200.5         8.827E-25
200.6         8.811E-25
200.7         8.795E-25
200.8         8.779E-25
200.9         8.763E-25
201.0         8.747E-25
201.1         8.731E-25
201.2         8.716E-25
201.3         8.700E-25
201.4         8.684E-25
201.5         8.668E-25
201.6         8.652E-25
201.7         8.636E-25
201.8         8.621E-25
201.9         8.605E-25
202.0         8.589E-25
202.1         8.574E-25
202.2         8.558E-25
202.3         8.542E-25
202.4         8.526E-25
202.5         8.511E-25
202.6         8.495E-25
202.7         8.480E-25
202.8         8.464E-25
202.9         8.448E-25
203.0         8.433E-25
203.1         8.417E-25
203.2         8.402E-25
203.3         8.386E-25
203.4         8.371E-25
203.5         8.355E-25
203.6         8.340E-25
203.7         8.324E-25
203.8         8.309E-25
203.9         8.294E-25
204.0         8.278E-25
204.1         8.263E-25
204.2         8.247E-25
204.3         8.232E-25
204.4         8.217E-25
204.5         8.201E-25
204.6         8.186E-25
204.7         8.171E-25
204.8         8.156E-25
204.9         8.140E-25
205.0         8.125E-25
205.1         8.110E-25
205.2         8.095E-25
205.3         8.080E-25
205.4         8.064E-25
205.5         8.049E-25
205.6         8.034E-25
205.7         8.019E-25
205.8         8.004E-25
205.9         7.989E-25
206.0         7.974E-25
206.1         7.959E-25
206.2         7.944E-25
206.3         7.929E-25
206.4         7.914E-25
206.5         7.899E-25
206.6         7.884E-25
206.7         7.869E-25
206.8         7.854E-25
206.9         7.839E-25
207.0         7.824E-25
207.1         7.809E-25
207.2         7.794E-25
207.3         7.779E-25
207.4         7.764E-25
207.5         7.750E-25
207.6         7.735E-25
207.7         7.720E-25
207.8         7.705E-25
207.9         7.691E-25
208.0         7.676E-25
208.1         7.661E-25
208.2         7.646E-25
208.3         7.632E-25
208.4         7.617E-25
208.5         7.602E-25
208.6         7.588E-25
208.7         7.573E-25
208.8         7.558E-25
208.9         7.544E-25
209.0         7.529E-25
209.1         7.515E-25
209.2         7.500E-25
209.3         7.486E-25
209.4         7.471E-25
209.5         7.456E-25
209.6         7.442E-25
209.7         7.428E-25
209.8         7.413E-25
209.9         7.399E-25
210.0         7.384E-25
210.1         7.370E-25
210.2         7.355E-25
210.3         7.341E-25
210.4         7.327E-25
210.5         7.312E-25
210.6         7.298E-25
210.7         7.284E-25
210.8         7.269E-25
210.9         7.255E-25
211.0         7.241E-25
211.1         7.226E-25
211.2         7.212E-25
211.3         7.198E-25
211.4         7.184E-25
211.5         7.170E-25
211.6         7.155E-25
211.7         7.141E-25
211.8         7.127E-25
211.9         7.113E-25
212.0         7.099E-25
212.1         7.085E-25
212.2         7.071E-25
212.3         7.057E-25
212.4         7.042E-25
212.5         7.028E-25
212.6         7.014E-25
212.7         7.000E-25
212.8         6.986E-25
212.9         6.972E-25
213.0         6.958E-25
213.1         6.944E-25
213.2         6.931E-25
213.3         6.917E-25
213.4         6.903E-25
213.5         6.889E-25
213.6         6.875E-25
213.7         6.861E-25
213.8         6.847E-25
213.9         6.833E-25
214.0         6.820E-25
214.1         6.806E-25
214.2         6.792E-25
214.3         6.778E-25
214.4         6.764E-25
214.5         6.751E-25
214.6         6.737E-25
214.7         6.723E-25
214.8         6.710E-25
214.9         6.696E-25
215.0         6.682E-25
215.1         6.669E-25
215.2         6.655E-25
215.3         6.641E-25
215.4         6.628E-25
215.5         6.614E-25
215.6         6.601E-25
215.7         6.587E-25
215.8         6.573E-25
215.9         6.560E-25
216.0         6.546E-25
216.1         6.533E-25
216.2         6.519E-25
216.3         6.506E-25
216.4         6.492E-25
216.5         6.479E-25
216.6         6.466E-25
216.7         6.452E-25
216.8         6.439E-25
216.9         6.425E-25
217.0         6.412E-25
217.1         6.399E-25
217.2         6.385E-25
217.3         6.372E-25
217.4         6.359E-25
217.5         6.345E-25
217.6         6.332E-25
217.7         6.319E-25
217.8         6.306E-25
217.9         6.292E-25
218.0         6.279E-25
218.1         6.266E-25
218.2         6.253E-25
218.3         6.240E-25
218.4         6.226E-25
218.5         6.213E-25
218.6         6.200E-25
218.7         6.187E-25
218.8         6.174E-25
218.9         6.161E-25
219.0         6.148E-25
219.1         6.135E-25
219.2         6.122E-25
219.3         6.109E-25
219.4         6.096E-25
219.5         6.083E-25
219.6         6.070E-25
219.7         6.057E-25
219.8         6.044E-25
219.9         6.031E-25
220.0         6.018E-25
220.1         6.005E-25
220.2         5.992E-25
220.3         5.980E-25
220.4         5.967E-25
220.5         5.954E-25
220.6         5.941E-25
220.7         5.929E-25
220.8         5.916E-25
220.9         5.903E-25
221.0         5.891E-25
221.1         5.878E-25
221.2         5.866E-25
221.3         5.853E-25
221.4         5.841E-25
221.5         5.829E-25
221.6         5.816E-25
221.7         5.804E-25
221.8         5.792E-25
221.9         5.779E-25
222.0         5.767E-25
222.1         5.755E-25
222.2         5.743E-25
222.3         5.731E-25
222.4         5.719E-25
222.5         5.707E-25
222.6         5.695E-25
222.7         5.683E-25
222.8         5.671E-25
222.9         5.659E-25
223.0         5.647E-25
223.1         5.635E-25
223.2         5.623E-25
223.3         5.611E-25
223.4         5.600E-25
223.5         5.588E-25
223.6         5.576E-25
223.7         5.564E-25
223.8         5.553E-25
223.9         5.541E-25
224.0         5.530E-25
224.1         5.518E-25
224.2         5.507E-25
224.3         5.495E-25
224.4         5.484E-25
224.5         5.472E-25
224.6         5.461E-25
224.7         5.449E-25
224.8         5.438E-25
224.9         5.427E-25
225.0         5.416E-25
225.1         5.404E-25
225.2         5.393E-25
225.3         5.382E-25
225.4         5.371E-25
225.5         5.360E-25
225.6         5.349E-25
225.7         5.337E-25
225.8         5.326E-25
225.9         5.315E-25
226.0         5.304E-25
226.1         5.293E-25
226.2         5.283E-25
226.3         5.272E-25
226.4         5.261E-25
226.5         5.250E-25
226.6         5.239E-25
226.7         5.228E-25
226.8         5.218E-25
226.9         5.207E-25
227.0         5.196E-25
227.1         5.186E-25
227.2         5.175E-25
227.3         5.164E-25
227.4         5.154E-25
227.5         5.143E-25
227.6         5.133E-25
227.7         5.122E-25
227.8         5.112E-25
227.9         5.101E-25
228.0         5.091E-25
228.1         5.081E-25
228.2         5.070E-25
228.3         5.060E-25
228.4         5.050E-25
228.5         5.039E-25
228.6         5.029E-25
228.7         5.019E-25
228.8         5.009E-25
228.9         4.998E-25
229.0         4.988E-25
229.1         4.978E-25
229.2         4.968E-25
229.3         4.958E-25
229.4         4.948E-25
229.5         4.938E-25
229.6         4.928E-25
229.7         4.918E-25
229.8         4.908E-25
229.9         4.898E-25
230.0         4.888E-25
230.1         4.878E-25
230.2         4.869E-25
230.3         4.859E-25
230.4         4.849E-25
230.5         4.839E-25
230.6         4.830E-25
230.7         4.820E-25
230.8         4.810E-25
230.9         4.801E-25
231.0         4.791E-25
231.1         4.781E-25
231.2         4.772E-25
231.3         4.762E-25
231.4         4.753E-25
231.5         4.743E-25
231.6         4.734E-25
231.7         4.724E-25
231.8         4.715E-25
231.9         4.705E-25
232.0         4.696E-25
232.1         4.687E-25
232.2         4.677E-25
232.3         4.668E-25
232.4         4.659E-25
232.5         4.649E-25
232.6         4.640E-25
232.7         4.631E-25
232.8         4.622E-25
232.9         4.613E-25
233.0         4.603E-25
233.1         4.594E-25
233.2         4.585E-25
233.3         4.576E-25
233.4         4.567E-25
233.5         4.558E-25
233.6         4.549E-25
233.7         4.540E-25
233.8         4.531E-25
233.9         4.522E-25
234.0         4.513E-25
234.1         4.504E-25
234.2         4.496E-25
234.3         4.487E-25
234.4         4.478E-25
234.5         4.469E-25
234.6         4.460E-25
234.7         4.451E-25
234.8         4.443E-25
234.9         4.434E-25
235.0         4.425E-25
235.1         4.417E-25
235.2         4.408E-25
235.3         4.399E-25
235.4         4.391E-25
235.5         4.382E-25
235.6         4.374E-25
235.7         4.365E-25
235.8         4.357E-25
235.9         4.348E-25
236.0         4.340E-25
236.1         4.331E-25
236.2         4.323E-25
236.3         4.314E-25
236.4         4.306E-25
236.5         4.297E-25
236.6         4.289E-25
236.7         4.281E-25
236.8         4.272E-25
236.9         4.264E-25
237.0         4.256E-25
237.1         4.248E-25
237.2         4.239E-25
237.3         4.231E-25
237.4         4.223E-25
237.5         4.215E-25
237.6         4.207E-25
237.7         4.199E-25
237.8         4.190E-25
237.9         4.182E-25
238.0         4.174E-25
238.1         4.166E-25
238.2         4.158E-25
238.3         4.150E-25
238.4         4.142E-25
238.5         4.134E-25
238.6         4.126E-25
238.7         4.118E-25
238.8         4.111E-25
238.9         4.103E-25
239.0         4.095E-25
239.1         4.087E-25
239.2         4.079E-25
239.3         4.071E-25
239.4         4.063E-25
239.5         4.056E-25
239.6         4.048E-25
239.7         4.040E-25
239.8         4.032E-25
239.9         4.025E-25
240.0         4.017E-25
240.1         4.009E-25
240.2         4.002E-25
240.3         3.994E-25
240.4         3.987E-25
240.5         3.979E-25
240.6         3.971E-25
240.7         3.964E-25
240.8         3.956E-25
240.9         3.949E-25
241.0         3.941E-25
241.1         3.934E-25
241.2         3.926E-25
241.3         3.919E-25
241.4         3.912E-25
241.5         3.904E-25
241.6         3.897E-25
241.7         3.889E-25
241.8         3.882E-25
241.9         3.875E-25
242.0         3.867E-25
242.1         3.860E-25
242.2         3.853E-25
242.3         3.846E-25
242.4         3.838E-25
242.5         3.831E-25
242.6         3.824E-25
242.7         3.817E-25
242.8         3.809E-25
242.9         3.802E-25
243.0         3.795E-25
243.1         3.788E-25
243.2         3.781E-25
243.3         3.774E-25
243.4         3.767E-25
243.5         3.760E-25
243.6         3.753E-25
243.7         3.746E-25
243.8         3.739E-25
243.9         3.732E-25
244.0         3.725E-25
244.1         3.718E-25
244.2         3.711E-25
244.3         3.704E-25
244.4         3.697E-25
244.5         3.690E-25
244.6         3.683E-25
244.7         3.676E-25
244.8         3.670E-25
244.9         3.663E-25
245.0         3.656E-25
245.1         3.649E-25
245.2         3.642E-25
245.3         3.636E-25
245.4         3.629E-25
245.5         3.622E-25
245.6         3.615E-25
245.7         3.609E-25
245.8         3.602E-25
245.9         3.595E-25
246.0         3.589E-25
246.1         3.582E-25
246.2         3.575E-25
246.3         3.569E-25
246.4         3.562E-25
246.5         3.556E-25
246.6         3.549E-25
246.7         3.543E-25
246.8         3.536E-25
246.9         3.530E-25
247.0         3.523E-25
247.1         3.517E-25
247.2         3.510E-25
247.3         3.504E-25
247.4         3.497E-25
247.5         3.491E-25
247.6         3.484E-25
247.7         3.478E-25
247.8         3.472E-25
247.9         3.465E-25
248.0         3.459E-25
248.1         3.453E-25
248.2         3.446E-25
248.3         3.440E-25
248.4         3.434E-25
248.5         3.428E-25
248.6         3.421E-25
248.7         3.415E-25
248.8         3.409E-25
248.9         3.403E-25
249.0         3.396E-25
249.1         3.390E-25
249.2         3.384E-25
249.3         3.378E-25
249.4         3.372E-25
249.5         3.366E-25
249.6         3.360E-25
249.7         3.353E-25
249.8         3.347E-25
249.9         3.341E-25
250.0         3.335E-25
250.1         3.329E-25
250.2         3.323E-25
250.3         3.317E-25
250.4         3.311E-25
250.5         3.305E-25
250.6         3.299E-25
250.7         3.293E-25
250.8         3.287E-25
250.9         3.281E-25
251.0         3.275E-25
251.1         3.270E-25
251.2         3.264E-25
251.3         3.258E-25
251.4         3.252E-25
251.5         3.246E-25
251.6         3.240E-25
251.7         3.234E-25
251.8         3.229E-25
251.9         3.223E-25
252.0         3.217E-25
252.1         3.211E-25
252.2         3.206E-25
252.3         3.200E-25
252.4         3.194E-25
252.5         3.188E-25
252.6         3.183E-25
252.7         3.177E-25
252.8         3.171E-25
252.9         3.166E-25
253.0         3.160E-25
253.1         3.154E-25
253.2         3.149E-25
253.3         3.143E-25
253.4         3.138E-25
253.5         3.132E-25
253.6         3.126E-25
253.7         3.121E-25
253.8         3.115E-25
253.9         3.110E-25
254.0         3.104E-25
254.1         3.099E-25
254.2         3.093E-25
254.3         3.088E-25
254.4         3.082E-25
254.5         3.077E-25
254.6         3.071E-25
254.7         3.066E-25
254.8         3.060E-25
254.9         3.055E-25
255.0         3.050E-25
255.1         3.044E-25
255.2         3.039E-25
255.3         3.034E-25
255.4         3.028E-25
255.5         3.023E-25
255.6         3.018E-25
255.7         3.012E-25
255.8         3.007E-25
255.9         3.002E-25
256.0         2.996E-25
256.1         2.991E-25
256.2         2.986E-25
256.3         2.981E-25
256.4         2.975E-25
256.5         2.970E-25
256.6         2.965E-25
256.7         2.960E-25
256.8         2.955E-25
256.9         2.949E-25
257.0         2.944E-25
257.1         2.939E-25
257.2         2.934E-25
257.3         2.929E-25
257.4         2.924E-25
257.5         2.919E-25
257.6         2.913E-25
257.7         2.908E-25
257.8         2.903E-25
257.9         2.898E-25
258.0         2.893E-25
258.1         2.888E-25
258.2         2.883E-25
258.3         2.878E-25
258.4         2.873E-25
258.5         2.868E-25
258.6         2.863E-25
258.7         2.858E-25
258.8         2.853E-25
258.9         2.848E-25
259.0         2.843E-25
259.1         2.838E-25
259.2         2.834E-25
259.3         2.829E-25
259.4         2.824E-25
259.5         2.819E-25
259.6         2.814E-25
259.7         2.809E-25
259.8         2.804E-25
259.9         2.799E-25
260.0         2.795E-25
260.1         2.790E-25
260.2         2.785E-25
260.3         2.780E-25
260.4         2.775E-25
260.5         2.771E-25
260.6         2.766E-25
260.7         2.761E-25
260.8         2.756E-25
260.9         2.752E-25
261.0         2.747E-25
261.1         2.742E-25
261.2         2.738E-25
261.3         2.733E-25
261.4         2.728E-25
261.5         2.723E-25
261.6         2.719E-25
261.7         2.714E-25
261.8         2.710E-25
261.9         2.705E-25
262.0         2.700E-25
262.1         2.696E-25
262.2         2.691E-25
262.3         2.686E-25
262.4         2.682E-25
262.5         2.677E-25
262.6         2.673E-25
262.7         2.668E-25
262.8         2.664E-25
262.9         2.659E-25
263.0         2.655E-25
263.1         2.650E-25
263.2         2.646E-25
263.3         2.641E-25
263.4         2.637E-25
263.5         2.632E-25
263.6         2.628E-25
263.7         2.623E-25
263.8         2.619E-25
263.9         2.614E-25
264.0         2.610E-25
264.1         2.605E-25
264.2         2.601E-25
264.3         2.597E-25
264.4         2.592E-25
264.5         2.588E-25
264.6         2.584E-25
264.7         2.579E-25
264.8         2.575E-25
264.9         2.571E-25
265.0         2.566E-25
265.1         2.562E-25
265.2         2.558E-25
265.3         2.553E-25
265.4         2.549E-25
265.5         2.545E-25
265.6         2.540E-25
265.7         2.536E-25
265.8         2.532E-25
265.9         2.528E-25
266.0         2.523E-25
266.1         2.519E-25
266.2         2.515E-25
266.3         2.511E-25
266.4         2.507E-25
266.5         2.502E-25
266.6         2.498E-25
266.7         2.494E-25
266.8         2.490E-25
266.9         2.486E-25
267.0         2.482E-25
267.1         2.477E-25
267.2         2.473E-25
267.3         2.469E-25
267.4         2.465E-25
267.5         2.461E-25
267.6         2.457E-25
267.7         2.453E-25
267.8         2.449E-25
267.9         2.445E-25
268.0         2.440E-25
268.1         2.436E-25
268.2         2.432E-25
268.3         2.428E-25
268.4         2.424E-25
268.5         2.420E-25
268.6         2.416E-25
268.7         2.412E-25
268.8         2.408E-25
268.9         2.404E-25
269.0         2.400E-25
269.1         2.396E-25
269.2         2.392E-25
269.3         2.388E-25
269.4         2.385E-25
269.5         2.381E-25
269.6         2.377E-25
269.7         2.373E-25
269.8         2.369E-25
269.9         2.365E-25
270.0         2.361E-25
270.1         2.357E-25
270.2         2.353E-25
270.3         2.349E-25
270.4         2.346E-25
270.5         2.342E-25
270.6         2.338E-25
270.7         2.334E-25
270.8         2.330E-25
270.9         2.326E-25
271.0         2.323E-25
271.1         2.319E-25
271.2         2.315E-25
271.3         2.311E-25
271.4         2.307E-25
271.5         2.304E-25
271.6         2.300E-25
271.7         2.296E-25
271.8         2.292E-25
271.9         2.289E-25
272.0         2.285E-25
272.1         2.281E-25
272.2         2.277E-25
272.3         2.274E-25
272.4         2.270E-25
272.5         2.266E-25
272.6         2.263E-25
272.7         2.259E-25
272.8         2.255E-25
272.9         2.252E-25
273.0         2.248E-25
273.1         2.244E-25
273.2         2.241E-25
273.3         2.237E-25
273.4         2.233E-25
273.5         2.230E-25
273.6         2.226E-25
273.7         2.223E-25
273.8         2.219E-25
273.9         2.215E-25
274.0         2.212E-25
274.1         2.208E-25
274.2         2.205E-25
274.3         2.201E-25
274.4         2.198E-25
274.5         2.194E-25
274.6         2.190E-25
274.7         2.187E-25
274.8         2.183E-25
274.9         2.180E-25
275.0         2.176E-25
275.1         2.173E-25
275.2         2.169E-25
275.3         2.166E-25
275.4         2.162E-25
275.5         2.159E-25
275.6         2.155E-25
275.7         2.152E-25
275.8         2.149E-25
275.9         2.145E-25
276.0         2.142E-25
276.1         2.138E-25
276.2         2.135E-25
276.3         2.131E-25
276.4         2.128E-25
276.5         2.125E-25
276.6         2.121E-25
276.7         2.118E-25
276.8         2.114E-25
276.9         2.111E-25
277.0         2.108E-25
277.1         2.104E-25
277.2         2.101E-25
277.3         2.098E-25
277.4         2.094E-25
277.5         2.091E-25
277.6         2.088E-25
277.7         2.084E-25
277.8         2.081E-25
277.9         2.078E-25
278.0         2.074E-25
278.1         2.071E-25
278.2         2.068E-25
278.3         2.064E-25
278.4         2.061E-25
278.5         2.058E-25
278.6         2.055E-25
278.7         2.051E-25
278.8         2.048E-25
278.9         2.045E-25
279.0         2.042E-25
279.1         2.038E-25
279.2         2.035E-25
279.3         2.032E-25
279.4         2.029E-25
279.5         2.026E-25
279.6         2.022E-25
279.7         2.019E-25
279.8         2.016E-25
279.9         2.013E-25
280.0         2.010E-25
280.1         2.007E-25
280.2         2.003E-25
280.3         2.000E-25
280.4         1.997E-25
280.5         1.994E-25
280.6         1.991E-25
280.7         1.988E-25
280.8         1.985E-25
280.9         1.981E-25
281.0         1.978E-25
281.1         1.975E-25
281.2         1.972E-25
281.3         1.969E-25
281.4         1.966E-25
281.5         1.963E-25
281.6         1.960E-25
281.7         1.957E-25
281.8         1.954E-25
281.9         1.951E-25
282.0         1.948E-25
282.1         1.945E-25
282.2         1.941E-25
282.3         1.938E-25
282.4         1.935E-25
282.5         1.932E-25
282.6         1.929E-25
282.7         1.926E-25
282.8         1.923E-25
282.9         1.920E-25
283.0         1.917E-25
283.1         1.914E-25
283.2         1.911E-25
283.3         1.909E-25
283.4         1.906E-25
283.5         1.903E-25
283.6         1.900E-25
283.7         1.897E-25
283.8         1.894E-25
283.9         1.891E-25
284.0         1.888E-25
284.1         1.885E-25
284.2         1.882E-25
284.3         1.879E-25
284.4         1.876E-25
284.5         1.873E-25
284.6         1.870E-25
284.7         1.868E-25
284.8         1.865E-25
284.9         1.862E-25
285.0         1.859E-25
285.1         1.856E-25
285.2         1.853E-25
285.3         1.850E-25
285.4         1.847E-25
285.5         1.845E-25
285.6         1.842E-25
285.7         1.839E-25
285.8         1.836E-25
285.9         1.833E-25
286.0         1.831E-25
286.1         1.828E-25
286.2         1.825E-25
286.3         1.822E-25
286.4         1.819E-25
286.5         1.817E-25
286.6         1.814E-25
286.7         1.811E-25
286.8         1.808E-25
286.9         1.805E-25
287.0         1.803E-25
287.1         1.800E-25
287.2         1.797E-25
287.3         1.794E-25
287.4         1.792E-25
287.5         1.789E-25
287.6         1.786E-25
287.7         1.783E-25
287.8         1.781E-25
287.9         1.778E-25
288.0         1.775E-25
288.1         1.773E-25
288.2         1.770E-25
288.3         1.767E-25
288.4         1.765E-25
288.5         1.762E-25
288.6         1.759E-25
288.7         1.757E-25
288.8         1.754E-25
288.9         1.751E-25
289.0         1.749E-25
289.1         1.746E-25
289.2         1.743E-25
289.3         1.741E-25
289.4         1.738E-25
289.5         1.735E-25
289.6         1.733E-25
289.7         1.730E-25
289.8         1.727E-25
289.9         1.725E-25
290.0         1.722E-25
290.1         1.720E-25
290.2         1.717E-25
290.3         1.714E-25
290.4         1.712E-25
290.5         1.709E-25
290.6         1.707E-25
290.7         1.704E-25
290.8         1.702E-25
290.9         1.699E-25
291.0         1.696E-25
291.1         1.694E-25
291.2         1.691E-25
291.3         1.689E-25
291.4         1.686E-25
291.5         1.684E-25
291.6         1.681E-25
291.7         1.679E-25
291.8         1.676E-25
291.9         1.674E-25
292.0         1.671E-25
292.1         1.669E-25
292.2         1.666E-25
292.3         1.664E-25
292.4         1.661E-25
292.5         1.659E-25
292.6         1.656E-25
292.7         1.654E-25
292.8         1.651E-25
292.9         1.649E-25
293.0         1.646E-25
293.1         1.644E-25
293.2         1.641E-25
293.3         1.639E-25
293.4         1.637E-25
293.5         1.634E-25
293.6         1.632E-25
293.7         1.629E-25
293.8         1.627E-25
293.9         1.624E-25
294.0         1.622E-25
294.1         1.620E-25
294.2         1.617E-25
294.3         1.615E-25
294.4         1.612E-25
294.5         1.610E-25
294.6         1.608E-25
294.7         1.605E-25
294.8         1.603E-25
294.9         1.600E-25
295.0         1.598E-25
295.1         1.596E-25
295.2         1.593E-25
295.3         1.591E-25
295.4         1.589E-25
295.5         1.586E-25
295.6         1.584E-25
295.7         1.582E-25
295.8         1.579E-25
295.9         1.577E-25
296.0         1.575E-25
296.1         1.572E-25
296.2         1.570E-25
296.3         1.568E-25
296.4         1.565E-25
296.5         1.563E-25
296.6         1.561E-25
296.7         1.559E-25
296.8         1.556E-25
296.9         1.554E-25
297.0         1.552E-25
297.1         1.549E-25
297.2         1.547E-25
297.3         1.545E-25
297.4         1.543E-25
297.5         1.540E-25
297.6         1.538E-25
297.7         1.536E-25
297.8         1.534E-25
297.9         1.531E-25
298.0         1.529E-25
298.1         1.527E-25
298.2         1.525E-25
298.3         1.522E-25
298.4         1.520E-25
298.5         1.518E-25
298.6         1.516E-25
298.7         1.514E-25
298.8         1.511E-25
298.9         1.509E-25
299.0         1.507E-25
299.1         1.505E-25
299.2         1.503E-25
299.3         1.500E-25
299.4         1.498E-25
299.5         1.496E-25
299.6         1.494E-25
299.7         1.492E-25
299.8         1.489E-25
299.9         1.487E-25
300.0         1.485E-25
300.1         1.483E-25
300.2         1.481E-25
300.3         1.479E-25
300.4         1.477E-25
300.5         1.474E-25
300.6         1.472E-25
300.7         1.470E-25
300.8         1.468E-25
300.9         1.466E-25
301.0         1.464E-25
301.1         1.462E-25
301.2         1.460E-25
301.3         1.457E-25
301.4         1.455E-25
301.5         1.453E-25
301.6         1.451E-25
301.7         1.449E-25
301.8         1.447E-25
301.9         1.445E-25
302.0         1.443E-25
302.1         1.441E-25
302.2         1.439E-25
302.3         1.437E-25
302.4         1.434E-25
302.5         1.432E-25
302.6         1.430E-25
302.7         1.428E-25
302.8         1.426E-25
302.9         1.424E-25
303.0         1.422E-25
303.1         1.420E-25
303.2         1.418E-25
303.3         1.416E-25
303.4         1.414E-25
303.5         1.412E-25
303.6         1.410E-25
303.7         1.408E-25
303.8         1.406E-25
303.9         1.404E-25
304.0         1.402E-25
304.1         1.400E-25
304.2         1.398E-25
304.3         1.396E-25
304.4         1.394E-25
304.5         1.392E-25
304.6         1.390E-25
304.7         1.388E-25
304.8         1.386E-25
304.9         1.384E-25
305.0         1.382E-25
305.1         1.380E-25
305.2         1.378E-25
305.3         1.376E-25
305.4         1.374E-25
305.5         1.372E-25
305.6         1.370E-25
305.7         1.368E-25
305.8         1.366E-25
305.9         1.365E-25
306.0         1.363E-25
306.1         1.361E-25
306.2         1.359E-25
306.3         1.357E-25
306.4         1.355E-25
306.5         1.353E-25
306.6         1.351E-25
306.7         1.349E-25
306.8         1.347E-25
306.9         1.345E-25
307.0         1.343E-25
307.1         1.342E-25
307.2         1.340E-25
307.3         1.338E-25
307.4         1.336E-25
307.5         1.334E-25
307.6         1.332E-25
307.7         1.330E-25
307.8         1.328E-25
307.9         1.326E-25
308.0         1.325E-25
308.1         1.323E-25
308.2         1.321E-25
308.3         1.319E-25
308.4         1.317E-25
308.5         1.315E-25
308.6         1.313E-25
308.7         1.312E-25
308.8         1.310E-25
308.9         1.308E-25
309.0         1.306E-25
309.1         1.304E-25
309.2         1.302E-25
309.3         1.301E-25
309.4         1.299E-25
309.5         1.297E-25
309.6         1.295E-25
309.7         1.293E-25
309.8         1.292E-25
309.9         1.290E-25
310.0         1.288E-25
310.1         1.286E-25
310.2         1.284E-25
310.3         1.283E-25
310.4         1.281E-25
310.5         1.279E-25
310.6         1.277E-25
310.7         1.275E-25
310.8         1.274E-25
310.9         1.272E-25
311.0         1.270E-25
311.1         1.268E-25
311.2         1.267E-25
311.3         1.265E-25
311.4         1.263E-25
311.5         1.261E-25
311.6         1.260E-25
311.7         1.258E-25
311.8         1.256E-25
311.9         1.254E-25
312.0         1.253E-25
312.1         1.251E-25
312.2         1.249E-25
312.3         1.247E-25
312.4         1.246E-25
312.5         1.244E-25
312.6         1.242E-25
312.7         1.241E-25
312.8         1.239E-25
312.9         1.237E-25
313.0         1.235E-25
313.1         1.234E-25
313.2         1.232E-25
313.3         1.230E-25
313.4         1.229E-25
313.5         1.227E-25
313.6         1.225E-25
313.7         1.224E-25
313.8         1.222E-25
313.9         1.220E-25
314.0         1.218E-25
314.1         1.217E-25
314.2         1.215E-25
314.3         1.213E-25
314.4         1.212E-25
314.5         1.210E-25
314.6         1.208E-25
314.7         1.207E-25
314.8         1.205E-25
314.9         1.203E-25
315.0         1.202E-25
315.1         1.200E-25
315.2         1.199E-25
315.3         1.197E-25
315.4         1.195E-25
315.5         1.194E-25
315.6         1.192E-25
315.7         1.190E-25
315.8         1.189E-25
315.9         1.187E-25
316.0         1.185E-25
316.1         1.184E-25
316.2         1.182E-25
316.3         1.181E-25
316.4         1.179E-25
316.5         1.177E-25
316.6         1.176E-25
316.7         1.174E-25
316.8         1.173E-25
316.9         1.171E-25
317.0         1.169E-25
317.1         1.168E-25
317.2         1.166E-25
317.3         1.165E-25
317.4         1.163E-25
317.5         1.161E-25
317.6         1.160E-25
317.7         1.158E-25
317.8         1.157E-25
317.9         1.155E-25
318.0         1.154E-25
318.1         1.152E-25
318.2         1.151E-25
318.3         1.149E-25
318.4         1.147E-25
318.5         1.146E-25
318.6         1.144E-25
318.7         1.143E-25
318.8         1.141E-25
318.9         1.140E-25
319.0         1.138E-25
319.1         1.137E-25
319.2         1.135E-25
319.3         1.134E-25
319.4         1.132E-25
319.5         1.130E-25
319.6         1.129E-25
319.7         1.127E-25
319.8         1.126E-25
319.9         1.124E-25
320.0         1.123E-25
320.1         1.121E-25
320.2         1.120E-25
320.3         1.118E-25
320.4         1.117E-25
320.5         1.115E-25
320.6         1.114E-25
320.7         1.112E-25
320.8         1.111E-25
320.9         1.109E-25
321.0         1.108E-25
321.1         1.106E-25
321.2         1.105E-25
321.3         1.103E-25
321.4         1.102E-25
321.5         1.100E-25
321.6         1.099E-25
321.7         1.098E-25
321.8         1.096E-25
321.9         1.095E-25
322.0         1.093E-25
322.1         1.092E-25
322.2         1.090E-25
322.3         1.089E-25
322.4         1.087E-25
322.5         1.086E-25
322.6         1.084E-25
322.7         1.083E-25
322.8         1.082E-25
322.9         1.080E-25
323.0         1.079E-25
323.1         1.077E-25
323.2         1.076E-25
323.3         1.074E-25
323.4         1.073E-25
323.5         1.071E-25
323.6         1.070E-25
323.7         1.069E-25
323.8         1.067E-25
323.9         1.066E-25
324.0         1.064E-25
324.1         1.063E-25
324.2         1.062E-25
324.3         1.060E-25
324.4         1.059E-25
324.5         1.057E-25
324.6         1.056E-25
324.7         1.055E-25
324.8         1.053E-25
324.9         1.052E-25
325.0         1.050E-25
325.1         1.049E-25
325.2         1.048E-25
325.3         1.046E-25
325.4         1.045E-25
325.5         1.043E-25
325.6         1.042E-25
325.7         1.041E-25
325.8         1.039E-25
325.9         1.038E-25
326.0         1.037E-25
326.1         1.035E-25
326.2         1.034E-25
326.3         1.032E-25
326.4         1.031E-25
326.5         1.030E-25
326.6         1.028E-25
326.7         1.027E-25
326.8         1.026E-25
326.9         1.024E-25
327.0         1.023E-25
327.1         1.022E-25
327.2         1.020E-25
327.3         1.019E-25
327.4         1.018E-25
327.5         1.016E-25
327.6         1.015E-25
327.7         1.014E-25
327.8         1.012E-25
327.9         1.011E-25
328.0         1.010E-25
328.1         1.008E-25
328.2         1.007E-25
328.3         1.006E-25
328.4         1.004E-25
328.5         1.003E-25
328.6         1.002E-25
328.7         1.000E-25
328.8         9.992E-26
328.9         9.979E-26
329.0         9.966E-26
329.1         9.953E-26
329.2         9.940E-26
329.3         9.927E-26
329.4         9.914E-26
329.5         9.901E-26
329.6         9.888E-26
329.7         9.875E-26
329.8         9.863E-26
329.9         9.850E-26
330.0         9.837E-26
330.1         9.824E-26
330.2         9.811E-26
330.3         9.799E-26
330.4         9.786E-26
330.5         9.773E-26
330.6         9.761E-26
330.7         9.748E-26
330.8         9.735E-26
330.9         9.723E-26
331.0         9.710E-26
331.1         9.697E-26
331.2         9.685E-26
331.3         9.672E-26
331.4         9.660E-26
331.5         9.647E-26
331.6         9.635E-26
331.7         9.622E-26
331.8         9.610E-26
331.9         9.598E-26
332.0         9.585E-26
332.1         9.573E-26
332.2         9.561E-26
332.3         9.548E-26
332.4         9.536E-26
332.5         9.524E-26
332.6         9.511E-26
332.7         9.499E-26
332.8         9.487E-26
332.9         9.475E-26
333.0         9.463E-26
333.1         9.450E-26
333.2         9.438E-26
333.3         9.426E-26
333.4         9.414E-26
333.5         9.402E-26
333.6         9.390E-26
333.7         9.378E-26
333.8         9.366E-26
333.9         9.354E-26
334.0         9.342E-26
334.1         9.330E-26
334.2         9.318E-26
334.3         9.306E-26
334.4         9.294E-26
334.5         9.282E-26
334.6         9.270E-26
334.7         9.258E-26
334.8         9.247E-26
334.9         9.235E-26
335.0         9.223E-26
335.1         9.211E-26
335.2         9.199E-26
335.3         9.188E-26
335.4         9.176E-26
335.5         9.164E-26
335.6         9.153E-26
335.7         9.141E-26
335.8         9.129E-26
335.9         9.118E-26
336.0         9.106E-26
336.1         9.094E-26
336.2         9.083E-26
336.3         9.071E-26
336.4         9.060E-26
336.5         9.048E-26
336.6         9.037E-26
336.7         9.025E-26
336.8         9.014E-26
336.9         9.002E-26
337.0         8.991E-26
337.1         8.980E-26
337.2         8.968E-26
337.3         8.957E-26
337.4         8.945E-26
337.5         8.934E-26
337.6         8.923E-26
337.7         8.911E-26
337.8         8.900E-26
337.9         8.889E-26
338.0         8.878E-26
338.1         8.866E-26
338.2         8.855E-26
338.3         8.844E-26
338.4         8.833E-26
338.5         8.822E-26
338.6         8.811E-26
338.7         8.800E-26
338.8         8.788E-26
338.9         8.777E-26
339.0         8.766E-26
339.1         8.755E-26
339.2         8.744E-26
339.3         8.733E-26
339.4         8.722E-26
339.5         8.711E-26
339.6         8.700E-26
339.7         8.689E-26
339.8         8.678E-26
339.9         8.668E-26
340.0         8.657E-26
340.1         8.646E-26
340.2         8.635E-26
340.3         8.624E-26
340.4         8.613E-26
340.5         8.602E-26
340.6         8.592E-26
340.7         8.581E-26
340.8         8.570E-26
340.9         8.559E-26
341.0         8.549E-26
341.1         8.538E-26
341.2         8.527E-26
341.3         8.517E-26
341.4         8.506E-26
341.5         8.495E-26
341.6         8.485E-26
341.7         8.474E-26
341.8         8.464E-26
341.9         8.453E-26
342.0         8.442E-26
342.1         8.432E-26
342.2         8.421E-26
342.3         8.411E-26
342.4         8.400E-26
342.5         8.390E-26
342.6         8.380E-26
342.7         8.369E-26
342.8         8.359E-26
342.9         8.348E-26
343.0         8.338E-26
343.1         8.328E-26
343.2         8.317E-26
343.3         8.307E-26
343.4         8.297E-26
343.5         8.286E-26
343.6         8.276E-26
343.7         8.266E-26
343.8         8.255E-26
343.9         8.245E-26
344.0         8.235E-26
344.1         8.225E-26
344.2         8.215E-26
344.3         8.204E-26
344.4         8.194E-26
344.5         8.184E-26
344.6         8.174E-26
344.7         8.164E-26
344.8         8.154E-26
344.9         8.144E-26
345.0         8.134E-26
345.1         8.124E-26
345.2         8.114E-26
345.3         8.104E-26
345.4         8.094E-26
345.5         8.084E-26
345.6         8.074E-26
345.7         8.064E-26
345.8         8.054E-26
345.9         8.044E-26
346.0         8.034E-26
346.1         8.024E-26
346.2         8.014E-26
346.3         8.004E-26
346.4         7.994E-26
346.5         7.985E-26
346.6         7.975E-26
346.7         7.965E-26
346.8         7.955E-26
346.9         7.945E-26
347.0         7.936E-26
347.1         7.926E-26
347.2         7.916E-26
347.3         7.907E-26
347.4         7.897E-26
347.5         7.887E-26
347.6         7.877E-26
347.7         7.868E-26
347.8         7.858E-26
347.9         7.849E-26
348.0         7.839E-26
348.1         7.829E-26
348.2         7.820E-26
348.3         7.810E-26
348.4         7.801E-26
348.5         7.791E-26
348.6         7.782E-26
348.7         7.772E-26
348.8         7.763E-26
348.9         7.753E-26
349.0         7.744E-26
349.1         7.734E-26
349.2         7.725E-26
349.3         7.715E-26
349.4         7.706E-26
349.5         7.697E-26
349.6         7.687E-26
349.7         7.678E-26
349.8         7.669E-26
349.9         7.659E-26
350.0         7.650E-26
350.1         7.641E-26
350.2         7.631E-26
350.3         7.622E-26
350.4         7.613E-26
350.5         7.604E-26
350.6         7.594E-26
350.7         7.585E-26
350.8         7.576E-26
350.9         7.567E-26
351.0         7.558E-26
351.1         7.549E-26
351.2         7.539E-26
351.3         7.530E-26
351.4         7.521E-26
351.5         7.512E-26
351.6         7.503E-26
351.7         7.494E-26
351.8         7.485E-26
351.9         7.476E-26
352.0         7.467E-26
352.1         7.458E-26
352.2         7.449E-26
352.3         7.440E-26
352.4         7.431E-26
352.5         7.422E-26
352.6         7.413E-26
352.7         7.404E-26
352.8         7.395E-26
352.9         7.386E-26
353.0         7.377E-26
353.1         7.368E-26
353.2         7.359E-26
353.3         7.351E-26
353.4         7.342E-26
353.5         7.333E-26
353.6         7.324E-26
353.7         7.315E-26
353.8         7.307E-26
353.9         7.298E-26
354.0         7.289E-26
354.1         7.280E-26
354.2         7.272E-26
354.3         7.263E-26
354.4         7.254E-26
354.5         7.245E-26
354.6         7.237E-26
354.7         7.228E-26
354.8         7.219E-26
354.9         7.211E-26
355.0         7.202E-26
355.1         7.194E-26
355.2         7.185E-26
355.3         7.176E-26
355.4         7.168E-26
355.5         7.159E-26
355.6         7.151E-26
355.7         7.142E-26
355.8         7.134E-26
355.9         7.125E-26
356.0         7.117E-26
356.1         7.108E-26
356.2         7.100E-26
356.3         7.091E-26
356.4         7.083E-26
356.5         7.074E-26
356.6         7.066E-26
356.7         7.057E-26
356.8         7.049E-26
356.9         7.041E-26
357.0         7.032E-26
357.1         7.024E-26
357.2         7.016E-26
357.3         7.007E-26
357.4         6.999E-26
357.5         6.991E-26
357.6         6.982E-26
357.7         6.974E-26
357.8         6.966E-26
357.9         6.958E-26
358.0         6.949E-26
358.1         6.941E-26
358.2         6.933E-26
358.3         6.925E-26
358.4         6.916E-26
358.5         6.908E-26
358.6         6.900E-26
358.7         6.892E-26
358.8         6.884E-26
358.9         6.876E-26
359.0         6.868E-26
359.1         6.859E-26
359.2         6.851E-26
359.3         6.843E-26
359.4         6.835E-26
359.5         6.827E-26
359.6         6.819E-26
359.7         6.811E-26
359.8         6.803E-26
359.9         6.795E-26
360.0         6.787E-26
360.1         6.779E-26
360.2         6.771E-26
360.3         6.763E-26
360.4         6.755E-26
360.5         6.747E-26
360.6         6.739E-26
360.7         6.731E-26
360.8         6.723E-26
360.9         6.715E-26
361.0         6.708E-26
361.1         6.700E-26
361.2         6.692E-26
361.3         6.684E-26
361.4         6.676E-26
361.5         6.668E-26
361.6         6.661E-26
361.7         6.653E-26
361.8         6.645E-26
361.9         6.637E-26
362.0         6.629E-26
362.1         6.622E-26
362.2         6.614E-26
362.3         6.606E-26
362.4         6.598E-26
362.5         6.591E-26
362.6         6.583E-26
362.7         6.575E-26
362.8         6.568E-26
362.9         6.560E-26
363.0         6.552E-26
363.1         6.545E-26
363.2         6.537E-26
363.3         6.529E-26
363.4         6.522E-26
363.5         6.514E-26
363.6         6.507E-26
363.7         6.499E-26
363.8         6.492E-26
363.9         6.484E-26
364.0         6.476E-26
364.1         6.469E-26
364.2         6.461E-26
364.3         6.454E-26
364.4         6.446E-26
364.5         6.439E-26
364.6         6.431E-26
364.7         6.424E-26
364.8         6.416E-26
364.9         6.409E-26
365.0         6.402E-26
365.1         6.394E-26
365.2         6.387E-26
365.3         6.379E-26
365.4         6.372E-26
365.5         6.365E-26
365.6         6.357E-26
365.7         6.350E-26
365.8         6.343E-26
365.9         6.335E-26
366.0         6.328E-26
366.1         6.321E-26
366.2         6.313E-26
366.3         6.306E-26
366.4         6.299E-26
366.5         6.291E-26
366.6         6.284E-26
366.7         6.277E-26
366.8         6.270E-26
366.9         6.262E-26
367.0         6.255E-26
367.1         6.248E-26
367.2         6.241E-26
367.3         6.234E-26
367.4         6.226E-26
367.5         6.219E-26
367.6         6.212E-26
367.7         6.205E-26
367.8         6.198E-26
367.9         6.191E-26
368.0         6.184E-26
368.1         6.176E-26
368.2         6.169E-26
368.3         6.162E-26
368.4         6.155E-26
368.5         6.148E-26
368.6         6.141E-26
368.7         6.134E-26
368.8         6.127E-26
368.9         6.120E-26
369.0         6.113E-26
369.1         6.106E-26
369.2         6.099E-26
369.3         6.092E-26
369.4         6.085E-26
369.5         6.078E-26
369.6         6.071E-26
369.7         6.064E-26
369.8         6.057E-26
369.9         6.050E-26
370.0         6.043E-26
370.1         6.037E-26
370.2         6.030E-26
370.3         6.023E-26
370.4         6.016E-26
370.5         6.009E-26
370.6         6.002E-26
370.7         5.995E-26
370.8         5.989E-26
370.9         5.982E-26
371.0         5.975E-26
371.1         5.968E-26
371.2         5.961E-26
371.3         5.954E-26
371.4         5.948E-26
371.5         5.941E-26
371.6         5.934E-26
371.7         5.927E-26
371.8         5.921E-26
371.9         5.914E-26
372.0         5.907E-26
372.1         5.901E-26
372.2         5.894E-26
372.3         5.887E-26
372.4         5.881E-26
372.5         5.874E-26
372.6         5.867E-26
372.7         5.861E-26
372.8         5.854E-26
372.9         5.847E-26
373.0         5.841E-26
373.1         5.834E-26
373.2         5.827E-26
373.3         5.821E-26
373.4         5.814E-26
373.5         5.808E-26
373.6         5.801E-26
373.7         5.795E-26
373.8         5.788E-26
373.9         5.782E-26
374.0         5.775E-26
374.1         5.768E-26
374.2         5.762E-26
374.3         5.755E-26
374.4         5.749E-26
374.5         5.742E-26
374.6         5.736E-26
374.7         5.730E-26
374.8         5.723E-26
374.9         5.717E-26
375.0         5.710E-26
375.1         5.704E-26
375.2         5.697E-26
375.3         5.691E-26
375.4         5.685E-26
375.5         5.678E-26
375.6         5.672E-26
375.7         5.665E-26
375.8         5.659E-26
375.9         5.653E-26
376.0         5.646E-26
376.1         5.640E-26
376.2         5.634E-26
376.3         5.627E-26
376.4         5.621E-26
376.5         5.615E-26
376.6         5.609E-26
376.7         5.602E-26
376.8         5.596E-26
376.9         5.590E-26
377.0         5.583E-26
377.1         5.577E-26
377.2         5.571E-26
377.3         5.565E-26
377.4         5.559E-26
377.5         5.552E-26
377.6         5.546E-26
377.7         5.540E-26
377.8         5.534E-26
377.9         5.528E-26
378.0         5.521E-26
378.1         5.515E-26
378.2         5.509E-26
378.3         5.503E-26
378.4         5.497E-26
378.5         5.491E-26
378.6         5.485E-26
378.7         5.478E-26
378.8         5.472E-26
378.9         5.466E-26
379.0         5.460E-26
379.1         5.454E-26
379.2         5.448E-26
379.3         5.442E-26
379.4         5.436E-26
379.5         5.430E-26
379.6         5.424E-26
379.7         5.418E-26
379.8         5.412E-26
379.9         5.406E-26
380.0         5.400E-26
380.1         5.394E-26
380.2         5.388E-26
380.3         5.382E-26
380.4         5.376E-26
380.5         5.370E-26
380.6         5.364E-26
380.7         5.358E-26
380.8         5.352E-26
380.9         5.346E-26
381.0         5.340E-26
381.1         5.335E-26
381.2         5.329E-26
381.3         5.323E-26
381.4         5.317E-26
381.5         5.311E-26
381.6         5.305E-26
381.7         5.299E-26
381.8         5.293E-26
381.9         5.288E-26
382.0         5.282E-26
382.1         5.276E-26
382.2         5.270E-26
382.3         5.264E-26
382.4         5.259E-26
382.5         5.253E-26
382.6         5.247E-26
382.7         5.241E-26
382.8         5.235E-26
382.9         5.230E-26
383.0         5.224E-26
383.1         5.218E-26
383.2         5.212E-26
383.3         5.207E-26
383.4         5.201E-26
383.5         5.195E-26
383.6         5.190E-26
383.7         5.184E-26
383.8         5.178E-26
383.9         5.172E-26
384.0         5.167E-26
384.1         5.161E-26
384.2         5.156E-26
384.3         5.150E-26
384.4         5.144E-26
384.5         5.139E-26
384.6         5.133E-26
384.7         5.127E-26
384.8         5.122E-26
384.9         5.116E-26
385.0         5.111E-26
385.1         5.105E-26
385.2         5.099E-26
385.3         5.094E-26
385.4         5.088E-26
385.5         5.083E-26
385.6         5.077E-26
385.7         5.072E-26
385.8         5.066E-26
385.9         5.061E-26
386.0         5.055E-26
386.1         5.050E-26
386.2         5.044E-26
386.3         5.039E-26
386.4         5.033E-26
386.5         5.028E-26
386.6         5.022E-26
386.7         5.017E-26
386.8         5.011E-26
386.9         5.006E-26
387.0         5.000E-26
387.1         4.995E-26
387.2         4.989E-26
387.3         4.984E-26
387.4         4.979E-26
387.5         4.973E-26
387.6         4.968E-26
387.7         4.962E-26
387.8         4.957E-26
387.9         4.952E-26
388.0         4.946E-26
388.1         4.941E-26
388.2         4.936E-26
388.3         4.930E-26
388.4         4.925E-26
388.5         4.920E-26
388.6         4.914E-26
388.7         4.909E-26
388.8         4.904E-26
388.9         4.898E-26
389.0         4.893E-26
389.1         4.888E-26
389.2         4.882E-26
389.3         4.877E-26
389.4         4.872E-26
389.5         4.867E-26
389.6         4.861E-26
389.7         4.856E-26
389.8         4.851E-26
389.9         4.846E-26
390.0         4.841E-26
390.1         4.835E-26
390.2         4.830E-26
390.3         4.825E-26
390.4         4.820E-26
390.5         4.815E-26
390.6         4.809E-26
390.7         4.804E-26
390.8         4.799E-26
390.9         4.794E-26
391.0         4.789E-26
391.1         4.784E-26
391.2         4.778E-26
391.3         4.773E-26
391.4         4.768E-26
391.5         4.763E-26
391.6         4.758E-26
391.7         4.753E-26
391.8         4.748E-26
391.9         4.743E-26
392.0         4.738E-26
392.1         4.732E-26
392.2         4.727E-26
392.3         4.722E-26
392.4         4.717E-26
392.5         4.712E-26
392.6         4.707E-26
392.7         4.702E-26
392.8         4.697E-26
392.9         4.692E-26
393.0         4.687E-26
393.1         4.682E-26
393.2         4.677E-26
393.3         4.672E-26
393.4         4.667E-26
393.5         4.662E-26
393.6         4.657E-26
393.7         4.652E-26
393.8         4.647E-26
393.9         4.642E-26
394.0         4.637E-26
394.1         4.632E-26
394.2         4.627E-26
394.3         4.623E-26
394.4         4.618E-26
394.5         4.613E-26
394.6         4.608E-26
394.7         4.603E-26
394.8         4.598E-26
394.9         4.593E-26
395.0         4.588E-26
395.1         4.583E-26
395.2         4.578E-26
395.3         4.574E-26
395.4         4.569E-26
395.5         4.564E-26
395.6         4.559E-26
395.7         4.554E-26
395.8         4.549E-26
395.9         4.545E-26
396.0         4.540E-26
396.1         4.535E-26
396.2         4.530E-26
396.3         4.525E-26
396.4         4.521E-26
396.5         4.516E-26
396.6         4.511E-26
396.7         4.506E-26
396.8         4.501E-26
396.9         4.497E-26
397.0         4.492E-26
397.1         4.487E-26
397.2         4.482E-26
397.3         4.478E-26
397.4         4.473E-26
397.5         4.468E-26
397.6         4.464E-26
397.7         4.459E-26
397.8         4.454E-26
397.9         4.449E-26
398.0         4.445E-26
398.1         4.440E-26
398.2         4.435E-26
398.3         4.431E-26
398.4         4.426E-26
398.5         4.421E-26
398.6         4.417E-26
398.7         4.412E-26
398.8         4.408E-26
398.9         4.403E-26
399.0         4.398E-26
399.1         4.394E-26
399.2         4.389E-26
399.3         4.384E-26
399.4         4.380E-26
399.5         4.375E-26
399.6         4.371E-26
399.7         4.366E-26
399.8         4.361E-26
399.9         4.357E-26
400.0         4.352E-26