#lambda (nm)  cross(cm^2)
20.0          1.091E-18
20.1          1.048E-18
20.2          1.007E-18
20.3          9.680E-19
20.4          9.307E-19
20.5          8.949E-19
20.6          8.607E-19
20.7          8.280E-19
20.8          7.967E-19
20.9          7.666E-19
21.0          7.379E-19
21.1          7.103E-19
21.2          6.839E-19
21.3          6.587E-19
21.4          6.344E-19
21.5          6.112E-19
21.6          5.889E-19
21.7          5.675E-19
21.8          5.470E-19
21.9          5.273E-19
22.0          5.084E-19
22.1          4.903E-19
22.2          4.729E-19
22.3          4.561E-19
22.4          4.401E-19
22.5          4.247E-19
22.6          4.098E-19
22.7          3.956E-19
22.8          3.819E-19
22.9          3.688E-19
23.0          3.561E-19
23.1          3.440E-19
23.2          3.323E-19
23.3          3.210E-19
23.4          3.102E-19
23.5          2.998E-19
23.6          2.898E-19
23.7          2.801E-19
23.8          2.708E-19
23.9          2.619E-19
24.0          2.533E-19
24.1          2.450E-19
24.2          2.370E-19
24.3          2.293E-19
24.4          2.219E-19
24.5          2.147E-19
24.6          2.078E-19
24.7          2.012E-19
24.8          1.948E-19
24.9          1.886E-19
25.0          1.826E-19
25.1          1.769E-19
25.2          1.713E-19
25.3          1.660E-19
25.4          1.608E-19
25.5          1.559E-19
25.6          1.510E-19
25.7          1.464E-19
25.8          1.419E-19
25.9          1.376E-19
26.0          1.334E-19
26.1          1.294E-19
26.2          1.255E-19
26.3          1.217E-19
26.4          1.181E-19
26.5          1.145E-19
26.6          1.111E-19
26.7          1.078E-19
26.8          1.047E-19
26.9          1.016E-19
27.0          9.861E-20
27.1          9.573E-20
27.2          9.295E-20
27.3          9.026E-20
27.4          8.765E-20
27.5          8.513E-20
27.6          8.270E-20
27.7          8.034E-20
27.8          7.805E-20
27.9          7.584E-20
28.0          7.370E-20
28.1          7.162E-20
28.2          6.961E-20
28.3          6.767E-20
28.4          6.578E-20
28.5          6.396E-20
28.6          6.219E-20
28.7          6.047E-20
28.8          5.881E-20
28.9          5.720E-20
29.0          5.564E-20
29.1          5.413E-20
29.2          5.266E-20
29.3          5.124E-20
29.4          4.986E-20
29.5          4.853E-20
29.6          4.723E-20
29.7          4.597E-20
29.8          4.475E-20
29.9          4.356E-20
30.0          4.242E-20
30.1          4.130E-20
30.2          4.022E-20
30.3          3.917E-20
30.4          3.815E-20
30.5          3.716E-20
30.6          3.620E-20
30.7          3.526E-20
30.8          3.436E-20
30.9          3.348E-20
31.0          3.262E-20
31.1          3.179E-20
31.2          3.099E-20
31.3          3.020E-20
31.4          2.944E-20
31.5          2.870E-20
31.6          2.798E-20
31.7          2.728E-20
31.8          2.660E-20
31.9          2.594E-20
32.0          2.530E-20
32.1          2.468E-20
32.2          2.407E-20
32.3          2.348E-20
32.4          2.291E-20
32.5          2.235E-20
32.6          2.181E-20
32.7          2.128E-20
32.8          2.076E-20
32.9          2.026E-20
33.0          1.978E-20
33.1          1.930E-20
33.2          1.884E-20
33.3          1.840E-20
33.4          1.796E-20
33.5          1.754E-20
33.6          1.712E-20
33.7          1.672E-20
33.8          1.633E-20
33.9          1.595E-20
34.0          1.558E-20
34.1          1.521E-20
34.2          1.486E-20
34.3          1.452E-20
34.4          1.418E-20
34.5          1.386E-20
34.6          1.354E-20
34.7          1.323E-20
34.8          1.293E-20
34.9          1.264E-20
35.0          1.235E-20
35.1          1.207E-20
35.2          1.180E-20
35.3          1.154E-20
35.4          1.128E-20
35.5          1.103E-20
35.6          1.078E-20
35.7          1.054E-20
35.8          1.031E-20
35.9          1.008E-20
36.0          9.860E-21
36.1          9.643E-21
36.2          9.432E-21
36.3          9.227E-21
36.4          9.026E-21
36.5          8.830E-21
36.6          8.639E-21
36.7          8.452E-21
36.8          8.271E-21
36.9          8.093E-21
37.0          7.920E-21
37.1          7.751E-21
37.2          7.586E-21
37.3          7.425E-21
37.4          7.267E-21
37.5          7.114E-21
37.6          6.964E-21
37.7          6.818E-21
37.8          6.675E-21
37.9          6.535E-21
38.0          6.399E-21
38.1          6.266E-21
38.2          6.136E-21
38.3          6.009E-21
38.4          5.886E-21
38.5          5.765E-21
38.6          5.646E-21
38.7          5.531E-21
38.8          5.418E-21
38.9          5.308E-21
39.0          5.200E-21
39.1          5.094E-21
39.2          4.992E-21
39.3          4.891E-21
39.4          4.793E-21
39.5          4.697E-21
39.6          4.603E-21
39.7          4.511E-21
39.8          4.421E-21
39.9          4.334E-21
40.0          4.248E-21
40.1          4.164E-21
40.2          4.082E-21
40.3          4.002E-21
40.4          3.923E-21
40.5          3.847E-21
40.6          3.772E-21
40.7          3.698E-21
40.8          3.626E-21
40.9          3.556E-21
41.0          3.488E-21
41.1          3.420E-21
41.2          3.355E-21
41.3          3.290E-21
41.4          3.228E-21
41.5          3.166E-21
41.6          3.106E-21
41.7          3.047E-21
41.8          2.989E-21
41.9          2.933E-21
42.0          2.877E-21
42.1          2.823E-21
42.2          2.770E-21
42.3          2.719E-21
42.4          2.668E-21
42.5          2.618E-21
42.6          2.570E-21
42.7          2.522E-21
42.8          2.475E-21
42.9          2.430E-21
43.0          2.385E-21
43.1          2.341E-21
43.2          2.298E-21
43.3          2.256E-21
43.4          2.215E-21
43.5          2.175E-21
43.6          2.136E-21
43.7          2.097E-21
43.8          2.059E-21
43.9          2.022E-21
44.0          1.986E-21
44.1          1.950E-21
44.2          1.915E-21
44.3          1.881E-21
44.4          1.847E-21
44.5          1.815E-21
44.6          1.783E-21
44.7          1.751E-21
44.8          1.720E-21
44.9          1.690E-21
45.0          1.660E-21
45.1          1.631E-21
45.2          1.603E-21
45.3          1.575E-21
45.4          1.547E-21
45.5          1.520E-21
45.6          1.494E-21
45.7          1.468E-21
45.8          1.443E-21
45.9          1.418E-21
46.0          1.394E-21
46.1          1.370E-21
46.2          1.346E-21
46.3          1.323E-21
46.4          1.301E-21
46.5          1.279E-21
46.6          1.257E-21
46.7          1.236E-21
46.8          1.215E-21
46.9          1.194E-21
47.0          1.174E-21
47.1          1.155E-21
47.2          1.135E-21
47.3          1.116E-21
47.4          1.098E-21
47.5          1.080E-21
47.6          1.062E-21
47.7          1.044E-21
47.8          1.027E-21
47.9          1.010E-21
48.0          9.934E-22
48.1          9.771E-22
48.2          9.611E-22
48.3          9.454E-22
48.4          9.300E-22
48.5          9.149E-22
48.6          9.000E-22
48.7          8.855E-22
48.8          8.711E-22
48.9          8.571E-22
49.0          8.433E-22
49.1          8.298E-22
49.2          8.165E-22
49.3          8.034E-22
49.4          7.906E-22
49.5          7.780E-22
49.6          7.656E-22
49.7          7.535E-22
49.8          7.416E-22
49.9          7.299E-22
50.0          7.183E-22
50.1          7.071E-22
50.2          6.960E-22
50.3          6.851E-22
50.4          6.743E-22
50.5          6.638E-22
50.6          6.535E-22
50.7          6.433E-22
50.8          6.334E-22
50.9          6.236E-22
51.0          6.139E-22
51.1          6.045E-22
51.2          5.952E-22
51.3          5.861E-22
51.4          5.771E-22
51.5          5.683E-22
51.6          5.596E-22
51.7          5.511E-22
51.8          5.427E-22
51.9          5.345E-22
52.0          5.264E-22
52.1          5.184E-22
52.2          5.106E-22
52.3          5.029E-22
52.4          4.954E-22
52.5          4.880E-22
52.6          4.807E-22
52.7          4.735E-22
52.8          4.665E-22
52.9          4.595E-22
53.0          4.527E-22
53.1          4.460E-22
53.2          4.394E-22
53.3          4.329E-22
53.4          4.266E-22
53.5          4.203E-22
53.6          4.141E-22
53.7          4.081E-22
53.8          4.021E-22
53.9          3.963E-22
54.0          3.905E-22
54.1          3.848E-22
54.2          3.793E-22
54.3          3.738E-22
54.4          3.684E-22
54.5          3.631E-22
54.6          3.579E-22
54.7          3.527E-22
54.8          3.477E-22
54.9          3.427E-22
55.0          3.378E-22
55.1          3.330E-22
55.2          3.283E-22
55.3          3.236E-22
55.4          3.190E-22
55.5          3.145E-22
55.6          3.101E-22
55.7          3.057E-22
55.8          3.014E-22
55.9          2.972E-22
56.0          2.930E-22
56.1          2.890E-22
56.2          2.849E-22
56.3          2.810E-22
56.4          2.771E-22
56.5          2.732E-22
56.6          2.694E-22
56.7          2.657E-22
56.8          2.621E-22
56.9          2.584E-22
57.0          2.549E-22
57.1          2.514E-22
57.2          2.480E-22
57.3          2.446E-22
57.4          2.412E-22
57.5          2.380E-22
57.6          2.347E-22
57.7          2.315E-22
57.8          2.284E-22
57.9          2.253E-22
58.0          2.223E-22
58.1          2.193E-22
58.2          2.163E-22
58.3          2.134E-22
58.4          2.106E-22
58.5          2.078E-22
58.6          2.050E-22
58.7          2.023E-22
58.8          1.996E-22
58.9          1.969E-22
59.0          1.943E-22
59.1          1.918E-22
59.2          1.892E-22
59.3          1.867E-22
59.4          1.843E-22
59.5          1.819E-22
59.6          1.795E-22
59.7          1.771E-22
59.8          1.748E-22
59.9          1.726E-22
60.0          1.703E-22
60.1          1.681E-22
60.2          1.659E-22
60.3          1.638E-22
60.4          1.617E-22
60.5          1.596E-22
60.6          1.575E-22
60.7          1.555E-22
60.8          1.535E-22
60.9          1.515E-22
61.0          1.496E-22
61.1          1.477E-22
61.2          1.458E-22
61.3          1.440E-22
61.4          1.421E-22
61.5          1.403E-22
61.6          1.386E-22
61.7          1.368E-22
61.8          1.351E-22
61.9          1.334E-22
62.0          1.317E-22
62.1          1.301E-22
62.2          1.284E-22
62.3          1.268E-22
62.4          1.253E-22
62.5          1.237E-22
62.6          1.222E-22
62.7          1.206E-22
62.8          1.192E-22
62.9          1.177E-22
63.0          1.162E-22
63.1          1.148E-22
63.2          1.134E-22
63.3          1.120E-22
63.4          1.106E-22
63.5          1.093E-22
63.6          1.079E-22
63.7          1.066E-22
63.8          1.053E-22
63.9          1.040E-22
64.0          1.028E-22
64.1          1.015E-22
64.2          1.003E-22
64.3          9.910E-23
64.4          9.791E-23
64.5          9.673E-23
64.6          9.557E-23
64.7          9.442E-23
64.8          9.329E-23
64.9          9.218E-23
65.0          9.108E-23
65.1          8.999E-23
65.2          8.892E-23
65.3          8.787E-23
65.4          8.683E-23
65.5          8.580E-23
65.6          8.479E-23
65.7          8.379E-23
65.8          8.280E-23
65.9          8.183E-23
66.0          8.087E-23
66.1          7.992E-23
66.2          7.899E-23
66.3          7.807E-23
66.4          7.716E-23
66.5          7.626E-23
66.6          7.538E-23
66.7          7.450E-23
66.8          7.364E-23
66.9          7.279E-23
67.0          7.195E-23
67.1          7.112E-23
67.2          7.030E-23
67.3          6.949E-23
67.4          6.870E-23
67.5          6.791E-23
67.6          6.714E-23
67.7          6.637E-23
67.8          6.561E-23
67.9          6.487E-23
68.0          6.413E-23
68.1          6.341E-23
68.2          6.269E-23
68.3          6.198E-23
68.4          6.128E-23
68.5          6.059E-23
68.6          5.991E-23
68.7          5.924E-23
68.8          5.857E-23
68.9          5.792E-23
69.0          5.727E-23
69.1          5.663E-23
69.2          5.600E-23
69.3          5.538E-23
69.4          5.476E-23
69.5          5.416E-23
69.6          5.356E-23
69.7          5.297E-23
69.8          5.238E-23
69.9          5.180E-23
70.0          5.124E-23
70.1          5.067E-23
70.2          5.012E-23
70.3          4.957E-23
70.4          4.903E-23
70.5          4.849E-23
70.6          4.796E-23
70.7          4.744E-23
70.8          4.693E-23
70.9          4.642E-23
71.0          4.592E-23
71.1          4.542E-23
71.2          4.493E-23
71.3          4.444E-23
71.4          4.397E-23
71.5          4.349E-23
71.6          4.303E-23
71.7          4.257E-23
71.8          4.211E-23
71.9          4.166E-23
72.0          4.122E-23
72.1          4.078E-23
72.2          4.035E-23
72.3          3.992E-23
72.4          3.949E-23
72.5          3.908E-23
72.6          3.866E-23
72.7          3.826E-23
72.8          3.785E-23
72.9          3.745E-23
73.0          3.706E-23
73.1          3.667E-23
73.2          3.629E-23
73.3          3.591E-23
73.4          3.553E-23
73.5          3.516E-23
73.6          3.480E-23
73.7          3.444E-23
73.8          3.408E-23
73.9          3.373E-23
74.0          3.338E-23
74.1          3.303E-23
74.2          3.269E-23
74.3          3.235E-23
74.4          3.202E-23
74.5          3.169E-23
74.6          3.137E-23
74.7          3.105E-23
74.8          3.073E-23
74.9          3.041E-23
75.0          3.009E-23
75.1          2.978E-23
75.2          2.947E-23
75.3          2.916E-23
75.4          2.886E-23
75.5          2.856E-23
75.6          2.827E-23
75.7          2.798E-23
75.8          2.769E-23
75.9          2.741E-23
76.0          2.713E-23
76.1          2.685E-23
76.2          2.657E-23
76.3          2.630E-23
76.4          2.604E-23
76.5          2.577E-23
76.6          2.551E-23
76.7          2.525E-23
76.8          2.500E-23
76.9          2.474E-23
77.0          2.450E-23
77.1          2.425E-23
77.2          2.401E-23
77.3          2.377E-23
77.4          2.353E-23
77.5          2.329E-23
77.6          2.306E-23
77.7          2.283E-23
77.8          2.260E-23
77.9          2.238E-23
78.0          2.216E-23
78.1          2.194E-23
78.2          2.172E-23
78.3          2.151E-23
78.4          2.130E-23
78.5          2.109E-23
78.6          2.088E-23
78.7          2.068E-23
78.8          2.048E-23
78.9          2.028E-23
79.0          2.008E-23
79.1          1.988E-23
79.2          1.969E-23
79.3          1.950E-23
79.4          1.931E-23
79.5          1.913E-23
79.6          1.894E-23
79.7          1.876E-23
79.8          1.858E-23
79.9          1.840E-23
80.0          1.823E-23
80.1          1.805E-23
80.2          1.788E-23
80.3          1.771E-23
80.4          1.754E-23
80.5          1.738E-23
80.6          1.721E-23
80.7          1.705E-23
80.8          1.689E-23
80.9          1.673E-23
81.0          1.657E-23
81.1          1.642E-23
81.2          1.627E-23
81.3          1.611E-23
81.4          1.596E-23
81.5          1.582E-23
81.6          1.567E-23
81.7          1.552E-23
81.8          1.538E-23
81.9          1.524E-23
82.0          1.510E-23
82.1          1.496E-23
82.2          1.482E-23
82.3          1.468E-23
82.4          1.455E-23
82.5          1.442E-23
82.6          1.429E-23
82.7          1.416E-23
82.8          1.403E-23
82.9          1.390E-23
83.0          1.377E-23
83.1          1.365E-23
83.2          1.353E-23
83.3          1.340E-23
83.4          1.328E-23
83.5          1.317E-23
83.6          1.305E-23
83.7          1.293E-23
83.8          1.282E-23
83.9          1.270E-23
84.0          1.259E-23
84.1          1.248E-23
84.2          1.237E-23
84.3          1.226E-23
84.4          1.215E-23
84.5          1.204E-23
84.6          1.194E-23
84.7          1.183E-23
84.8          1.173E-23
84.9          1.163E-23
85.0          1.152E-23
85.1          1.142E-23
85.2          1.132E-23
85.3          1.123E-23
85.4          1.113E-23
85.5          1.103E-23
85.6          1.094E-23
85.7          1.084E-23
85.8          1.075E-23
85.9          1.066E-23
86.0          1.057E-23
86.1          1.048E-23
86.2          1.039E-23
86.3          1.030E-23
86.4          1.021E-23
86.5          1.012E-23
86.6          1.004E-23
86.7          9.953E-24
86.8          9.869E-24
86.9          9.786E-24
87.0          9.704E-24
87.1          9.622E-24
87.2          9.542E-24
87.3          9.462E-24
87.4          9.383E-24
87.5          9.305E-24
87.6          9.227E-24
87.7          9.151E-24
87.8          9.075E-24
87.9          9.000E-24
88.0          8.926E-24
88.1          8.852E-24
88.2          8.780E-24
88.3          8.708E-24
88.4          8.636E-24
88.5          8.566E-24
88.6          8.496E-24
88.7          8.427E-24
88.8          8.358E-24
88.9          8.291E-24
89.0          8.223E-24
89.1          8.157E-24
89.2          8.091E-24
89.3          8.026E-24
89.4          7.962E-24
89.5          7.898E-24
89.6          7.835E-24
89.7          7.772E-24
89.8          7.710E-24
89.9          7.649E-24
90.0          7.588E-24
90.1          7.528E-24
90.2          7.469E-24
90.3          7.410E-24
90.4          7.351E-24
90.5          7.293E-24
90.6          7.236E-24
90.7          7.180E-24
90.8          7.123E-24
90.9          7.068E-24
91.0          7.013E-24
91.1          6.958E-24
91.2          6.904E-24
91.3          6.851E-24
91.4          6.798E-24
91.5          6.746E-24
91.6          6.694E-24
91.7          6.642E-24
91.8          6.591E-24
91.9          6.541E-24
92.0          6.491E-24
92.1          6.441E-24
92.2          6.392E-24
92.3          6.344E-24
92.4          6.296E-24
92.5          6.248E-24
92.6          6.201E-24
92.7          6.154E-24
92.8          6.108E-24
92.9          6.062E-24
93.0          6.017E-24
93.1          5.972E-24
93.2          5.928E-24
93.3          5.883E-24
93.4          5.840E-24
93.5          5.796E-24
93.6          5.754E-24
93.7          5.711E-24
93.8          5.669E-24
93.9          5.627E-24
94.0          5.586E-24
94.1          5.545E-24
94.2          5.505E-24
94.3          5.464E-24
94.4          5.425E-24
94.5          5.385E-24
94.6          5.346E-24
94.7          5.308E-24
94.8          5.269E-24
94.9          5.231E-24
95.0          5.194E-24
95.1          5.156E-24
95.2          5.119E-24
95.3          5.083E-24
95.4          5.047E-24
95.5          5.011E-24
95.6          4.975E-24
95.7          4.940E-24
95.8          4.905E-24
95.9          4.870E-24
96.0          4.836E-24
96.1          4.802E-24
96.2          4.768E-24
96.3          4.735E-24
96.4          4.702E-24
96.5          4.669E-24
96.6          4.636E-24
96.7          4.604E-24
96.8          4.572E-24
96.9          4.540E-24
97.0          4.509E-24
97.1          4.478E-24
97.2          4.447E-24
97.3          4.417E-24
97.4          4.387E-24
97.5          4.357E-24
97.6          4.327E-24
97.7          4.297E-24
97.8          4.268E-24
97.9          4.239E-24
98.0          4.211E-24
98.1          4.182E-24
98.2          4.154E-24
98.3          4.126E-24
98.4          4.098E-24
98.5          4.071E-24
98.6          4.044E-24
98.7          4.017E-24
98.8          3.990E-24
98.9          3.964E-24
99.0          3.937E-24
99.1          3.911E-24
99.2          3.885E-24
99.3          3.860E-24
99.4          3.835E-24
99.5          3.809E-24
99.6          3.785E-24
99.7          3.760E-24
99.8          3.735E-24
99.9          3.711E-24
100.0         3.687E-24
100.1         3.663E-24
100.2         3.639E-24
100.3         3.616E-24
100.4         3.593E-24
100.5         3.570E-24
100.6         3.547E-24
100.7         3.524E-24
100.8         3.502E-24
100.9         3.479E-24
101.0         3.457E-24
101.1         3.435E-24
101.2         3.414E-24
101.3         3.392E-24
101.4         3.371E-24
101.5         3.350E-24
101.6         3.329E-24
101.7         3.308E-24
101.8         3.287E-24
101.9         3.267E-24
102.0         3.246E-24
102.1         3.226E-24
102.2         3.206E-24
102.3         3.186E-24
102.4         3.167E-24
102.5         3.147E-24
102.6         3.128E-24
102.7         3.109E-24
102.8         3.090E-24
102.9         3.071E-24
103.0         3.052E-24
103.1         3.034E-24
103.2         3.015E-24
103.3         2.997E-24
103.4         2.979E-24
103.5         2.961E-24
103.6         2.943E-24
103.7         2.926E-24
103.8         2.908E-24
103.9         2.891E-24
104.0         2.874E-24
104.1         2.857E-24
104.2         2.840E-24
104.3         2.823E-24
104.4         2.806E-24
104.5         2.790E-24
104.6         2.773E-24
104.7         2.757E-24
104.8         2.741E-24
104.9         2.725E-24
105.0         2.709E-24
105.1         2.693E-24
105.2         2.678E-24
105.3         2.662E-24
105.4         2.647E-24
105.5         2.632E-24
105.6         2.617E-24
105.7         2.602E-24
105.8         2.587E-24
105.9         2.572E-24
106.0         2.557E-24
106.1         2.543E-24
106.2         2.528E-24
106.3         2.514E-24
106.4         2.500E-24
106.5         2.486E-24
106.6         2.472E-24
106.7         2.458E-24
106.8         2.444E-24
106.9         2.431E-24
107.0         2.417E-24
107.1         2.404E-24
107.2         2.390E-24
107.3         2.377E-24
107.4         2.364E-24
107.5         2.351E-24
107.6         2.338E-24
107.7         2.325E-24
107.8         2.312E-24
107.9         2.300E-24
108.0         2.287E-24
108.1         2.275E-24
108.2         2.263E-24
108.3         2.250E-24
108.4         2.238E-24
108.5         2.226E-24
108.6         2.214E-24
108.7         2.202E-24
108.8         2.191E-24
108.9         2.179E-24
109.0         2.167E-24
109.1         2.156E-24
109.2         2.144E-24
109.3         2.133E-24
109.4         2.122E-24
109.5         2.111E-24
109.6         2.100E-24
109.7         2.089E-24
109.8         2.078E-24
109.9         2.067E-24
110.0         2.056E-24
110.1         2.045E-24
110.2         2.035E-24
110.3         2.024E-24
110.4         2.014E-24
110.5         2.004E-24
110.6         1.993E-24
110.7         1.983E-24
110.8         1.973E-24
110.9         1.963E-24
111.0         1.953E-24
111.1         1.943E-24
111.2         1.933E-24
111.3         1.923E-24
111.4         1.914E-24
111.5         1.904E-24
111.6         1.895E-24
111.7         1.885E-24
111.8         1.876E-24
111.9         1.866E-24
112.0         1.857E-24
112.1         1.848E-24
112.2         1.839E-24
112.3         1.830E-24
112.4         1.821E-24
112.5         1.812E-24
112.6         1.803E-24
112.7         1.794E-24
112.8         1.785E-24
112.9         1.777E-24
113.0         1.768E-24
113.1         1.760E-24
113.2         1.751E-24
113.3         1.743E-24
113.4         1.734E-24
113.5         1.726E-24
113.6         1.718E-24
113.7         1.710E-24
113.8         1.702E-24
113.9         1.693E-24
114.0         1.685E-24
114.1         1.677E-24
114.2         1.670E-24
114.3         1.662E-24
114.4         1.654E-24
114.5         1.646E-24
114.6         1.639E-24
114.7         1.631E-24
114.8         1.623E-24
114.9         1.616E-24
115.0         1.608E-24
115.1         1.601E-24
115.2         1.594E-24
115.3         1.586E-24
115.4         1.579E-24
115.5         1.572E-24
115.6         1.565E-24
115.7         1.558E-24
115.8         1.551E-24
115.9         1.544E-24
116.0         1.537E-24
116.1         1.530E-24
116.2         1.523E-24
116.3         1.516E-24
116.4         1.509E-24
116.5         1.503E-24
116.6         1.496E-24
116.7         1.489E-24
116.8         1.483E-24
116.9         1.476E-24
117.0         1.470E-24
117.1         1.463E-24
117.2         1.457E-24
117.3         1.450E-24
117.4         1.444E-24
117.5         1.438E-24
117.6         1.432E-24
117.7         1.425E-24
117.8         1.419E-24
117.9         1.413E-24
118.0         1.407E-24
118.1         1.401E-24
118.2         1.395E-24
118.3         1.389E-24
118.4         1.383E-24
118.5         1.377E-24
118.6         1.372E-24
118.7         1.366E-24
118.8         1.360E-24
118.9         1.354E-24
119.0         1.349E-24
119.1         1.343E-24
119.2         1.337E-24
119.3         1.332E-24
119.4         1.326E-24
119.5         1.321E-24
119.6         1.316E-24
119.7         1.310E-24
119.8         1.305E-24
119.9         1.299E-24
120.0         1.294E-24
120.1         1.289E-24
120.2         1.284E-24
120.3         1.278E-24
120.4         1.273E-24
120.5         1.268E-24
120.6         1.263E-24
120.7         1.258E-24
120.8         1.253E-24
120.9         1.248E-24
121.0         1.243E-24
121.1         1.238E-24
121.2         1.233E-24
121.3         1.228E-24
121.4         1.223E-24
121.5         1.219E-24
121.6         1.214E-24
121.7         1.209E-24
121.8         1.204E-24
121.9         1.200E-24
122.0         1.195E-24
122.1         1.191E-24
122.2         1.186E-24
122.3         1.181E-24
122.4         1.177E-24
122.5         1.172E-24
122.6         1.168E-24
122.7         1.163E-24
122.8         1.159E-24
122.9         1.155E-24
123.0         1.150E-24
123.1         1.146E-24
123.2         1.142E-24
123.3         1.137E-24
123.4         1.133E-24
123.5         1.129E-24
123.6         1.125E-24
123.7         1.121E-24
123.8         1.116E-24
123.9         1.112E-24
124.0         1.108E-24
124.1         1.104E-24
124.2         1.100E-24
124.3         1.096E-24
124.4         1.092E-24
124.5         1.088E-24
124.6         1.084E-24
124.7         1.080E-24
124.8         1.076E-24
124.9         1.073E-24
125.0         1.069E-24
125.1         1.065E-24
125.2         1.061E-24
125.3         1.057E-24
125.4         1.054E-24
125.5         1.050E-24
125.6         1.046E-24
125.7         1.043E-24
125.8         1.039E-24
125.9         1.035E-24
126.0         1.032E-24
126.1         1.028E-24
126.2         1.024E-24
126.3         1.021E-24
126.4         1.017E-24
126.5         1.014E-24
126.6         1.010E-24
126.7         1.007E-24
126.8         1.004E-24
126.9         1.000E-24
127.0         9.968E-25
127.1         9.934E-25
127.2         9.901E-25
127.3         9.867E-25
127.4         9.834E-25
127.5         9.801E-25
127.6         9.769E-25
127.7         9.736E-25
127.8         9.704E-25
127.9         9.672E-25
128.0         9.640E-25
128.1         9.608E-25
128.2         9.577E-25
128.3         9.545E-25
128.4         9.514E-25
128.5         9.483E-25
128.6         9.452E-25
128.7         9.422E-25
128.8         9.391E-25
128.9         9.361E-25
129.0         9.331E-25
129.1         9.301E-25
129.2         9.271E-25
129.3         9.242E-25
129.4         9.213E-25
129.5         9.183E-25
129.6         9.155E-25
129.7         9.126E-25
129.8         9.097E-25
129.9         9.069E-25
130.0         9.040E-25
130.1         9.012E-25
130.2         8.984E-25
130.3         8.956E-25
130.4         8.929E-25
130.5         8.901E-25
130.6         8.874E-25
130.7         8.847E-25
130.8         8.820E-25
130.9         8.793E-25
131.0         8.766E-25
131.1         8.740E-25
131.2         8.713E-25
131.3         8.687E-25
131.4         8.661E-25
131.5         8.635E-25
131.6         8.609E-25
131.7         8.584E-25
131.8         8.558E-25
131.9         8.533E-25
132.0         8.508E-25
132.1         8.483E-25
132.2         8.458E-25
132.3         8.433E-25
132.4         8.409E-25
132.5         8.384E-25
132.6         8.360E-25
132.7         8.336E-25
132.8         8.312E-25
132.9         8.288E-25
133.0         8.264E-25
133.1         8.240E-25
133.2         8.217E-25
133.3         8.193E-25
133.4         8.170E-25
133.5         8.147E-25
133.6         8.124E-25
133.7         8.101E-25
133.8         8.079E-25
133.9         8.056E-25
134.0         8.034E-25
134.1         8.011E-25
134.2         7.989E-25
134.3         7.967E-25
134.4         7.945E-25
134.5         7.923E-25
134.6         7.902E-25
134.7         7.880E-25
134.8         7.859E-25
134.9         7.837E-25
135.0         7.816E-25
135.1         7.795E-25
135.2         7.774E-25
135.3         7.753E-25
135.4         7.733E-25
135.5         7.712E-25
135.6         7.691E-25
135.7         7.671E-25
135.8         7.651E-25
135.9         7.631E-25
136.0         7.611E-25
136.1         7.591E-25
136.2         7.571E-25
136.3         7.551E-25
136.4         7.531E-25
136.5         7.512E-25
136.6         7.493E-25
136.7         7.473E-25
136.8         7.454E-25
136.9         7.435E-25
137.0         7.416E-25
137.1         7.397E-25
137.2         7.378E-25
137.3         7.360E-25
137.4         7.341E-25
137.5         7.323E-25
137.6         7.304E-25
137.7         7.286E-25
137.8         7.268E-25
137.9         7.250E-25
138.0         7.232E-25
138.1         7.214E-25
138.2         7.196E-25
138.3         7.179E-25
138.4         7.161E-25
138.5         7.144E-25
138.6         7.126E-25
138.7         7.109E-25
138.8         7.092E-25
138.9         7.075E-25
139.0         7.058E-25
139.1         7.041E-25
139.2         7.024E-25
139.3         7.007E-25
139.4         6.991E-25
139.5         6.974E-25
139.6         6.958E-25
139.7         6.941E-25
139.8         6.925E-25
139.9         6.909E-25
140.0         6.893E-25
140.1         6.877E-25
140.2         6.861E-25
140.3         6.845E-25
140.4         6.829E-25
140.5         6.814E-25
140.6         6.798E-25
140.7         6.782E-25
140.8         6.767E-25
140.9         6.752E-25
141.0         6.736E-25
141.1         6.721E-25
141.2         6.706E-25
141.3         6.691E-25
141.4         6.676E-25
141.5         6.661E-25
141.6         6.647E-25
141.7         6.632E-25
141.8         6.617E-25
141.9         6.603E-25
142.0         6.588E-25
142.1         6.574E-25
142.2         6.559E-25
142.3         6.545E-25
142.4         6.531E-25
142.5         6.517E-25
142.6         6.503E-25
142.7         6.489E-25
142.8         6.475E-25
142.9         6.461E-25
143.0         6.447E-25
143.1         6.434E-25
143.2         6.420E-25
143.3         6.407E-25
143.4         6.393E-25
143.5         6.380E-25
143.6         6.366E-25
143.7         6.353E-25
143.8         6.340E-25
143.9         6.327E-25
144.0         6.314E-25
144.1         6.301E-25
144.2         6.288E-25
144.3         6.275E-25
144.4         6.262E-25
144.5         6.250E-25
144.6         6.237E-25
144.7         6.224E-25
144.8         6.212E-25
144.9         6.199E-25
145.0         6.187E-25
145.1         6.175E-25
145.2         6.162E-25
145.3         6.150E-25
145.4         6.138E-25
145.5         6.126E-25
145.6         6.114E-25
145.7         6.102E-25
145.8         6.090E-25
145.9         6.078E-25
146.0         6.067E-25
146.1         6.055E-25
146.2         6.043E-25
146.3         6.032E-25
146.4         6.020E-25
146.5         6.009E-25
146.6         5.997E-25
146.7         5.986E-25
146.8         5.974E-25
146.9         5.963E-25
147.0         5.952E-25
147.1         5.941E-25
147.2         5.930E-25
147.3         5.919E-25
147.4         5.908E-25
147.5         5.897E-25
147.6         5.886E-25
147.7         5.875E-25
147.8         5.864E-25
147.9         5.854E-25
148.0         5.843E-25
148.1         5.833E-25
148.2         5.822E-25
148.3         5.811E-25
148.4         5.801E-25
148.5         5.791E-25
148.6         5.780E-25
148.7         5.770E-25
148.8         5.760E-25
148.9         5.750E-25
149.0         5.739E-25
149.1         5.729E-25
149.2         5.719E-25
149.3         5.709E-25
149.4         5.699E-25
149.5         5.690E-25
149.6         5.680E-25
149.7         5.670E-25
149.8         5.660E-25
149.9         5.650E-25
150.0         5.641E-25
150.1         5.631E-25
150.2         5.622E-25
150.3         5.612E-25
150.4         5.603E-25
150.5         5.593E-25
150.6         5.584E-25
150.7         5.575E-25
150.8         5.565E-25
150.9         5.556E-25
151.0         5.547E-25
151.1         5.538E-25
151.2         5.529E-25
151.3         5.520E-25
151.4         5.511E-25
151.5         5.502E-25
151.6         5.493E-25
151.7         5.484E-25
151.8         5.475E-25
151.9         5.466E-25
152.0         5.457E-25
152.1         5.449E-25
152.2         5.440E-25
152.3         5.431E-25
152.4         5.423E-25
152.5         5.414E-25
152.6         5.406E-25
152.7         5.397E-25
152.8         5.389E-25
152.9         5.380E-25
153.0         5.372E-25
153.1         5.364E-25
153.2         5.355E-25
153.3         5.347E-25
153.4         5.339E-25
153.5         5.331E-25
153.6         5.323E-25
153.7         5.314E-25
153.8         5.306E-25
153.9         5.298E-25
154.0         5.290E-25
154.1         5.283E-25
154.2         5.275E-25
154.3         5.267E-25
154.4         5.259E-25
154.5         5.251E-25
154.6         5.243E-25
154.7         5.236E-25
154.8         5.228E-25
154.9         5.220E-25
155.0         5.213E-25
155.1         5.205E-25
155.2         5.198E-25
155.3         5.190E-25
155.4         5.183E-25
155.5         5.175E-25
155.6         5.168E-25
155.7         5.160E-25
155.8         5.153E-25
155.9         5.146E-25
156.0         5.138E-25
156.1         5.131E-25
156.2         5.124E-25
156.3         5.117E-25
156.4         5.110E-25
156.5         5.103E-25
156.6         5.095E-25
156.7         5.088E-25
156.8         5.081E-25
156.9         5.074E-25
157.0         5.067E-25
157.1         5.060E-25
157.2         5.054E-25
157.3         5.047E-25
157.4         5.040E-25
157.5         5.033E-25
157.6         5.026E-25
157.7         5.020E-25
157.8         5.013E-25
157.9         5.006E-25
158.0         5.000E-25
158.1         4.993E-25
158.2         4.986E-25
158.3         4.980E-25
158.4         4.973E-25
158.5         4.967E-25
158.6         4.960E-25
158.7         4.954E-25
158.8         4.947E-25
158.9         4.941E-25
159.0         4.935E-25
159.1         4.928E-25
159.2         4.922E-25
159.3         4.916E-25
159.4         4.909E-25
159.5         4.903E-25
159.6         4.897E-25
159.7         4.891E-25
159.8         4.885E-25
159.9         4.878E-25
160.0         4.872E-25
160.1         4.866E-25
160.2         4.860E-25
160.3         4.854E-25
160.4         4.848E-25
160.5         4.842E-25
160.6         4.836E-25
160.7         4.830E-25
160.8         4.824E-25
160.9         4.818E-25
161.0         4.813E-25
161.1         4.807E-25
161.2         4.801E-25
161.3         4.795E-25
161.4         4.789E-25
161.5         4.784E-25
161.6         4.778E-25
161.7         4.772E-25
161.8         4.767E-25
161.9         4.761E-25
162.0         4.755E-25
162.1         4.750E-25
162.2         4.744E-25
162.3         4.739E-25
162.4         4.733E-25
162.5         4.728E-25
162.6         4.722E-25
162.7         4.717E-25
162.8         4.711E-25
162.9         4.706E-25
163.0         4.700E-25
163.1         4.695E-25
163.2         4.690E-25
163.3         4.684E-25
163.4         4.679E-25
163.5         4.674E-25
163.6         4.668E-25
163.7         4.663E-25
163.8         4.658E-25
163.9         4.653E-25
164.0         4.648E-25
164.1         4.642E-25
164.2         4.637E-25
164.3         4.632E-25
164.4         4.627E-25
164.5         4.622E-25
164.6         4.617E-25
164.7         4.612E-25
164.8         4.607E-25
164.9         4.602E-25
165.0         4.597E-25
165.1         4.592E-25
165.2         4.587E-25
165.3         4.582E-25
165.4         4.577E-25
165.5         4.572E-25
165.6         4.567E-25
165.7         4.562E-25
165.8         4.557E-25
165.9         4.553E-25
166.0         4.548E-25
166.1         4.543E-25
166.2         4.538E-25
166.3         4.533E-25
166.4         4.529E-25
166.5         4.524E-25
166.6         4.519E-25
166.7         4.514E-25
166.8         4.510E-25
166.9         4.505E-25
167.0         4.500E-25
167.1         4.496E-25
167.2         4.491E-25
167.3         4.487E-25
167.4         4.482E-25
167.5         4.477E-25
167.6         4.473E-25
167.7         4.468E-25
167.8         4.464E-25
167.9         4.459E-25
168.0         4.455E-25
168.1         4.450E-25
168.2         4.446E-25
168.3         4.441E-25
168.4         4.437E-25
168.5         4.433E-25
168.6         4.428E-25
168.7         4.424E-25
168.8         4.419E-25
168.9         4.415E-25
169.0         4.411E-25
169.1         4.406E-25
169.2         4.402E-25
169.3         4.398E-25
169.4         4.394E-25
169.5         4.389E-25
169.6         4.385E-25
169.7         4.381E-25
169.8         4.377E-25
169.9         4.372E-25
170.0         4.368E-25
170.1         4.364E-25
170.2         4.360E-25
170.3         4.356E-25
170.4         4.351E-25
170.5         4.347E-25
170.6         4.343E-25
170.7         4.339E-25
170.8         4.335E-25
170.9         4.331E-25
171.0         4.327E-25
171.1         4.323E-25
171.2         4.319E-25
171.3         4.315E-25
171.4         4.310E-25
171.5         4.306E-25
171.6         4.302E-25
171.7         4.298E-25
171.8         4.294E-25
171.9         4.290E-25
172.0         4.287E-25
172.1         4.283E-25
172.2         4.279E-25
172.3         4.275E-25
172.4         4.271E-25
172.5         4.267E-25
172.6         4.263E-25
172.7         4.259E-25
172.8         4.255E-25
172.9         4.251E-25
173.0         4.247E-25
173.1         4.244E-25
173.2         4.240E-25
173.3         4.236E-25
173.4         4.232E-25
173.5         4.228E-25
173.6         4.224E-25
173.7         4.221E-25
173.8         4.217E-25
173.9         4.213E-25
174.0         4.209E-25
174.1         4.206E-25
174.2         4.202E-25
174.3         4.198E-25
174.4         4.194E-25
174.5         4.191E-25
174.6         4.187E-25
174.7         4.183E-25
174.8         4.180E-25
174.9         4.176E-25
175.0         4.172E-25
175.1         4.168E-25
175.2         4.165E-25
175.3         4.161E-25
175.4         4.158E-25
175.5         4.154E-25
175.6         4.150E-25
175.7         4.147E-25
175.8         4.143E-25
175.9         4.139E-25
176.0         4.136E-25
176.1         4.132E-25
176.2         4.129E-25
176.3         4.125E-25
176.4         4.121E-25
176.5         4.118E-25
176.6         4.114E-25
176.7         4.111E-25
176.8         4.107E-25
176.9         4.104E-25
177.0         4.100E-25
177.1         4.097E-25
177.2         4.093E-25
177.3         4.090E-25
177.4         4.086E-25
177.5         4.083E-25
177.6         4.079E-25
177.7         4.076E-25
177.8         4.072E-25
177.9         4.069E-25
178.0         4.065E-25
178.1         4.062E-25
178.2         4.058E-25
178.3         4.055E-25
178.4         4.051E-25
178.5         4.048E-25
178.6         4.045E-25
178.7         4.041E-25
178.8         4.038E-25
178.9         4.034E-25
179.0         4.031E-25
179.1         4.027E-25
179.2         4.024E-25
179.3         4.021E-25
179.4         4.017E-25
179.5         4.014E-25
179.6         4.011E-25
179.7         4.007E-25
179.8         4.004E-25
179.9         4.000E-25
180.0         3.997E-25
180.1         3.994E-25
180.2         3.990E-25
180.3         3.987E-25
180.4         3.984E-25
180.5         3.980E-25
180.6         3.977E-25
180.7         3.974E-25
180.8         3.970E-25
180.9         3.967E-25
181.0         3.964E-25
181.1         3.960E-25
181.2         3.957E-25
181.3         3.954E-25
181.4         3.950E-25
181.5         3.947E-25
181.6         3.944E-25
181.7         3.940E-25
181.8         3.937E-25
181.9         3.934E-25
182.0         3.931E-25
182.1         3.927E-25
182.2         3.924E-25
182.3         3.921E-25
182.4         3.917E-25
182.5         3.914E-25
182.6         3.911E-25
182.7         3.908E-25
182.8         3.904E-25
182.9         3.901E-25
183.0         3.898E-25
183.1         3.895E-25
183.2         3.891E-25
183.3         3.888E-25
183.4         3.885E-25
183.5         3.882E-25
183.6         3.878E-25
183.7         3.875E-25
183.8         3.872E-25
183.9         3.868E-25
184.0         3.865E-25
184.1         3.862E-25
184.2         3.859E-25
184.3         3.856E-25
184.4         3.852E-25
184.5         3.849E-25
184.6         3.846E-25
184.7         3.843E-25
184.8         3.839E-25
184.9         3.836E-25
185.0         3.833E-25
185.1         3.830E-25
185.2         3.826E-25
185.3         3.823E-25
185.4         3.820E-25
185.5         3.817E-25
185.6         3.813E-25
185.7         3.810E-25
185.8         3.807E-25
185.9         3.804E-25
186.0         3.801E-25
186.1         3.797E-25
186.2         3.794E-25
186.3         3.791E-25
186.4         3.788E-25
186.5         3.784E-25
186.6         3.781E-25
186.7         3.778E-25
186.8         3.775E-25
186.9         3.772E-25
187.0         3.768E-25
187.1         3.765E-25
187.2         3.762E-25
187.3         3.759E-25
187.4         3.755E-25
187.5         3.752E-25
187.6         3.749E-25
187.7         3.746E-25
187.8         3.742E-25
187.9         3.739E-25
188.0         3.736E-25
188.1         3.733E-25
188.2         3.730E-25
188.3         3.726E-25
188.4         3.723E-25
188.5         3.720E-25
188.6         3.717E-25
188.7         3.713E-25
188.8         3.710E-25
188.9         3.707E-25
189.0         3.704E-25
189.1         3.700E-25
189.2         3.697E-25
189.3         3.694E-25
189.4         3.691E-25
189.5         3.687E-25
189.6         3.684E-25
189.7         3.681E-25
189.8         3.678E-25
189.9         3.674E-25
190.0         3.671E-25
190.1         3.668E-25
190.2         3.665E-25
190.3         3.661E-25
190.4         3.658E-25
190.5         3.655E-25
190.6         3.652E-25
190.7         3.648E-25
190.8         3.645E-25
190.9         3.642E-25
191.0         3.638E-25
191.1         3.635E-25
191.2         3.632E-25
191.3         3.629E-25
191.4         3.625E-25
191.5         3.622E-25
191.6         3.619E-25
191.7         3.615E-25
191.8         3.612E-25
191.9         3.609E-25
192.0         3.605E-25
192.1         3.602E-25
192.2         3.599E-25
192.3         3.596E-25
192.4         3.592E-25
192.5         3.589E-25
192.6         3.586E-25
192.7         3.582E-25
192.8         3.579E-25
192.9         3.576E-25
193.0         3.572E-25
193.1         3.569E-25
193.2         3.566E-25
193.3         3.562E-25
193.4         3.559E-25
193.5         3.556E-25
193.6         3.552E-25
193.7         3.549E-25
193.8         3.545E-25
193.9         3.542E-25
194.0         3.539E-25
194.1         3.535E-25
194.2         3.532E-25
194.3         3.529E-25
194.4         3.525E-25
194.5         3.522E-25
194.6         3.518E-25
194.7         3.515E-25
194.8         3.512E-25
194.9         3.508E-25
195.0         3.505E-25
195.1         3.501E-25
195.2         3.498E-25
195.3         3.495E-25
195.4         3.491E-25
195.5         3.488E-25
195.6         3.484E-25
195.7         3.481E-25
195.8         3.477E-25
195.9         3.474E-25
196.0         3.470E-25
196.1         3.467E-25
196.2         3.463E-25
196.3         3.460E-25
196.4         3.457E-25
196.5         3.453E-25
196.6         3.450E-25
196.7         3.446E-25
196.8         3.443E-25
196.9         3.439E-25
197.0         3.436E-25
197.1         3.432E-25
197.2         3.429E-25
197.3         3.425E-25
197.4         3.422E-25
197.5         3.418E-25
197.6         3.414E-25
197.7         3.411E-25
197.8         3.407E-25
197.9         3.404E-25
198.0         3.400E-25
198.1         3.397E-25
198.2         3.393E-25
198.3         3.390E-25
198.4         3.386E-25
198.5         3.382E-25
198.6         3.379E-25
198.7         3.375E-25
198.8         3.372E-25
198.9         3.368E-25
199.0         3.364E-25
199.1         3.361E-25
199.2         3.357E-25
199.3         3.354E-25
199.4         3.350E-25
199.5         3.346E-25
199.6         3.343E-25
199.7         3.339E-25
199.8         3.335E-25
199.9         3.332E-25
200.0         3.328E-25
200.1         3.324E-25
200.2         3.321E-25
200.3         3.317E-25
200.4         3.313E-25
200.5         3.310E-25
200.6         3.306E-25
200.7         3.302E-25
200.8         3.299E-25
200.9         3.295E-25
201.0         3.291E-25
201.1         3.287E-25
201.2         3.284E-25
201.3         3.280E-25
201.4         3.276E-25
201.5         3.272E-25
201.6         3.269E-25
201.7         3.265E-25
201.8         3.261E-25
201.9         3.257E-25
202.0         3.253E-25
202.1         3.250E-25
202.2         3.246E-25
202.3         3.242E-25
202.4         3.238E-25
202.5         3.234E-25
202.6         3.231E-25
202.7         3.227E-25
202.8         3.223E-25
202.9         3.219E-25
203.0         3.215E-25
203.1         3.211E-25
203.2         3.208E-25
203.3         3.204E-25
203.4         3.200E-25
203.5         3.196E-25
203.6         3.192E-25
203.7         3.188E-25
203.8         3.184E-25
203.9         3.180E-25
204.0         3.176E-25
204.1         3.172E-25
204.2         3.169E-25
204.3         3.165E-25
204.4         3.161E-25
204.5         3.157E-25
204.6         3.153E-25
204.7         3.149E-25
204.8         3.145E-25
204.9         3.141E-25
205.0         3.137E-25
205.1         3.133E-25
205.2         3.129E-25
205.3         3.125E-25
205.4         3.121E-25
205.5         3.117E-25
205.6         3.113E-25
205.7         3.109E-25
205.8         3.105E-25
205.9         3.101E-25
206.0         3.097E-25
206.1         3.092E-25
206.2         3.088E-25
206.3         3.084E-25
206.4         3.080E-25
206.5         3.076E-25
206.6         3.072E-25
206.7         3.068E-25
206.8         3.064E-25
206.9         3.060E-25
207.0         3.056E-25
207.1         3.051E-25
207.2         3.047E-25
207.3         3.043E-25
207.4         3.039E-25
207.5         3.035E-25
207.6         3.031E-25
207.7         3.027E-25
207.8         3.022E-25
207.9         3.018E-25
208.0         3.014E-25
208.1         3.010E-25
208.2         3.006E-25
208.3         3.001E-25
208.4         2.997E-25
208.5         2.993E-25
208.6         2.989E-25
208.7         2.984E-25
208.8         2.980E-25
208.9         2.976E-25
209.0         2.972E-25
209.1         2.967E-25
209.2         2.963E-25
209.3         2.959E-25
209.4         2.954E-25
209.5         2.950E-25
209.6         2.946E-25
209.7         2.941E-25
209.8         2.937E-25
209.9         2.933E-25
210.0         2.928E-25
210.1         2.924E-25
210.2         2.920E-25
210.3         2.915E-25
210.4         2.911E-25
210.5         2.907E-25
210.6         2.902E-25
210.7         2.898E-25
210.8         2.893E-25
210.9         2.889E-25
211.0         2.885E-25
211.1         2.880E-25
211.2         2.876E-25
211.3         2.871E-25
211.4         2.867E-25
211.5         2.862E-25
211.6         2.858E-25
211.7         2.854E-25
211.8         2.849E-25
211.9         2.845E-25
212.0         2.840E-25
212.1         2.836E-25
212.2         2.831E-25
212.3         2.827E-25
212.4         2.822E-25
212.5         2.818E-25
212.6         2.813E-25
212.7         2.809E-25
212.8         2.804E-25
212.9         2.799E-25
213.0         2.795E-25
213.1         2.790E-25
213.2         2.786E-25
213.3         2.781E-25
213.4         2.777E-25
213.5         2.772E-25
213.6         2.767E-25
213.7         2.763E-25
213.8         2.758E-25
213.9         2.754E-25
214.0         2.749E-25
214.1         2.744E-25
214.2         2.740E-25
214.3         2.735E-25
214.4         2.730E-25
214.5         2.726E-25
214.6         2.721E-25
214.7         2.716E-25
214.8         2.712E-25
214.9         2.707E-25
215.0         2.702E-25
215.1         2.698E-25
215.2         2.693E-25
215.3         2.688E-25
215.4         2.683E-25
215.5         2.679E-25
215.6         2.674E-25
215.7         2.669E-25
215.8         2.665E-25
215.9         2.660E-25
216.0         2.655E-25
216.1         2.650E-25
216.2         2.645E-25
216.3         2.641E-25
216.4         2.636E-25
216.5         2.631E-25
216.6         2.626E-25
216.7         2.622E-25
216.8         2.617E-25
216.9         2.612E-25
217.0         2.607E-25
217.1         2.602E-25
217.2         2.597E-25
217.3         2.593E-25
217.4         2.588E-25
217.5         2.583E-25
217.6         2.578E-25
217.7         2.573E-25
217.8         2.568E-25
217.9         2.563E-25
218.0         2.558E-25
218.1         2.554E-25
218.2         2.549E-25
218.3         2.544E-25
218.4         2.539E-25
218.5         2.534E-25
218.6         2.529E-25
218.7         2.524E-25
218.8         2.519E-25
218.9         2.514E-25
219.0         2.509E-25
219.1         2.504E-25
219.2         2.499E-25
219.3         2.494E-25
219.4         2.489E-25
219.5         2.485E-25
219.6         2.480E-25
219.7         2.475E-25
219.8         2.470E-25
219.9         2.465E-25
220.0         2.460E-25
220.1         2.455E-25
220.2         2.450E-25
220.3         2.445E-25
220.4         2.440E-25
220.5         2.434E-25
220.6         2.429E-25
220.7         2.424E-25
220.8         2.419E-25
220.9         2.414E-25
221.0         2.409E-25
221.1         2.404E-25
221.2         2.399E-25
221.3         2.394E-25
221.4         2.389E-25
221.5         2.384E-25
221.6         2.379E-25
221.7         2.374E-25
221.8         2.369E-25
221.9         2.364E-25
222.0         2.359E-25
222.1         2.353E-25
222.2         2.348E-25
222.3         2.343E-25
222.4         2.338E-25
222.5         2.333E-25
222.6         2.328E-25
222.7         2.323E-25
222.8         2.318E-25
222.9         2.312E-25
223.0         2.307E-25
223.1         2.302E-25
223.2         2.297E-25
223.3         2.292E-25
223.4         2.287E-25
223.5         2.281E-25
223.6         2.276E-25
223.7         2.271E-25
223.8         2.266E-25
223.9         2.261E-25
224.0         2.256E-25
224.1         2.250E-25
224.2         2.245E-25
224.3         2.240E-25
224.4         2.235E-25
224.5         2.230E-25
224.6         2.224E-25
224.7         2.219E-25
224.8         2.214E-25
224.9         2.209E-25
225.0         2.203E-25
225.1         2.198E-25
225.2         2.193E-25
225.3         2.188E-25
225.4         2.183E-25
225.5         2.177E-25
225.6         2.172E-25
225.7         2.167E-25
225.8         2.162E-25
225.9         2.156E-25
226.0         2.151E-25
226.1         2.146E-25
226.2         2.141E-25
226.3         2.135E-25
226.4         2.130E-25
226.5         2.125E-25
226.6         2.119E-25
226.7         2.114E-25
226.8         2.109E-25
226.9         2.104E-25
227.0         2.098E-25
227.1         2.093E-25
227.2         2.088E-25
227.3         2.083E-25
227.4         2.077E-25
227.5         2.072E-25
227.6         2.067E-25
227.7         2.061E-25
227.8         2.056E-25
227.9         2.051E-25
228.0         2.045E-25
228.1         2.040E-25
228.2         2.035E-25
228.3         2.030E-25
228.4         2.024E-25
228.5         2.019E-25
228.6         2.014E-25
228.7         2.008E-25
228.8         2.003E-25
228.9         1.998E-25
229.0         1.992E-25
229.1         1.987E-25
229.2         1.982E-25
229.3         1.976E-25
229.4         1.971E-25
229.5         1.966E-25
229.6         1.960E-25
229.7         1.955E-25
229.8         1.950E-25
229.9         1.944E-25
230.0         1.939E-25
230.1         1.934E-25
230.2         1.930E-25
230.3         1.925E-25
230.4         1.920E-25
230.5         1.916E-25
230.6         1.911E-25
230.7         1.907E-25
230.8         1.903E-25
230.9         1.898E-25
231.0         1.894E-25
231.1         1.889E-25
231.2         1.885E-25
231.3         1.880E-25
231.4         1.876E-25
231.5         1.872E-25
231.6         1.867E-25
231.7         1.863E-25
231.8         1.859E-25
231.9         1.854E-25
232.0         1.850E-25
232.1         1.846E-25
232.2         1.841E-25
232.3         1.837E-25
232.4         1.833E-25
232.5         1.829E-25
232.6         1.824E-25
232.7         1.820E-25
232.8         1.816E-25
232.9         1.812E-25
233.0         1.808E-25
233.1         1.804E-25
233.2         1.799E-25
233.3         1.795E-25
233.4         1.791E-25
233.5         1.787E-25
233.6         1.783E-25
233.7         1.779E-25
233.8         1.775E-25
233.9         1.771E-25
234.0         1.767E-25
234.1         1.763E-25
234.2         1.759E-25
234.3         1.755E-25
234.4         1.751E-25
234.5         1.747E-25
234.6         1.743E-25
234.7         1.739E-25
234.8         1.735E-25
234.9         1.731E-25
235.0         1.727E-25
235.1         1.723E-25
235.2         1.719E-25
235.3         1.716E-25
235.4         1.712E-25
235.5         1.708E-25
235.6         1.704E-25
235.7         1.700E-25
235.8         1.696E-25
235.9         1.693E-25
236.0         1.689E-25
236.1         1.685E-25
236.2         1.681E-25
236.3         1.678E-25
236.4         1.674E-25
236.5         1.670E-25
236.6         1.666E-25
236.7         1.663E-25
236.8         1.659E-25
236.9         1.655E-25
237.0         1.652E-25
237.1         1.648E-25
237.2         1.644E-25
237.3         1.641E-25
237.4         1.637E-25
237.5         1.633E-25
237.6         1.630E-25
237.7         1.626E-25
237.8         1.623E-25
237.9         1.619E-25
238.0         1.615E-25
238.1         1.612E-25
238.2         1.608E-25
238.3         1.605E-25
238.4         1.601E-25
238.5         1.598E-25
238.6         1.594E-25
238.7         1.591E-25
238.8         1.587E-25
238.9         1.584E-25
239.0         1.580E-25
239.1         1.577E-25
239.2         1.574E-25
239.3         1.570E-25
239.4         1.567E-25
239.5         1.563E-25
239.6         1.560E-25
239.7         1.557E-25
239.8         1.553E-25
239.9         1.550E-25
240.0         1.547E-25
240.1         1.543E-25
240.2         1.540E-25
240.3         1.537E-25
240.4         1.533E-25
240.5         1.530E-25
240.6         1.527E-25
240.7         1.523E-25
240.8         1.520E-25
240.9         1.517E-25
241.0         1.514E-25
241.1         1.510E-25
241.2         1.507E-25
241.3         1.504E-25
241.4         1.501E-25
241.5         1.497E-25
241.6         1.494E-25
241.7         1.491E-25
241.8         1.488E-25
241.9         1.485E-25
242.0         1.482E-25
242.1         1.478E-25
242.2         1.475E-25
242.3         1.472E-25
242.4         1.469E-25
242.5         1.466E-25
242.6         1.463E-25
242.7         1.460E-25
242.8         1.457E-25
242.9         1.454E-25
243.0         1.450E-25
243.1         1.447E-25
243.2         1.444E-25
243.3         1.441E-25
243.4         1.438E-25
243.5         1.435E-25
243.6         1.432E-25
243.7         1.429E-25
243.8         1.426E-25
243.9         1.423E-25
244.0         1.420E-25
244.1         1.417E-25
244.2         1.414E-25
244.3         1.411E-25
244.4         1.408E-25
244.5         1.406E-25
244.6         1.403E-25
244.7         1.400E-25
244.8         1.397E-25
244.9         1.394E-25
245.0         1.391E-25
245.1         1.388E-25
245.2         1.385E-25
245.3         1.382E-25
245.4         1.379E-25
245.5         1.377E-25
245.6         1.374E-25
245.7         1.371E-25
245.8         1.368E-25
245.9         1.365E-25
246.0         1.362E-25
246.1         1.360E-25
246.2         1.357E-25
246.3         1.354E-25
246.4         1.351E-25
246.5         1.349E-25
246.6         1.346E-25
246.7         1.343E-25
246.8         1.340E-25
246.9         1.337E-25
247.0         1.335E-25
247.1         1.332E-25
247.2         1.329E-25
247.3         1.327E-25
247.4         1.324E-25
247.5         1.321E-25
247.6         1.318E-25
247.7         1.316E-25
247.8         1.313E-25
247.9         1.310E-25
248.0         1.308E-25
248.1         1.305E-25
248.2         1.303E-25
248.3         1.300E-25
248.4         1.297E-25
248.5         1.295E-25
248.6         1.292E-25
248.7         1.289E-25
248.8         1.287E-25
248.9         1.284E-25
249.0         1.282E-25
249.1         1.279E-25
249.2         1.276E-25
249.3         1.274E-25
249.4         1.271E-25
249.5         1.269E-25
249.6         1.266E-25
249.7         1.264E-25
249.8         1.261E-25
249.9         1.259E-25
250.0         1.256E-25
250.1         1.254E-25
250.2         1.251E-25
250.3         1.249E-25
250.4         1.246E-25
250.5         1.244E-25
250.6         1.241E-25
250.7         1.239E-25
250.8         1.236E-25
250.9         1.234E-25
251.0         1.231E-25
251.1         1.229E-25
251.2         1.226E-25
251.3         1.224E-25
251.4         1.222E-25
251.5         1.219E-25
251.6         1.217E-25
251.7         1.214E-25
251.8         1.212E-25
251.9         1.210E-25
252.0         1.207E-25
252.1         1.205E-25
252.2         1.202E-25
252.3         1.200E-25
252.4         1.198E-25
252.5         1.195E-25
252.6         1.193E-25
252.7         1.191E-25
252.8         1.188E-25
252.9         1.186E-25
253.0         1.184E-25
253.1         1.181E-25
253.2         1.179E-25
253.3         1.177E-25
253.4         1.174E-25
253.5         1.172E-25
253.6         1.170E-25
253.7         1.168E-25
253.8         1.165E-25
253.9         1.163E-25
254.0         1.161E-25
254.1         1.158E-25
254.2         1.156E-25
254.3         1.154E-25
254.4         1.152E-25
254.5         1.149E-25
254.6         1.147E-25
254.7         1.145E-25
254.8         1.143E-25
254.9         1.141E-25
255.0         1.138E-25
255.1         1.136E-25
255.2         1.134E-25
255.3         1.132E-25
255.4         1.130E-25
255.5         1.127E-25
255.6         1.125E-25
255.7         1.123E-25
255.8         1.121E-25
255.9         1.119E-25
256.0         1.117E-25
256.1         1.115E-25
256.2         1.112E-25
256.3         1.110E-25
256.4         1.108E-25
256.5         1.106E-25
256.6         1.104E-25
256.7         1.102E-25
256.8         1.100E-25
256.9         1.098E-25
257.0         1.096E-25
257.1         1.093E-25
257.2         1.091E-25
257.3         1.089E-25
257.4         1.087E-25
257.5         1.085E-25
257.6         1.083E-25
257.7         1.081E-25
257.8         1.079E-25
257.9         1.077E-25
258.0         1.075E-25
258.1         1.073E-25
258.2         1.071E-25
258.3         1.069E-25
258.4         1.067E-25
258.5         1.065E-25
258.6         1.063E-25
258.7         1.061E-25
258.8         1.059E-25
258.9         1.057E-25
259.0         1.055E-25
259.1         1.053E-25
259.2         1.051E-25
259.3         1.049E-25
259.4         1.047E-25
259.5         1.045E-25
259.6         1.043E-25
259.7         1.041E-25
259.8         1.039E-25
259.9         1.037E-25
260.0         1.035E-25
260.1         1.033E-25
260.2         1.031E-25
260.3         1.029E-25
260.4         1.027E-25
260.5         1.026E-25
260.6         1.024E-25
260.7         1.022E-25
260.8         1.020E-25
260.9         1.018E-25
261.0         1.016E-25
261.1         1.014E-25
261.2         1.012E-25
261.3         1.010E-25
261.4         1.009E-25
261.5         1.007E-25
261.6         1.005E-25
261.7         1.003E-25
261.8         1.001E-25
261.9         9.992E-26
262.0         9.974E-26
262.1         9.955E-26
262.2         9.937E-26
262.3         9.919E-26
262.4         9.901E-26
262.5         9.882E-26
262.6         9.864E-26
262.7         9.846E-26
262.8         9.828E-26
262.9         9.810E-26
263.0         9.792E-26
263.1         9.774E-26
263.2         9.756E-26
263.3         9.738E-26
263.4         9.720E-26
263.5         9.703E-26
263.6         9.685E-26
263.7         9.667E-26
263.8         9.650E-26
263.9         9.632E-26
264.0         9.614E-26
264.1         9.597E-26
264.2         9.579E-26
264.3         9.562E-26
264.4         9.545E-26
264.5         9.527E-26
264.6         9.510E-26
264.7         9.493E-26
264.8         9.476E-26
264.9         9.458E-26
265.0         9.441E-26
265.1         9.424E-26
265.2         9.407E-26
265.3         9.390E-26
265.4         9.373E-26
265.5         9.356E-26
265.6         9.339E-26
265.7         9.322E-26
265.8         9.306E-26
265.9         9.289E-26
266.0         9.272E-26
266.1         9.255E-26
266.2         9.239E-26
266.3         9.222E-26
266.4         9.206E-26
266.5         9.189E-26
266.6         9.173E-26
266.7         9.156E-26
266.8         9.140E-26
266.9         9.123E-26
267.0         9.107E-26
267.1         9.091E-26
267.2         9.075E-26
267.3         9.058E-26
267.4         9.042E-26
267.5         9.026E-26
267.6         9.010E-26
267.7         8.994E-26
267.8         8.978E-26
267.9         8.962E-26
268.0         8.946E-26
268.1         8.930E-26
268.2         8.914E-26
268.3         8.898E-26
268.4         8.883E-26
268.5         8.867E-26
268.6         8.851E-26
268.7         8.835E-26
268.8         8.820E-26
268.9         8.804E-26
269.0         8.789E-26
269.1         8.773E-26
269.2         8.758E-26
269.3         8.742E-26
269.4         8.727E-26
269.5         8.711E-26
269.6         8.696E-26
269.7         8.681E-26
269.8         8.665E-26
269.9         8.650E-26
270.0         8.635E-26
270.1         8.620E-26
270.2         8.605E-26
270.3         8.589E-26
270.4         8.574E-26
270.5         8.559E-26
270.6         8.544E-26
270.7         8.529E-26
270.8         8.514E-26
270.9         8.500E-26
271.0         8.485E-26
271.1         8.470E-26
271.2         8.455E-26
271.3         8.440E-26
271.4         8.426E-26
271.5         8.411E-26
271.6         8.396E-26
271.7         8.382E-26
271.8         8.367E-26
271.9         8.353E-26
272.0         8.338E-26
272.1         8.324E-26
272.2         8.309E-26
272.3         8.295E-26
272.4         8.280E-26
272.5         8.266E-26
272.6         8.252E-26
272.7         8.237E-26
272.8         8.223E-26
272.9         8.209E-26
273.0         8.195E-26
273.1         8.181E-26
273.2         8.166E-26
273.3         8.152E-26
273.4         8.138E-26
273.5         8.124E-26
273.6         8.110E-26
273.7         8.096E-26
273.8         8.082E-26
273.9         8.068E-26
274.0         8.055E-26
274.1         8.041E-26
274.2         8.027E-26
274.3         8.013E-26
274.4         7.999E-26
274.5         7.986E-26
274.6         7.972E-26
274.7         7.958E-26
274.8         7.945E-26
274.9         7.931E-26
275.0         7.918E-26
275.1         7.904E-26
275.2         7.891E-26
275.3         7.877E-26
275.4         7.864E-26
275.5         7.850E-26
275.6         7.837E-26
275.7         7.824E-26
275.8         7.810E-26
275.9         7.797E-26
276.0         7.784E-26
276.1         7.771E-26
276.2         7.757E-26
276.3         7.744E-26
276.4         7.731E-26
276.5         7.718E-26
276.6         7.705E-26
276.7         7.692E-26
276.8         7.679E-26
276.9         7.666E-26
277.0         7.653E-26
277.1         7.640E-26
277.2         7.627E-26
277.3         7.614E-26
277.4         7.601E-26
277.5         7.589E-26
277.6         7.576E-26
277.7         7.563E-26
277.8         7.550E-26
277.9         7.538E-26
278.0         7.525E-26
278.1         7.512E-26
278.2         7.500E-26
278.3         7.487E-26
278.4         7.475E-26
278.5         7.462E-26
278.6         7.450E-26
278.7         7.437E-26
278.8         7.425E-26
278.9         7.412E-26
279.0         7.400E-26
279.1         7.387E-26
279.2         7.375E-26
279.3         7.363E-26
279.4         7.351E-26
279.5         7.338E-26
279.6         7.326E-26
279.7         7.314E-26
279.8         7.302E-26
279.9         7.290E-26
280.0         7.277E-26
280.1         7.265E-26
280.2         7.253E-26
280.3         7.241E-26
280.4         7.229E-26
280.5         7.217E-26
280.6         7.205E-26
280.7         7.193E-26
280.8         7.181E-26
280.9         7.170E-26
281.0         7.158E-26
281.1         7.146E-26
281.2         7.134E-26
281.3         7.122E-26
281.4         7.110E-26
281.5         7.099E-26
281.6         7.087E-26
281.7         7.075E-26
281.8         7.064E-26
281.9         7.052E-26
282.0         7.041E-26
282.1         7.029E-26
282.2         7.017E-26
282.3         7.006E-26
282.4         6.994E-26
282.5         6.983E-26
282.6         6.971E-26
282.7         6.960E-26
282.8         6.949E-26
282.9         6.937E-26
283.0         6.926E-26
283.1         6.915E-26
283.2         6.903E-26
283.3         6.892E-26
283.4         6.881E-26
283.5         6.869E-26
283.6         6.858E-26
283.7         6.847E-26
283.8         6.836E-26
283.9         6.825E-26
284.0         6.814E-26
284.1         6.803E-26
284.2         6.791E-26
284.3         6.780E-26
284.4         6.769E-26
284.5         6.758E-26
284.6         6.747E-26
284.7         6.737E-26
284.8         6.726E-26
284.9         6.715E-26
285.0         6.704E-26
285.1         6.693E-26
285.2         6.682E-26
285.3         6.671E-26
285.4         6.661E-26
285.5         6.650E-26
285.6         6.639E-26
285.7         6.628E-26
285.8         6.618E-26
285.9         6.607E-26
286.0         6.596E-26
286.1         6.586E-26
286.2         6.575E-26
286.3         6.565E-26
286.4         6.554E-26
286.5         6.543E-26
286.6         6.533E-26
286.7         6.522E-26
286.8         6.512E-26
286.9         6.501E-26
287.0         6.491E-26
287.1         6.481E-26
287.2         6.470E-26
287.3         6.460E-26
287.4         6.450E-26
287.5         6.439E-26
287.6         6.429E-26
287.7         6.419E-26
287.8         6.408E-26
287.9         6.398E-26
288.0         6.388E-26
288.1         6.378E-26
288.2         6.368E-26
288.3         6.358E-26
288.4         6.347E-26
288.5         6.337E-26
288.6         6.327E-26
288.7         6.317E-26
288.8         6.307E-26
288.9         6.297E-26
289.0         6.287E-26
289.1         6.277E-26
289.2         6.267E-26
289.3         6.257E-26
289.4         6.247E-26
289.5         6.237E-26
289.6         6.228E-26
289.7         6.218E-26
289.8         6.208E-26
289.9         6.198E-26
290.0         6.188E-26
290.1         6.179E-26
290.2         6.169E-26
290.3         6.159E-26
290.4         6.149E-26
290.5         6.140E-26
290.6         6.130E-26
290.7         6.120E-26
290.8         6.111E-26
290.9         6.101E-26
291.0         6.091E-26
291.1         6.082E-26
291.2         6.072E-26
291.3         6.063E-26
291.4         6.053E-26
291.5         6.044E-26
291.6         6.034E-26
291.7         6.025E-26
291.8         6.015E-26
291.9         6.006E-26
292.0         5.997E-26
292.1         5.987E-26
292.2         5.978E-26
292.3         5.969E-26
292.4         5.959E-26
292.5         5.950E-26
292.6         5.941E-26
292.7         5.931E-26
292.8         5.922E-26
292.9         5.913E-26
293.0         5.904E-26
293.1         5.895E-26
293.2         5.885E-26
293.3         5.876E-26
293.4         5.867E-26
293.5         5.858E-26
293.6         5.849E-26
293.7         5.840E-26
293.8         5.831E-26
293.9         5.822E-26
294.0         5.813E-26
294.1         5.804E-26
294.2         5.795E-26
294.3         5.786E-26
294.4         5.777E-26
294.5         5.768E-26
294.6         5.759E-26
294.7         5.750E-26
294.8         5.741E-26
294.9         5.732E-26
295.0         5.724E-26
295.1         5.715E-26
295.2         5.706E-26
295.3         5.697E-26
295.4         5.688E-26
295.5         5.680E-26
295.6         5.671E-26
295.7         5.662E-26
295.8         5.653E-26
295.9         5.645E-26
296.0         5.636E-26
296.1         5.627E-26
296.2         5.619E-26
296.3         5.610E-26
296.4         5.602E-26
296.5         5.593E-26
296.6         5.585E-26
296.7         5.576E-26
296.8         5.567E-26
296.9         5.559E-26
297.0         5.550E-26
297.1         5.542E-26
297.2         5.534E-26
297.3         5.525E-26
297.4         5.517E-26
297.5         5.508E-26
297.6         5.500E-26
297.7         5.491E-26
297.8         5.483E-26
297.9         5.475E-26
298.0         5.466E-26
298.1         5.458E-26
298.2         5.450E-26
298.3         5.442E-26
298.4         5.433E-26
298.5         5.425E-26
298.6         5.417E-26
298.7         5.409E-26
298.8         5.400E-26
298.9         5.392E-26
299.0         5.384E-26
299.1         5.376E-26
299.2         5.368E-26
299.3         5.360E-26
299.4         5.352E-26
299.5         5.344E-26
299.6         5.336E-26
299.7         5.327E-26
299.8         5.319E-26
299.9         5.311E-26
300.0         5.303E-26
300.1         5.295E-26
300.2         5.287E-26
300.3         5.280E-26
300.4         5.272E-26
300.5         5.264E-26
300.6         5.256E-26
300.7         5.248E-26
300.8         5.240E-26
300.9         5.232E-26
301.0         5.224E-26
301.1         5.216E-26
301.2         5.209E-26
301.3         5.201E-26
301.4         5.193E-26
301.5         5.185E-26
301.6         5.178E-26
301.7         5.170E-26
301.8         5.162E-26
301.9         5.154E-26
302.0         5.147E-26
302.1         5.139E-26
302.2         5.131E-26
302.3         5.124E-26
302.4         5.116E-26
302.5         5.108E-26
302.6         5.101E-26
302.7         5.093E-26
302.8         5.086E-26
302.9         5.078E-26
303.0         5.071E-26
303.1         5.063E-26
303.2         5.056E-26
303.3         5.048E-26
303.4         5.041E-26
303.5         5.033E-26
303.6         5.026E-26
303.7         5.018E-26
303.8         5.011E-26
303.9         5.003E-26
304.0         4.996E-26
304.1         4.989E-26
304.2         4.981E-26
304.3         4.974E-26
304.4         4.966E-26
304.5         4.959E-26
304.6         4.952E-26
304.7         4.944E-26
304.8         4.937E-26
304.9         4.930E-26
305.0         4.923E-26
305.1         4.915E-26
305.2         4.908E-26
305.3         4.901E-26
305.4         4.894E-26
305.5         4.887E-26
305.6         4.879E-26
305.7         4.872E-26
305.8         4.865E-26
305.9         4.858E-26
306.0         4.851E-26
306.1         4.844E-26
306.2         4.837E-26
306.3         4.830E-26
306.4         4.822E-26
306.5         4.815E-26
306.6         4.808E-26
306.7         4.801E-26
306.8         4.794E-26
306.9         4.787E-26
307.0         4.780E-26
307.1         4.773E-26
307.2         4.766E-26
307.3         4.759E-26
307.4         4.753E-26
307.5         4.746E-26
307.6         4.739E-26
307.7         4.732E-26
307.8         4.725E-26
307.9         4.718E-26
308.0         4.711E-26
308.1         4.704E-26
308.2         4.698E-26
308.3         4.691E-26
308.4         4.684E-26
308.5         4.677E-26
308.6         4.670E-26
308.7         4.664E-26
308.8         4.657E-26
308.9         4.650E-26
309.0         4.643E-26
309.1         4.637E-26
309.2         4.630E-26
309.3         4.623E-26
309.4         4.617E-26
309.5         4.610E-26
309.6         4.603E-26
309.7         4.597E-26
309.8         4.590E-26
309.9         4.583E-26
310.0         4.577E-26
310.1         4.570E-26
310.2         4.564E-26
310.3         4.557E-26
310.4         4.550E-26
310.5         4.544E-26
310.6         4.537E-26
310.7         4.531E-26
310.8         4.524E-26
310.9         4.518E-26
311.0         4.511E-26
311.1         4.505E-26
311.2         4.498E-26
311.3         4.492E-26
311.4         4.486E-26
311.5         4.479E-26
311.6         4.473E-26
311.7         4.466E-26
311.8         4.460E-26
311.9         4.454E-26
312.0         4.447E-26
312.1         4.441E-26
312.2         4.435E-26
312.3         4.428E-26
312.4         4.422E-26
312.5         4.416E-26
312.6         4.409E-26
312.7         4.403E-26
312.8         4.397E-26
312.9         4.390E-26
313.0         4.384E-26
313.1         4.378E-26
313.2         4.372E-26
313.3         4.366E-26
313.4         4.359E-26
313.5         4.353E-26
313.6         4.347E-26
313.7         4.341E-26
313.8         4.335E-26
313.9         4.329E-26
314.0         4.322E-26
314.1         4.316E-26
314.2         4.310E-26
314.3         4.304E-26
314.4         4.298E-26
314.5         4.292E-26
314.6         4.286E-26
314.7         4.280E-26
314.8         4.274E-26
314.9         4.268E-26
315.0         4.262E-26
315.1         4.256E-26
315.2         4.250E-26
315.3         4.244E-26
315.4         4.238E-26
315.5         4.232E-26
315.6         4.226E-26
315.7         4.220E-26
315.8         4.214E-26
315.9         4.208E-26
316.0         4.202E-26
316.1         4.196E-26
316.2         4.190E-26
316.3         4.184E-26
316.4         4.179E-26
316.5         4.173E-26
316.6         4.167E-26
316.7         4.161E-26
316.8         4.155E-26
316.9         4.149E-26
317.0         4.144E-26
317.1         4.138E-26
317.2         4.132E-26
317.3         4.126E-26
317.4         4.120E-26
317.5         4.115E-26
317.6         4.109E-26
317.7         4.103E-26
317.8         4.098E-26
317.9         4.092E-26
318.0         4.086E-26
318.1         4.080E-26
318.2         4.075E-26
318.3         4.069E-26
318.4         4.063E-26
318.5         4.058E-26
318.6         4.052E-26
318.7         4.047E-26
318.8         4.041E-26
318.9         4.035E-26
319.0         4.030E-26
319.1         4.024E-26
319.2         4.019E-26
319.3         4.013E-26
319.4         4.007E-26
319.5         4.002E-26
319.6         3.996E-26
319.7         3.991E-26
319.8         3.985E-26
319.9         3.980E-26
320.0         3.974E-26
320.1         3.969E-26
320.2         3.963E-26
320.3         3.958E-26
320.4         3.952E-26
320.5         3.947E-26
320.6         3.941E-26
320.7         3.936E-26
320.8         3.931E-26
320.9         3.925E-26
321.0         3.920E-26
321.1         3.914E-26
321.2         3.909E-26
321.3         3.904E-26
321.4         3.898E-26
321.5         3.893E-26
321.6         3.888E-26
321.7         3.882E-26
321.8         3.877E-26
321.9         3.872E-26
322.0         3.866E-26
322.1         3.861E-26
322.2         3.856E-26
322.3         3.850E-26
322.4         3.845E-26
322.5         3.840E-26
322.6         3.835E-26
322.7         3.829E-26
322.8         3.824E-26
322.9         3.819E-26
323.0         3.814E-26
323.1         3.809E-26
323.2         3.803E-26
323.3         3.798E-26
323.4         3.793E-26
323.5         3.788E-26
323.6         3.783E-26
323.7         3.778E-26
323.8         3.772E-26
323.9         3.767E-26
324.0         3.762E-26
324.1         3.757E-26
324.2         3.752E-26
324.3         3.747E-26
324.4         3.742E-26
324.5         3.737E-26
324.6         3.732E-26
324.7         3.727E-26
324.8         3.721E-26
324.9         3.716E-26
325.0         3.711E-26
325.1         3.706E-26
325.2         3.701E-26
325.3         3.696E-26
325.4         3.691E-26
325.5         3.686E-26
325.6         3.681E-26
325.7         3.676E-26
325.8         3.671E-26
325.9         3.666E-26
326.0         3.662E-26
326.1         3.657E-26
326.2         3.652E-26
326.3         3.647E-26
326.4         3.642E-26
326.5         3.637E-26
326.6         3.632E-26
326.7         3.627E-26
326.8         3.622E-26
326.9         3.617E-26
327.0         3.613E-26
327.1         3.608E-26
327.2         3.603E-26
327.3         3.598E-26
327.4         3.593E-26
327.5         3.588E-26
327.6         3.584E-26
327.7         3.579E-26
327.8         3.574E-26
327.9         3.569E-26
328.0         3.564E-26
328.1         3.560E-26
328.2         3.555E-26
328.3         3.550E-26
328.4         3.545E-26
328.5         3.541E-26
328.6         3.536E-26
328.7         3.531E-26
328.8         3.526E-26
328.9         3.522E-26
329.0         3.517E-26
329.1         3.512E-26
329.2         3.508E-26
329.3         3.503E-26
329.4         3.498E-26
329.5         3.494E-26
329.6         3.489E-26
329.7         3.484E-26
329.8         3.480E-26
329.9         3.475E-26
330.0         3.471E-26
330.1         3.466E-26
330.2         3.461E-26
330.3         3.457E-26
330.4         3.452E-26
330.5         3.448E-26
330.6         3.443E-26
330.7         3.438E-26
330.8         3.434E-26
330.9         3.429E-26
331.0         3.425E-26
331.1         3.420E-26
331.2         3.416E-26
331.3         3.411E-26
331.4         3.407E-26
331.5         3.402E-26
331.6         3.398E-26
331.7         3.393E-26
331.8         3.389E-26
331.9         3.384E-26
332.0         3.380E-26
332.1         3.375E-26
332.2         3.371E-26
332.3         3.366E-26
332.4         3.362E-26
332.5         3.358E-26
332.6         3.353E-26
332.7         3.349E-26
332.8         3.344E-26
332.9         3.340E-26
333.0         3.336E-26
333.1         3.331E-26
333.2         3.327E-26
333.3         3.323E-26
333.4         3.318E-26
333.5         3.314E-26
333.6         3.309E-26
333.7         3.305E-26
333.8         3.301E-26
333.9         3.296E-26
334.0         3.292E-26
334.1         3.288E-26
334.2         3.284E-26
334.3         3.279E-26
334.4         3.275E-26
334.5         3.271E-26
334.6         3.266E-26
334.7         3.262E-26
334.8         3.258E-26
334.9         3.254E-26
335.0         3.249E-26
335.1         3.245E-26
335.2         3.241E-26
335.3         3.237E-26
335.4         3.233E-26
335.5         3.228E-26
335.6         3.224E-26
335.7         3.220E-26
335.8         3.216E-26
335.9         3.212E-26
336.0         3.207E-26
336.1         3.203E-26
336.2         3.199E-26
336.3         3.195E-26
336.4         3.191E-26
336.5         3.187E-26
336.6         3.183E-26
336.7         3.178E-26
336.8         3.174E-26
336.9         3.170E-26
337.0         3.166E-26
337.1         3.162E-26
337.2         3.158E-26
337.3         3.154E-26
337.4         3.150E-26
337.5         3.146E-26
337.6         3.142E-26
337.7         3.138E-26
337.8         3.134E-26
337.9         3.129E-26
338.0         3.125E-26
338.1         3.121E-26
338.2         3.117E-26
338.3         3.113E-26
338.4         3.109E-26
338.5         3.105E-26
338.6         3.101E-26
338.7         3.097E-26
338.8         3.093E-26
338.9         3.089E-26
339.0         3.085E-26
339.1         3.082E-26
339.2         3.078E-26
339.3         3.074E-26
339.4         3.070E-26
339.5         3.066E-26
339.6         3.062E-26
339.7         3.058E-26
339.8         3.054E-26
339.9         3.050E-26
340.0         3.046E-26
340.1         3.042E-26
340.2         3.038E-26
340.3         3.034E-26
340.4         3.031E-26
340.5         3.027E-26
340.6         3.023E-26
340.7         3.019E-26
340.8         3.015E-26
340.9         3.011E-26
341.0         3.007E-26
341.1         3.004E-26
341.2         3.000E-26
341.3         2.996E-26
341.4         2.992E-26
341.5         2.988E-26
341.6         2.985E-26
341.7         2.981E-26
341.8         2.977E-26
341.9         2.973E-26
342.0         2.969E-26
342.1         2.966E-26
342.2         2.962E-26
342.3         2.958E-26
342.4         2.954E-26
342.5         2.951E-26
342.6         2.947E-26
342.7         2.943E-26
342.8         2.939E-26
342.9         2.936E-26
343.0         2.932E-26
343.1         2.928E-26
343.2         2.925E-26
343.3         2.921E-26
343.4         2.917E-26
343.5         2.914E-26
343.6         2.910E-26
343.7         2.906E-26
343.8         2.902E-26
343.9         2.899E-26
344.0         2.895E-26
344.1         2.892E-26
344.2         2.888E-26
344.3         2.884E-26
344.4         2.881E-26
344.5         2.877E-26
344.6         2.873E-26
344.7         2.870E-26
344.8         2.866E-26
344.9         2.863E-26
345.0         2.859E-26
345.1         2.855E-26
345.2         2.852E-26
345.3         2.848E-26
345.4         2.845E-26
345.5         2.841E-26
345.6         2.837E-26
345.7         2.834E-26
345.8         2.830E-26
345.9         2.827E-26
346.0         2.823E-26
346.1         2.820E-26
346.2         2.816E-26
346.3         2.813E-26
346.4         2.809E-26
346.5         2.806E-26
346.6         2.802E-26
346.7         2.799E-26
346.8         2.795E-26
346.9         2.792E-26
347.0         2.788E-26
347.1         2.785E-26
347.2         2.781E-26
347.3         2.778E-26
347.4         2.774E-26
347.5         2.771E-26
347.6         2.767E-26
347.7         2.764E-26
347.8         2.761E-26
347.9         2.757E-26
348.0         2.754E-26
348.1         2.750E-26
348.2         2.747E-26
348.3         2.743E-26
348.4         2.740E-26
348.5         2.737E-26
348.6         2.733E-26
348.7         2.730E-26
348.8         2.726E-26
348.9         2.723E-26
349.0         2.720E-26
349.1         2.716E-26
349.2         2.713E-26
349.3         2.710E-26
349.4         2.706E-26
349.5         2.703E-26
349.6         2.700E-26
349.7         2.696E-26
349.8         2.693E-26
349.9         2.690E-26
350.0         2.686E-26
350.1         2.683E-26
350.2         2.680E-26
350.3         2.676E-26
350.4         2.673E-26
350.5         2.670E-26
350.6         2.666E-26
350.7         2.663E-26
350.8         2.660E-26
350.9         2.657E-26
351.0         2.653E-26
351.1         2.650E-26
351.2         2.647E-26
351.3         2.644E-26
351.4         2.640E-26
351.5         2.637E-26
351.6         2.634E-26
351.7         2.631E-26
351.8         2.627E-26
351.9         2.624E-26
352.0         2.621E-26
352.1         2.618E-26
352.2         2.614E-26
352.3         2.611E-26
352.4         2.608E-26
352.5         2.605E-26
352.6         2.602E-26
352.7         2.599E-26
352.8         2.595E-26
352.9         2.592E-26
353.0         2.589E-26
353.1         2.586E-26
353.2         2.583E-26
353.3         2.580E-26
353.4         2.576E-26
353.5         2.573E-26
353.6         2.570E-26
353.7         2.567E-26
353.8         2.564E-26
353.9         2.561E-26
354.0         2.558E-26
354.1         2.554E-26
354.2         2.551E-26
354.3         2.548E-26
354.4         2.545E-26
354.5         2.542E-26
354.6         2.539E-26
354.7         2.536E-26
354.8         2.533E-26
354.9         2.530E-26
355.0         2.527E-26
355.1         2.524E-26
355.2         2.521E-26
355.3         2.517E-26
355.4         2.514E-26
355.5         2.511E-26
355.6         2.508E-26
355.7         2.505E-26
355.8         2.502E-26
355.9         2.499E-26
356.0         2.496E-26
356.1         2.493E-26
356.2         2.490E-26
356.3         2.487E-26
356.4         2.484E-26
356.5         2.481E-26
356.6         2.478E-26
356.7         2.475E-26
356.8         2.472E-26
356.9         2.469E-26
357.0         2.466E-26
357.1         2.463E-26
357.2         2.460E-26
357.3         2.457E-26
357.4         2.454E-26
357.5         2.451E-26
357.6         2.448E-26
357.7         2.446E-26
357.8         2.443E-26
357.9         2.440E-26
358.0         2.437E-26
358.1         2.434E-26
358.2         2.431E-26
358.3         2.428E-26
358.4         2.425E-26
358.5         2.422E-26
358.6         2.419E-26
358.7         2.416E-26
358.8         2.413E-26
358.9         2.411E-26
359.0         2.408E-26
359.1         2.405E-26
359.2         2.402E-26
359.3         2.399E-26
359.4         2.396E-26
359.5         2.393E-26
359.6         2.390E-26
359.7         2.388E-26
359.8         2.385E-26
359.9         2.382E-26
360.0         2.379E-26
360.1         2.376E-26
360.2         2.373E-26
360.3         2.371E-26
360.4         2.368E-26
360.5         2.365E-26
360.6         2.362E-26
360.7         2.359E-26
360.8         2.356E-26
360.9         2.354E-26
361.0         2.351E-26
361.1         2.348E-26
361.2         2.345E-26
361.3         2.342E-26
361.4         2.340E-26
361.5         2.337E-26
361.6         2.334E-26
361.7         2.331E-26
361.8         2.329E-26
361.9         2.326E-26
362.0         2.323E-26
362.1         2.320E-26
362.2         2.318E-26
362.3         2.315E-26
362.4         2.312E-26
362.5         2.309E-26
362.6         2.307E-26
362.7         2.304E-26
362.8         2.301E-26
362.9         2.298E-26
363.0         2.296E-26
363.1         2.293E-26
363.2         2.290E-26
363.3         2.288E-26
363.4         2.285E-26
363.5         2.282E-26
363.6         2.280E-26
363.7         2.277E-26
363.8         2.274E-26
363.9         2.271E-26
364.0         2.269E-26
364.1         2.266E-26
364.2         2.263E-26
364.3         2.261E-26
364.4         2.258E-26
364.5         2.255E-26
364.6         2.253E-26
364.7         2.250E-26
364.8         2.248E-26
364.9         2.245E-26
365.0         2.242E-26
365.1         2.240E-26
365.2         2.237E-26
365.3         2.234E-26
365.4         2.232E-26
365.5         2.229E-26
365.6         2.227E-26
365.7         2.224E-26
365.8         2.221E-26
365.9         2.219E-26
366.0         2.216E-26
366.1         2.214E-26
366.2         2.211E-26
366.3         2.208E-26
366.4         2.206E-26
366.5         2.203E-26
366.6         2.201E-26
366.7         2.198E-26
366.8         2.196E-26
366.9         2.193E-26
367.0         2.190E-26
367.1         2.188E-26
367.2         2.185E-26
367.3         2.183E-26
367.4         2.180E-26
367.5         2.178E-26
367.6         2.175E-26
367.7         2.173E-26
367.8         2.170E-26
367.9         2.168E-26
368.0         2.165E-26
368.1         2.163E-26
368.2         2.160E-26
368.3         2.157E-26
368.4         2.155E-26
368.5         2.152E-26
368.6         2.150E-26
368.7         2.147E-26
368.8         2.145E-26
368.9         2.143E-26
369.0         2.140E-26
369.1         2.138E-26
369.2         2.135E-26
369.3         2.133E-26
369.4         2.130E-26
369.5         2.128E-26
369.6         2.125E-26
369.7         2.123E-26
369.8         2.120E-26
369.9         2.118E-26
370.0         2.115E-26
370.1         2.113E-26
370.2         2.111E-26
370.3         2.108E-26
370.4         2.106E-26
370.5         2.103E-26
370.6         2.101E-26
370.7         2.098E-26
370.8         2.096E-26
370.9         2.094E-26
371.0         2.091E-26
371.1         2.089E-26
371.2         2.086E-26
371.3         2.084E-26
371.4         2.082E-26
371.5         2.079E-26
371.6         2.077E-26
371.7         2.074E-26
371.8         2.072E-26
371.9         2.070E-26
372.0         2.067E-26
372.1         2.065E-26
372.2         2.062E-26
372.3         2.060E-26
372.4         2.058E-26
372.5         2.055E-26
372.6         2.053E-26
372.7         2.051E-26
372.8         2.048E-26
372.9         2.046E-26
373.0         2.044E-26
373.1         2.041E-26
373.2         2.039E-26
373.3         2.037E-26
373.4         2.034E-26
373.5         2.032E-26
373.6         2.030E-26
373.7         2.027E-26
373.8         2.025E-26
373.9         2.023E-26
374.0         2.020E-26
374.1         2.018E-26
374.2         2.016E-26
374.3         2.014E-26
374.4         2.011E-26
374.5         2.009E-26
374.6         2.007E-26
374.7         2.004E-26
374.8         2.002E-26
374.9         2.000E-26
375.0         1.998E-26
375.1         1.995E-26
375.2         1.993E-26
375.3         1.991E-26
375.4         1.988E-26
375.5         1.986E-26
375.6         1.984E-26
375.7         1.982E-26
375.8         1.979E-26
375.9         1.977E-26
376.0         1.975E-26
376.1         1.973E-26
376.2         1.971E-26
376.3         1.968E-26
376.4         1.966E-26
376.5         1.964E-26
376.6         1.962E-26
376.7         1.959E-26
376.8         1.957E-26
376.9         1.955E-26
377.0         1.953E-26
377.1         1.951E-26
377.2         1.948E-26
377.3         1.946E-26
377.4         1.944E-26
377.5         1.942E-26
377.6         1.940E-26
377.7         1.937E-26
377.8         1.935E-26
377.9         1.933E-26
378.0         1.931E-26
378.1         1.929E-26
378.2         1.926E-26
378.3         1.924E-26
378.4         1.922E-26
378.5         1.920E-26
378.6         1.918E-26
378.7         1.916E-26
378.8         1.914E-26
378.9         1.911E-26
379.0         1.909E-26
379.1         1.907E-26
379.2         1.905E-26
379.3         1.903E-26
379.4         1.901E-26
379.5         1.899E-26
379.6         1.896E-26
379.7         1.894E-26
379.8         1.892E-26
379.9         1.890E-26
380.0         1.888E-26
380.1         1.886E-26
380.2         1.884E-26
380.3         1.882E-26
380.4         1.879E-26
380.5         1.877E-26
380.6         1.875E-26
380.7         1.873E-26
380.8         1.871E-26
380.9         1.869E-26
381.0         1.867E-26
381.1         1.865E-26
381.2         1.863E-26
381.3         1.861E-26
381.4         1.859E-26
381.5         1.857E-26
381.6         1.854E-26
381.7         1.852E-26
381.8         1.850E-26
381.9         1.848E-26
382.0         1.846E-26
382.1         1.844E-26
382.2         1.842E-26
382.3         1.840E-26
382.4         1.838E-26
382.5         1.836E-26
382.6         1.834E-26
382.7         1.832E-26
382.8         1.830E-26
382.9         1.828E-26
383.0         1.826E-26
383.1         1.824E-26
383.2         1.822E-26
383.3         1.820E-26
383.4         1.818E-26
383.5         1.816E-26
383.6         1.814E-26
383.7         1.812E-26
383.8         1.810E-26
383.9         1.808E-26
384.0         1.806E-26
384.1         1.804E-26
384.2         1.802E-26
384.3         1.800E-26
384.4         1.798E-26
384.5         1.796E-26
384.6         1.794E-26
384.7         1.792E-26
384.8         1.790E-26
384.9         1.788E-26
385.0         1.786E-26
385.1         1.784E-26
385.2         1.782E-26
385.3         1.780E-26
385.4         1.778E-26
385.5         1.776E-26
385.6         1.774E-26
385.7         1.772E-26
385.8         1.770E-26
385.9         1.768E-26
386.0         1.766E-26
386.1         1.764E-26
386.2         1.762E-26
386.3         1.760E-26
386.4         1.759E-26
386.5         1.757E-26
386.6         1.755E-26
386.7         1.753E-26
386.8         1.751E-26
386.9         1.749E-26
387.0         1.747E-26
387.1         1.745E-26
387.2         1.743E-26
387.3         1.741E-26
387.4         1.739E-26
387.5         1.737E-26
387.6         1.736E-26
387.7         1.734E-26
387.8         1.732E-26
387.9         1.730E-26
388.0         1.728E-26
388.1         1.726E-26
388.2         1.724E-26
388.3         1.722E-26
388.4         1.720E-26
388.5         1.719E-26
388.6         1.717E-26
388.7         1.715E-26
388.8         1.713E-26
388.9         1.711E-26
389.0         1.709E-26
389.1         1.707E-26
389.2         1.706E-26
389.3         1.704E-26
389.4         1.702E-26
389.5         1.700E-26
389.6         1.698E-26
389.7         1.696E-26
389.8         1.694E-26
389.9         1.693E-26
390.0         1.691E-26
390.1         1.689E-26
390.2         1.687E-26
390.3         1.685E-26
390.4         1.683E-26
390.5         1.682E-26
390.6         1.680E-26
390.7         1.678E-26
390.8         1.676E-26
390.9         1.674E-26
391.0         1.672E-26
391.1         1.671E-26
391.2         1.669E-26
391.3         1.667E-26
391.4         1.665E-26
391.5         1.663E-26
391.6         1.662E-26
391.7         1.660E-26
391.8         1.658E-26
391.9         1.656E-26
392.0         1.654E-26
392.1         1.653E-26
392.2         1.651E-26
392.3         1.649E-26
392.4         1.647E-26
392.5         1.646E-26
392.6         1.644E-26
392.7         1.642E-26
392.8         1.640E-26
392.9         1.638E-26
393.0         1.637E-26
393.1         1.635E-26
393.2         1.633E-26
393.3         1.631E-26
393.4         1.630E-26
393.5         1.628E-26
393.6         1.626E-26
393.7         1.624E-26
393.8         1.623E-26
393.9         1.621E-26
394.0         1.619E-26
394.1         1.617E-26
394.2         1.616E-26
394.3         1.614E-26
394.4         1.612E-26
394.5         1.611E-26
394.6         1.609E-26
394.7         1.607E-26
394.8         1.605E-26
394.9         1.604E-26
395.0         1.602E-26
395.1         1.600E-26
395.2         1.599E-26
395.3         1.597E-26
395.4         1.595E-26
395.5         1.593E-26
395.6         1.592E-26
395.7         1.590E-26
395.8         1.588E-26
395.9         1.587E-26
396.0         1.585E-26
396.1         1.583E-26
396.2         1.582E-26
396.3         1.580E-26
396.4         1.578E-26
396.5         1.576E-26
396.6         1.575E-26
396.7         1.573E-26
396.8         1.571E-26
396.9         1.570E-26
397.0         1.568E-26
397.1         1.566E-26
397.2         1.565E-26
397.3         1.563E-26
397.4         1.561E-26
397.5         1.560E-26
397.6         1.558E-26
397.7         1.556E-26
397.8         1.555E-26
397.9         1.553E-26
398.0         1.552E-26
398.1         1.550E-26
398.2         1.548E-26
398.3         1.547E-26
398.4         1.545E-26
398.5         1.543E-26
398.6         1.542E-26
398.7         1.540E-26
398.8         1.538E-26
398.9         1.537E-26
399.0         1.535E-26
399.1         1.534E-26
399.2         1.532E-26
399.3         1.530E-26
399.4         1.529E-26
399.5         1.527E-26
399.6         1.525E-26
399.7         1.524E-26
399.8         1.522E-26
399.9         1.521E-26
400.0         1.519E-26