2299 .False.
#Refractive index of CaTiO3[s]; Posch et al. (2003), Ap&SS, 149:437; Ueda et al 1998 J. Phys.: Condens. Matter 10 3669; Database of Optical Constants for Cosmic Dust, Laboratory Astrophysics Group of the AIU Jena
#
#
#Wavelength (micron) n  k
3.559039e-02	9.302326e-01	3.728149e-01
3.607319e-02	9.901273e-01	4.305134e-01
3.656254e-02	1.049379e+00	4.501937e-01
3.705853e-02	1.074419e+00	4.211515e-01
3.756125e-02	1.074452e+00	4.046512e-01
3.807079e-02	1.074419e+00	3.906977e-01
3.858724e-02	1.074419e+00	3.895270e-01
3.911069e-02	1.079070e+00	3.828028e-01
3.964125e-02	1.079070e+00	3.756795e-01
4.017900e-02	1.093023e+00	3.685768e-01
4.072405e-02	1.079070e+00	3.645107e-01
4.127650e-02	1.079070e+00	3.607436e-01
4.183643e-02	1.079070e+00	3.581395e-01
4.240397e-02	1.079070e+00	3.581395e-01
4.297920e-02	1.079070e+00	3.570753e-01
4.356224e-02	1.074419e+00	3.547961e-01
4.415318e-02	1.074419e+00	3.581395e-01
4.475214e-02	1.065116e+00	3.581395e-01
4.535923e-02	1.065116e+00	3.583985e-01
4.597455e-02	1.065116e+00	3.701651e-01
4.659822e-02	1.074247e+00	3.793392e-01
4.723035e-02	1.074365e+00	3.843380e-01
4.787105e-02	1.074419e+00	3.879118e-01
4.852045e-02	1.074419e+00	3.950944e-01
4.917865e-02	1.074419e+00	4.098231e-01
4.984579e-02	1.074419e+00	4.220713e-01
5.052197e-02	1.074419e+00	4.337970e-01
5.120733e-02	1.092093e+00	4.476944e-01
5.190198e-02	1.100809e+00	4.719901e-01
5.260606e-02	1.112254e+00	4.925780e-01
5.331969e-02	1.128295e+00	5.081702e-01
5.404300e-02	1.146823e+00	5.263842e-01
5.477612e-02	1.166052e+00	5.344002e-01
5.551919e-02	1.183702e+00	5.433462e-01
5.627233e-02	1.201895e+00	5.540472e-01
5.703570e-02	1.222483e+00	5.659813e-01
5.780942e-02	1.241395e+00	5.774632e-01
5.859363e-02	1.271647e+00	5.892590e-01
5.938849e-02	1.303548e+00	5.906977e-01
6.019412e-02	1.331126e+00	5.906424e-01
6.101069e-02	1.343170e+00	5.860588e-01
6.183833e-02	1.364658e+00	5.770452e-01
6.267720e-02	1.377237e+00	5.673531e-01
6.352745e-02	1.389561e+00	5.581843e-01
6.438923e-02	1.402452e+00	5.490816e-01
6.526270e-02	1.409302e+00	5.401756e-01
6.614803e-02	1.413737e+00	5.325221e-01
6.704536e-02	1.413953e+00	5.222802e-01
6.795487e-02	1.418605e+00	5.101527e-01
6.887671e-02	1.417940e+00	4.987056e-01
6.981106e-02	1.397902e+00	4.931930e-01
7.075808e-02	1.395349e+00	4.980213e-01
7.171795e-02	1.395349e+00	5.113591e-01
7.269084e-02	1.416177e+00	5.078681e-01
7.367693e-02	1.432558e+00	4.861144e-01
7.467640e-02	1.432558e+00	4.618771e-01
7.568942e-02	1.418873e+00	4.511628e-01
7.671619e-02	1.385434e+00	4.511628e-01
7.775689e-02	1.369389e+00	4.511628e-01
7.881170e-02	1.349739e+00	4.540331e-01
7.988082e-02	1.336817e+00	4.626879e-01
8.096445e-02	1.315231e+00	4.719226e-01
8.206277e-02	1.306977e+00	4.917156e-01
8.317600e-02	1.306977e+00	5.131760e-01
8.430432e-02	1.308049e+00	5.329095e-01
8.544796e-02	1.311812e+00	5.474243e-01
8.660710e-02	1.322048e+00	5.649135e-01
8.778197e-02	1.329663e+00	5.835075e-01
8.897278e-02	1.337259e+00	5.994069e-01
9.017974e-02	1.352744e+00	6.101805e-01
9.140308e-02	1.375100e+00	6.182406e-01
9.264301e-02	1.379869e+00	6.239126e-01
9.389976e-02	1.398142e+00	6.284433e-01
9.517356e-02	1.409302e+00	6.331847e-01
9.646464e-02	1.405706e+00	6.381981e-01
9.777323e-02	1.404883e+00	6.442639e-01
9.909958e-02	1.406539e+00	6.511740e-01
1.004439e-01	1.407474e+00	6.618059e-01
1.018065e-01	1.414309e+00	6.877400e-01
1.031876e-01	1.439721e+00	7.087175e-01
1.045873e-01	1.452242e+00	7.216318e-01
1.060061e-01	1.472395e+00	7.268071e-01
1.074442e-01	1.479070e+00	7.283249e-01
1.089017e-01	1.479070e+00	7.326043e-01
1.103790e-01	1.482249e+00	7.549597e-01
1.118763e-01	1.494632e+00	7.770145e-01
1.133940e-01	1.504497e+00	7.973292e-01
1.149323e-01	1.518676e+00	8.259263e-01
1.164914e-01	1.539763e+00	8.584430e-01
1.180716e-01	1.570776e+00	8.846258e-01
1.196733e-01	1.608036e+00	9.090664e-01
1.212968e-01	1.648630e+00	9.350760e-01
1.229422e-01	1.697019e+00	9.750246e-01
1.246100e-01	1.764318e+00	9.685392e-01
1.263004e-01	1.828493e+00	9.444415e-01
1.280137e-01	1.883927e+00	9.124561e-01
1.297503e-01	1.928406e+00	8.666017e-01
1.315104e-01	1.956498e+00	8.348075e-01
1.332945e-01	1.975599e+00	8.049265e-01
1.351027e-01	1.982468e+00	7.636882e-01
1.369354e-01	1.995349e+00	7.166086e-01
1.387930e-01	1.987291e+00	6.808113e-01
1.406758e-01	1.966582e+00	6.790698e-01
1.425841e-01	1.951237e+00	6.790698e-01
1.445184e-01	1.948837e+00	6.790698e-01
1.464788e-01	1.948837e+00	6.775897e-01
1.484659e-01	1.957851e+00	6.611131e-01
1.504799e-01	1.975475e+00	6.243104e-01
1.525213e-01	1.974843e+00	5.992634e-01
1.545903e-01	1.960390e+00	5.836716e-01
1.566874e-01	1.920571e+00	5.732466e-01
1.588129e-01	1.891656e+00	5.761020e-01
1.609673e-01	1.847966e+00	5.957217e-01
1.631509e-01	1.822859e+00	6.359939e-01
1.653642e-01	1.822855e+00	6.622357e-01
1.676074e-01	1.830429e+00	6.730571e-01
1.698811e-01	1.832336e+00	6.896486e-01
1.721856e-01	1.827370e+00	7.209011e-01
1.745214e-01	1.823535e+00	7.525190e-01
1.768889e-01	1.842553e+00	8.085396e-01
1.792885e-01	1.893492e+00	8.327441e-01
1.817206e-01	1.955855e+00	8.466314e-01
1.841857e-01	2.039461e+00	7.680754e-01
1.866843e-01	2.103867e+00	6.962910e-01
1.892168e-01	2.116279e+00	5.958637e-01
1.917836e-01	2.070393e+00	5.860465e-01
1.943853e-01	2.002946e+00	5.977391e-01
1.970222e-01	1.915433e+00	6.493599e-01
1.996949e-01	1.850464e+00	6.967430e-01
2.024039e-01	1.836432e+00	7.786699e-01
2.051496e-01	1.832600e+00	8.408238e-01
2.079326e-01	1.852221e+00	8.895464e-01
2.107533e-01	1.882473e+00	9.418597e-01
2.136122e-01	1.927106e+00	9.866705e-01
2.165100e-01	1.953371e+00	1.023306e+00
2.194471e-01	2.058932e+00	1.042169e+00
2.224240e-01	2.099359e+00	1.062679e+00
2.254413e-01	2.156864e+00	1.048822e+00
2.284995e-01	2.244049e+00	1.015119e+00
2.315992e-01	2.300604e+00	9.914710e-01
2.347410e-01	2.371781e+00	9.477608e-01
2.379254e-01	2.416396e+00	9.035562e-01
2.411530e-01	2.457456e+00	8.677197e-01
2.444243e-01	2.492278e+00	8.434827e-01
2.477401e-01	2.514121e+00	7.974359e-01
2.511008e-01	2.531481e+00	7.568947e-01
2.545071e-01	2.545081e+00	7.330853e-01
2.579596e-01	2.554431e+00	7.141890e-01
2.614590e-01	2.562648e+00	6.925999e-01
2.650058e-01	2.573361e+00	6.725933e-01
2.686008e-01	2.581159e+00	6.518930e-01
2.722445e-01	2.578111e+00	6.383002e-01
2.759376e-01	2.570464e+00	6.381526e-01
2.796809e-01	2.562791e+00	6.417433e-01
2.834749e-01	2.562791e+00	6.454244e-01
2.873204e-01	2.562791e+00	6.464749e-01
2.912180e-01	2.573159e+00	6.456981e-01
2.951685e-01	2.594693e+00	6.437934e-01
2.991727e-01	2.635280e+00	6.379268e-01
3.032311e-01	2.681203e+00	6.068597e-01
3.073446e-01	2.721186e+00	5.425959e-01
3.115139e-01	2.763897e+00	4.855339e-01
3.157397e-01	2.805340e+00	3.676946e-01
3.200229e-01	2.854674e+00	3.050928e-01
3.243642e-01	2.893241e+00	2.344788e-01
3.287644e-01	2.911564e+00	1.733392e-01
3.332242e-01	2.901690e+00	1.102334e-01
3.377446e-01	2.871810e+00	5.821471e-02
3.423263e-01	2.857337e+00	2.717403e-02
3.469701e-01	2.838959e+00	2.211368e-02
3.516769e-01	2.782894e+00	2.016140e-02
3.564476e-01	2.741081e+00	1.840443e-02
3.612830e-01	2.706820e+00	1.682142e-02
3.661840e-01	2.672835e+00	1.539351e-02
3.711515e-01	2.641091e+00	1.410405e-02
3.761863e-01	2.610535e+00	1.293831e-02
3.812895e-01	2.582148e+00	1.188325e-02
3.864619e-01	2.557808e+00	1.092732e-02
3.917045e-01	2.536639e+00	1.006024e-02
3.970181e-01	2.518787e+00	9.272920e-03
4.024039e-01	2.503113e+00	8.557248e-03
4.078627e-01	2.488671e+00	7.906015e-03
4.133956e-01	2.475473e+00	7.312796e-03
4.190035e-01	2.463528e+00	6.771861e-03
4.246875e-01	2.452842e+00	6.278091e-03
4.304486e-01	2.443309e+00	5.826916e-03
4.362879e-01	2.434667e+00	5.414242e-03
4.422064e-01	2.426619e+00	5.036408e-03
4.482051e-01	2.418843e+00	4.690129e-03
4.542853e-01	2.411401e+00	4.372458e-03
4.604479e-01	2.404442e+00	4.080749e-03
4.666941e-01	2.397648e+00	3.812624e-03
4.730251e-01	2.390677e+00	3.565942e-03
4.794419e-01	2.383075e+00	3.338775e-03
4.859458e-01	2.374321e+00	3.129385e-03
4.925379e-01	2.366112e+00	2.936204e-03
4.992194e-01	2.360255e+00	2.757815e-03
5.059916e-01	2.355311e+00	2.592938e-03
5.128556e-01	2.350814e+00	2.440415e-03
5.198128e-01	2.346711e+00	2.299197e-03
5.268643e-01	2.342947e+00	2.168333e-03
5.340115e-01	2.339459e+00	2.046960e-03
5.412557e-01	2.336179e+00	1.934296e-03
5.485981e-01	2.333034e+00	1.829628e-03
5.560401e-01	2.329944e+00	1.732310e-03
5.635831e-01	2.326906e+00	1.641753e-03
5.712284e-01	2.323957e+00	1.557419e-03
5.789774e-01	2.321097e+00	1.478819e-03
5.868315e-01	2.318329e+00	1.405507e-03
5.947922e-01	2.315654e+00	1.337076e-03
6.028609e-01	2.313073e+00	1.273151e-03
6.110390e-01	2.310587e+00	1.213393e-03
6.193280e-01	2.308197e+00	1.157490e-03
6.277296e-01	2.305904e+00	1.105155e-03
6.362450e-01	2.303709e+00	1.056126e-03
6.448760e-01	2.301609e+00	1.010163e-03
6.536241e-01	2.299559e+00	9.670445e-04
6.624909e-01	2.297546e+00	9.265685e-04
6.714779e-01	2.295573e+00	8.885480e-04
6.805869e-01	2.293637e+00	8.528112e-04
6.898194e-01	2.291741e+00	8.192000e-04
6.991771e-01	2.289885e+00	7.875687e-04
7.086618e-01	2.288067e+00	7.577828e-04
7.182752e-01	2.286290e+00	7.297184e-04
7.280190e-01	2.284552e+00	7.032608e-04
7.378950e-01	2.282854e+00	6.783042e-04
7.479049e-01	2.281196e+00	6.547508e-04
7.580506e-01	2.279576e+00	6.325098e-04
7.683340e-01	2.277995e+00	6.114975e-04
7.787568e-01	2.276452e+00	5.916360e-04
7.893211e-01	2.274945e+00	5.728534e-04
8.000286e-01	2.273460e+00	5.550827e-04
8.108814e-01	2.271944e+00	5.382618e-04
8.218815e-01	2.270400e+00	5.223331e-04
8.330307e-01	2.268835e+00	5.072429e-04
8.443312e-01	2.267260e+00	4.929414e-04
8.557850e-01	2.265682e+00	4.793822e-04
8.673942e-01	2.264112e+00	4.665220e-04
8.791608e-01	2.262562e+00	4.543205e-04
8.910871e-01	2.261044e+00	4.427403e-04
9.031752e-01	2.259569e+00	4.317462e-04
9.154272e-01	2.258153e+00	4.213055e-04
9.278455e-01	2.256810e+00	4.113878e-04
9.404322e-01	2.255556e+00	4.019644e-04
9.531897e-01	2.254408e+00	3.930087e-04
9.661202e-01	2.253385e+00	3.844957e-04
9.792261e-01	2.252506e+00	3.764020e-04
9.925098e-01	2.251791e+00	3.687057e-04
1.005974e+00	2.251264e+00	3.613864e-04
1.019620e+00	2.250887e+00	3.544246e-04
1.033452e+00	2.250526e+00	3.478025e-04
1.047471e+00	2.250173e+00	3.415031e-04
1.061681e+00	2.249829e+00	3.355104e-04
1.076083e+00	2.249493e+00	3.298096e-04
1.090681e+00	2.249166e+00	3.243865e-04
1.105476e+00	2.248847e+00	3.192279e-04
1.120473e+00	2.248538e+00	3.143213e-04
1.135673e+00	2.248237e+00	3.096552e-04
1.151079e+00	2.247946e+00	3.052183e-04
1.166694e+00	2.247662e+00	3.010004e-04
1.182520e+00	2.247388e+00	2.969915e-04
1.198562e+00	2.247122e+00	2.931825e-04
1.214821e+00	2.246865e+00	2.895645e-04
1.231301e+00	2.246616e+00	2.861293e-04
1.248004e+00	2.246376e+00	2.828691e-04
1.264934e+00	2.246143e+00	2.797764e-04
1.282093e+00	2.245918e+00	2.768443e-04
1.299485e+00	2.245701e+00	2.740661e-04
1.317114e+00	2.245490e+00	2.714356e-04
1.334981e+00	2.245287e+00	2.689468e-04
1.353091e+00	2.245090e+00	2.665939e-04
1.371446e+00	2.244898e+00	2.643717e-04
1.390050e+00	2.244712e+00	2.622751e-04
1.408907e+00	2.244530e+00	2.602990e-04
1.428020e+00	2.244353e+00	2.584391e-04
1.447392e+00	2.244179e+00	2.566907e-04
1.467026e+00	2.244007e+00	2.550497e-04
1.486927e+00	2.243837e+00	2.535121e-04
1.507098e+00	2.243668e+00	2.520740e-04
1.527543e+00	2.243498e+00	2.507318e-04
1.548265e+00	2.243327e+00	2.494819e-04
1.569268e+00	2.243153e+00	2.483210e-04
1.590556e+00	2.242974e+00	2.472458e-04
1.612132e+00	2.242791e+00	2.462532e-04
1.634002e+00	2.242601e+00	2.453402e-04
1.656168e+00	2.242401e+00	2.445038e-04
1.678635e+00	2.242192e+00	2.437415e-04
1.701406e+00	2.241970e+00	2.430503e-04
1.724487e+00	2.241735e+00	2.424277e-04
1.747880e+00	2.241497e+00	2.418713e-04
1.771591e+00	2.241256e+00	2.413784e-04
1.795624e+00	2.241012e+00	2.409468e-04
1.819982e+00	2.240766e+00	2.405741e-04
1.844671e+00	2.240517e+00	2.402580e-04
1.869695e+00	2.240266e+00	2.399964e-04
1.895059e+00	2.240012e+00	2.397870e-04
1.920766e+00	2.239756e+00	2.396278e-04
1.946822e+00	2.239497e+00	2.395166e-04
1.973232e+00	2.239236e+00	2.394513e-04
2.000000e+00	2.276168e+00	2.394300e-04
2.008000e+00	2.275958e+00	2.416500e-04
2.016032e+00	2.275747e+00	2.438700e-04
2.024096e+00	2.275534e+00	2.482900e-04
2.032192e+00	2.275318e+00	2.505100e-04
2.040321e+00	2.275102e+00	2.527300e-04
2.048482e+00	2.274884e+00	2.571500e-04
2.056676e+00	2.274663e+00	2.593700e-04
2.064902e+00	2.274441e+00	2.638000e-04
2.073162e+00	2.274216e+00	2.660200e-04
2.081454e+00	2.273992e+00	2.696200e-04
2.089780e+00	2.273764e+00	2.726700e-04
2.098139e+00	2.273535e+00	2.749000e-04
2.106531e+00	2.273302e+00	2.793200e-04
2.114957e+00	2.273070e+00	2.831300e-04
2.123417e+00	2.272835e+00	2.859800e-04
2.131910e+00	2.272598e+00	2.904100e-04
2.140438e+00	2.272358e+00	2.926400e-04
2.148999e+00	2.272117e+00	2.970700e-04
2.157595e+00	2.271874e+00	2.996100e-04
2.166225e+00	2.271631e+00	3.037400e-04
2.174890e+00	2.271383e+00	3.081800e-04
2.183590e+00	2.271135e+00	3.110700e-04
2.192324e+00	2.270883e+00	3.148500e-04
2.201093e+00	2.270630e+00	3.192900e-04
2.209897e+00	2.270375e+00	3.237300e-04
2.218737e+00	2.270117e+00	3.259700e-04
2.227612e+00	2.269858e+00	3.304100e-04
2.236522e+00	2.269598e+00	3.348600e-04
2.245468e+00	2.269334e+00	3.393000e-04
2.254449e+00	2.269068e+00	3.437500e-04
2.263467e+00	2.268801e+00	3.482000e-04
2.272521e+00	2.268530e+00	3.515000e-04
2.281611e+00	2.268259e+00	3.549100e-04
2.290737e+00	2.267983e+00	3.593400e-04
2.299900e+00	2.267706e+00	3.638000e-04
2.309099e+00	2.267428e+00	3.682500e-04
2.318336e+00	2.267147e+00	3.727100e-04
2.327609e+00	2.266864e+00	3.771700e-04
2.336919e+00	2.266577e+00	3.832100e-04
2.346267e+00	2.266290e+00	3.877700e-04
2.355651e+00	2.265999e+00	3.927600e-04
2.365074e+00	2.265707e+00	3.972200e-04
2.374534e+00	2.265410e+00	4.016800e-04
2.384032e+00	2.265114e+00	4.061500e-04
2.393568e+00	2.264812e+00	4.106200e-04
2.403142e+00	2.264510e+00	4.173000e-04
2.412755e+00	2.264205e+00	4.217700e-04
2.422405e+00	2.263898e+00	4.262500e-04
2.432095e+00	2.263588e+00	4.329300e-04
2.441823e+00	2.263275e+00	4.374100e-04
2.451590e+00	2.262960e+00	4.418900e-04
2.461396e+00	2.262641e+00	4.485800e-04
2.471242e+00	2.262321e+00	4.530600e-04
2.481127e+00	2.261999e+00	4.597600e-04
2.491051e+00	2.261672e+00	4.642500e-04
2.501015e+00	2.261345e+00	4.709500e-04
2.511019e+00	2.261013e+00	4.754400e-04
2.521063e+00	2.260679e+00	4.821500e-04
2.531147e+00	2.260343e+00	4.888500e-04
2.541271e+00	2.260004e+00	4.933500e-04
2.551436e+00	2.259661e+00	5.000600e-04
2.561641e+00	2.259316e+00	5.067800e-04
2.571888e+00	2.258970e+00	5.125800e-04
2.582175e+00	2.258618e+00	5.180100e-04
2.592504e+00	2.258265e+00	5.247300e-04
2.602874e+00	2.257908e+00	5.314600e-04
2.613285e+00	2.257549e+00	5.381800e-04
2.623738e+00	2.257187e+00	5.449100e-04
2.634233e+00	2.256822e+00	5.516500e-04
2.644769e+00	2.256454e+00	5.583900e-04
2.655349e+00	2.256082e+00	5.651300e-04
2.665970e+00	2.255708e+00	5.718700e-04
2.676633e+00	2.255330e+00	5.786200e-04
2.687340e+00	2.254950e+00	5.853700e-04
2.698089e+00	2.254566e+00	5.921200e-04
2.708881e+00	2.254179e+00	6.010900e-04
2.719716e+00	2.253789e+00	6.078500e-04
2.730595e+00	2.253395e+00	6.146200e-04
2.741517e+00	2.253000e+00	6.216400e-04
2.752483e+00	2.252600e+00	6.303700e-04
2.763493e+00	2.252196e+00	6.374000e-04
2.774547e+00	2.251789e+00	6.461400e-04
2.785645e+00	2.251379e+00	6.529200e-04
2.796787e+00	2.250966e+00	6.619200e-04
2.807974e+00	2.250551e+00	6.696600e-04
2.819206e+00	2.250131e+00	6.777300e-04
2.830482e+00	2.249707e+00	6.867500e-04
2.841804e+00	2.249280e+00	6.953500e-04
2.853171e+00	2.248850e+00	7.025700e-04
2.864583e+00	2.248415e+00	7.116000e-04
2.876042e+00	2.247978e+00	7.206400e-04
2.887546e+00	2.247536e+00	7.296800e-04
2.899096e+00	2.247092e+00	7.387200e-04
2.910692e+00	2.246642e+00	7.477700e-04
2.922335e+00	2.246190e+00	7.568300e-04
2.934023e+00	2.245735e+00	7.658800e-04
2.945759e+00	2.245275e+00	7.749500e-04
2.957542e+00	2.244811e+00	7.851100e-04
2.969372e+00	2.244344e+00	7.952300e-04
2.981249e+00	2.243873e+00	8.044000e-04
2.993174e+00	2.243396e+00	8.134800e-04
3.005147e+00	2.242917e+00	8.248000e-04
3.017167e+00	2.242433e+00	8.345600e-04
3.029236e+00	2.241946e+00	8.452300e-04
3.041352e+00	2.241456e+00	8.557800e-04
3.053517e+00	2.240959e+00	8.656800e-04
3.065732e+00	2.240460e+00	8.765600e-04
3.077994e+00	2.239956e+00	8.879100e-04
3.090306e+00	2.239449e+00	8.975200e-04
3.102667e+00	2.238936e+00	9.089000e-04
3.115077e+00	2.238420e+00	9.202700e-04
3.127537e+00	2.237899e+00	9.316600e-04
3.140048e+00	2.237373e+00	9.430500e-04
3.152607e+00	2.236845e+00	9.544500e-04
3.165218e+00	2.236311e+00	9.665100e-04
3.177878e+00	2.235772e+00	9.792300e-04
3.190590e+00	2.235230e+00	9.909300e-04
3.203352e+00	2.234683e+00	1.002360e-03
3.216165e+00	2.234131e+00	1.016040e-03
3.229029e+00	2.233574e+00	1.027480e-03
3.241945e+00	2.233013e+00	1.041170e-03
3.254913e+00	2.232448e+00	1.053390e-03
3.267932e+00	2.231877e+00	1.066350e-03
3.281004e+00	2.231301e+00	1.080070e-03
3.294127e+00	2.230721e+00	1.093580e-03
3.307304e+00	2.230136e+00	1.107510e-03
3.320533e+00	2.229547e+00	1.121280e-03
3.333815e+00	2.228952e+00	1.135040e-03
3.347150e+00	2.228351e+00	1.148770e-03
3.360538e+00	2.227748e+00	1.162590e-03
3.373980e+00	2.227139e+00	1.176370e-03
3.387476e+00	2.226522e+00	1.191390e-03
3.401025e+00	2.225903e+00	1.206230e-03
3.414629e+00	2.225278e+00	1.222300e-03
3.428288e+00	2.224647e+00	1.236130e-03
3.442000e+00	2.224011e+00	1.252220e-03
3.455768e+00	2.223369e+00	1.268020e-03
3.469591e+00	2.222723e+00	1.283070e-03
3.483469e+00	2.222071e+00	1.298310e-03
3.497403e+00	2.221413e+00	1.315140e-03
3.511392e+00	2.220751e+00	1.332170e-03
3.525437e+00	2.220083e+00	1.346860e-03
3.539539e+00	2.219407e+00	1.365200e-03
3.553697e+00	2.218727e+00	1.381390e-03
3.567911e+00	2.218042e+00	1.399400e-03
3.582183e+00	2.217351e+00	1.416000e-03
3.596512e+00	2.216654e+00	1.434560e-03
3.610897e+00	2.215950e+00	1.451180e-03
3.625340e+00	2.215241e+00	1.469770e-03
3.639842e+00	2.214526e+00	1.488280e-03
3.654401e+00	2.213805e+00	1.506700e-03
3.669018e+00	2.213078e+00	1.525050e-03
3.683694e+00	2.212344e+00	1.543580e-03
3.698428e+00	2.211604e+00	1.563740e-03
3.713222e+00	2.210859e+00	1.583060e-03
3.728075e+00	2.210106e+00	1.602120e-03
3.742986e+00	2.209348e+00	1.622330e-03
3.757958e+00	2.208582e+00	1.642450e-03
3.772990e+00	2.207812e+00	1.664520e-03
3.788081e+00	2.207033e+00	1.684740e-03
3.803234e+00	2.206248e+00	1.704640e-03
3.818446e+00	2.205457e+00	1.726720e-03
3.833720e+00	2.204659e+00	1.748740e-03
3.849054e+00	2.203854e+00	1.770680e-03
3.864450e+00	2.203043e+00	1.792550e-03
3.879908e+00	2.202224e+00	1.814350e-03
3.895427e+00	2.201399e+00	1.838350e-03
3.911009e+00	2.200565e+00	1.860000e-03
3.926652e+00	2.199725e+00	1.883860e-03
3.942358e+00	2.198879e+00	1.907650e-03
3.958128e+00	2.198024e+00	1.931380e-03
3.973960e+00	2.197163e+00	1.955040e-03
3.989856e+00	2.196294e+00	1.980900e-03
4.005815e+00	2.195418e+00	2.004420e-03
4.021838e+00	2.194535e+00	2.030170e-03
4.037925e+00	2.193643e+00	2.055840e-03
4.054077e+00	2.192744e+00	2.081460e-03
4.070292e+00	2.191838e+00	2.107020e-03
4.086574e+00	2.190924e+00	2.134790e-03
4.102920e+00	2.190002e+00	2.160220e-03
4.119331e+00	2.189071e+00	2.187890e-03
4.135808e+00	2.188133e+00	2.215490e-03
4.152351e+00	2.187186e+00	2.243040e-03
4.168960e+00	2.186232e+00	2.272350e-03
4.185636e+00	2.185271e+00	2.300250e-03
4.202378e+00	2.184299e+00	2.329630e-03
4.219187e+00	2.183320e+00	2.358060e-03
4.236063e+00	2.182332e+00	2.388630e-03
4.253007e+00	2.181336e+00	2.418630e-03
4.270019e+00	2.180331e+00	2.449390e-03
4.287099e+00	2.179318e+00	2.479830e-03
4.304247e+00	2.178295e+00	2.511500e-03
4.321464e+00	2.177265e+00	2.543120e-03
4.338749e+00	2.176225e+00	2.574710e-03
4.356104e+00	2.175176e+00	2.608150e-03
4.373528e+00	2.174118e+00	2.640040e-03
4.391022e+00	2.173052e+00	2.673990e-03
4.408586e+00	2.171973e+00	2.707860e-03
4.426220e+00	2.170889e+00	2.741620e-03
4.443924e+00	2.169792e+00	2.777570e-03
4.461699e+00	2.168688e+00	2.813050e-03
4.479546e+00	2.167574e+00	2.848930e-03
4.497464e+00	2.166450e+00	2.884700e-03
4.515454e+00	2.165317e+00	2.920600e-03
4.533515e+00	2.164172e+00	2.957880e-03
4.551649e+00	2.163019e+00	2.995440e-03
4.569855e+00	2.161854e+00	3.032920e-03
4.588134e+00	2.160680e+00	3.072590e-03
4.606486e+00	2.159497e+00	3.112160e-03
4.624912e+00	2.158301e+00	3.151630e-03
4.643412e+00	2.157097e+00	3.190990e-03
4.661984e+00	2.155880e+00	3.232590e-03
4.680632e+00	2.154654e+00	3.274070e-03
4.699354e+00	2.153417e+00	3.315480e-03
4.718152e+00	2.152169e+00	3.356780e-03
4.737023e+00	2.150909e+00	3.400320e-03
4.755972e+00	2.149640e+00	3.443760e-03
4.774995e+00	2.148359e+00	3.487130e-03
4.794095e+00	2.147065e+00	3.532740e-03
4.813271e+00	2.145761e+00	3.578270e-03
4.832523e+00	2.144445e+00	3.623720e-03
4.851853e+00	2.143119e+00	3.669890e-03
4.871261e+00	2.141780e+00	3.716720e-03
4.890745e+00	2.140429e+00	3.764270e-03
4.910308e+00	2.139067e+00	3.813800e-03
4.929949e+00	2.137692e+00	3.861510e-03
4.949668e+00	2.136305e+00	3.911350e-03
4.969466e+00	2.134906e+00	3.961090e-03
4.989344e+00	2.133493e+00	4.013030e-03
5.009301e+00	2.132070e+00	4.064840e-03
5.029338e+00	2.130631e+00	4.116530e-03
5.049455e+00	2.129181e+00	4.170420e-03
5.069653e+00	2.127720e+00	4.224200e-03
5.089931e+00	2.126243e+00	4.277860e-03
5.110291e+00	2.124753e+00	4.333750e-03
5.130731e+00	2.123251e+00	4.389530e-03
5.151253e+00	2.121735e+00	4.447550e-03
5.171858e+00	2.120206e+00	4.505460e-03
5.192545e+00	2.118662e+00	4.563270e-03
5.213315e+00	2.117105e+00	4.620970e-03
5.234168e+00	2.115533e+00	4.680940e-03
5.255105e+00	2.113947e+00	4.743180e-03
5.276125e+00	2.112348e+00	4.805330e-03
5.297228e+00	2.110733e+00	4.867390e-03
5.318417e+00	2.109104e+00	4.929650e-03
5.339690e+00	2.107462e+00	4.993630e-03
5.361050e+00	2.105803e+00	5.060200e-03
5.382493e+00	2.104129e+00	5.125500e-03
5.404022e+00	2.102440e+00	5.192890e-03
5.425638e+00	2.100736e+00	5.260120e-03
5.447340e+00	2.099017e+00	5.329620e-03
5.469129e+00	2.097280e+00	5.399000e-03
5.491005e+00	2.095530e+00	5.468230e-03
5.512969e+00	2.093762e+00	5.539760e-03
5.535021e+00	2.091979e+00	5.613550e-03
5.557160e+00	2.090178e+00	5.687240e-03
5.579388e+00	2.088363e+00	5.760840e-03
5.601706e+00	2.086530e+00	5.836720e-03
5.624112e+00	2.084679e+00	5.914920e-03
5.646608e+00	2.082813e+00	5.993020e-03
5.669194e+00	2.080930e+00	6.071050e-03
5.691870e+00	2.079027e+00	6.151410e-03
5.714638e+00	2.077108e+00	6.232800e-03
5.737495e+00	2.075171e+00	6.315350e-03
5.760445e+00	2.073216e+00	6.397780e-03
5.783486e+00	2.071244e+00	6.482510e-03
5.806621e+00	2.069252e+00	6.569550e-03
5.829846e+00	2.067243e+00	6.656470e-03
5.853165e+00	2.065214e+00	6.743290e-03
5.876577e+00	2.063167e+00	6.834860e-03
5.900084e+00	2.061100e+00	6.923930e-03
5.923683e+00	2.059013e+00	7.017770e-03
5.947378e+00	2.056908e+00	7.111360e-03
5.971167e+00	2.054782e+00	7.205250e-03
5.995051e+00	2.052636e+00	7.301340e-03
6.019031e+00	2.050471e+00	7.399650e-03
6.043107e+00	2.048285e+00	7.498240e-03
6.067278e+00	2.046079e+00	7.599070e-03
6.091548e+00	2.043851e+00	7.699890e-03
6.115913e+00	2.041602e+00	7.803740e-03
6.140376e+00	2.039332e+00	7.908240e-03
6.164937e+00	2.037041e+00	8.015120e-03
6.189597e+00	2.034727e+00	8.121950e-03
6.214355e+00	2.032391e+00	8.231550e-03
6.239212e+00	2.030033e+00	8.344230e-03
6.264168e+00	2.027653e+00	8.456820e-03
6.289225e+00	2.025249e+00	8.571080e-03
6.314381e+00	2.022823e+00	8.686720e-03
6.339638e+00	2.020373e+00	8.804070e-03
6.364995e+00	2.017899e+00	8.923830e-03
6.390456e+00	2.015403e+00	9.046050e-03
6.416017e+00	2.012881e+00	9.168240e-03
6.441680e+00	2.010333e+00	9.292920e-03
6.467446e+00	2.007764e+00	9.420320e-03
6.493317e+00	2.005167e+00	9.549740e-03
6.519289e+00	2.002546e+00	9.680430e-03
6.545366e+00	1.999899e+00	9.812940e-03
6.571546e+00	1.997226e+00	9.947950e-03
6.597833e+00	1.994526e+00	1.008298e-02
6.624224e+00	1.991803e+00	1.022225e-02
6.650720e+00	1.989049e+00	1.036312e-02
6.677322e+00	1.986269e+00	1.050579e-02
6.704031e+00	1.983462e+00	1.065104e-02
6.730846e+00	1.980628e+00	1.079788e-02
6.757770e+00	1.977765e+00	1.094815e-02
6.784801e+00	1.974873e+00	1.109954e-02
6.811940e+00	1.971952e+00	1.125398e-02
6.839186e+00	1.969003e+00	1.140987e-02
6.866543e+00	1.966024e+00	1.157019e-02
6.894009e+00	1.963014e+00	1.173059e-02
6.921585e+00	1.959974e+00	1.189618e-02
6.949269e+00	1.956905e+00	1.206187e-02
6.977067e+00	1.953803e+00	1.223031e-02
7.004974e+00	1.950671e+00	1.240321e-02
7.032994e+00	1.947506e+00	1.257775e-02
7.061125e+00	1.944309e+00	1.275457e-02
7.089369e+00	1.941080e+00	1.293562e-02
7.117725e+00	1.937817e+00	1.311774e-02
7.146197e+00	1.934522e+00	1.330348e-02
7.174780e+00	1.931191e+00	1.349294e-02
7.203479e+00	1.927827e+00	1.368523e-02
7.232292e+00	1.924427e+00	1.387936e-02
7.261221e+00	1.920993e+00	1.407881e-02
7.290266e+00	1.917523e+00	1.427853e-02
7.319427e+00	1.914016e+00	1.448393e-02
7.348703e+00	1.910471e+00	1.469071e-02
7.378098e+00	1.906892e+00	1.490304e-02
7.407610e+00	1.903274e+00	1.511837e-02
7.437240e+00	1.899618e+00	1.533589e-02
7.466988e+00	1.895921e+00	1.555824e-02
7.496856e+00	1.892187e+00	1.578365e-02
7.526843e+00	1.888413e+00	1.601214e-02
7.556949e+00	1.884599e+00	1.624641e-02
7.587176e+00	1.880744e+00	1.648386e-02
7.617525e+00	1.876846e+00	1.672588e-02
7.647995e+00	1.872907e+00	1.697045e-02
7.678586e+00	1.868925e+00	1.721829e-02
7.709300e+00	1.864901e+00	1.747243e-02
7.740137e+00	1.860832e+00	1.773008e-02
7.771096e+00	1.856720e+00	1.799374e-02
7.802180e+00	1.852561e+00	1.826089e-02
7.833388e+00	1.848358e+00	1.853330e-02
7.864722e+00	1.844105e+00	1.880770e-02
7.896179e+00	1.839808e+00	1.909055e-02
7.927764e+00	1.835464e+00	1.937528e-02
7.959474e+00	1.831070e+00	1.966835e-02
7.991312e+00	1.826625e+00	1.996278e-02
8.023277e+00	1.822133e+00	2.026608e-02
8.055368e+00	1.817588e+00	2.057347e-02
8.087589e+00	1.812993e+00	2.088470e-02
8.119941e+00	1.808346e+00	2.120265e-02
8.152418e+00	1.803645e+00	2.152630e-02
8.185028e+00	1.798890e+00	2.185758e-02
8.217768e+00	1.794080e+00	2.219402e-02
8.250638e+00	1.789214e+00	2.253603e-02
8.283640e+00	1.784291e+00	2.288510e-02
8.316774e+00	1.779312e+00	2.323852e-02
8.350040e+00	1.774274e+00	2.360100e-02
8.383441e+00	1.769178e+00	2.396958e-02
8.416973e+00	1.764020e+00	2.434655e-02
8.450641e+00	1.758802e+00	2.472822e-02
8.484442e+00	1.753521e+00	2.511922e-02
8.518380e+00	1.748175e+00	2.551544e-02
8.552453e+00	1.742768e+00	2.592225e-02
8.586661e+00	1.737293e+00	2.633616e-02
8.621008e+00	1.731750e+00	2.675607e-02
8.655492e+00	1.726142e+00	2.718548e-02
8.690113e+00	1.720463e+00	2.762553e-02
8.724874e+00	1.714716e+00	2.807170e-02
8.759772e+00	1.708896e+00	2.852794e-02
8.794811e+00	1.703004e+00	2.899354e-02
8.829988e+00	1.697038e+00	2.946908e-02
8.865309e+00	1.690995e+00	2.995446e-02
8.900769e+00	1.684877e+00	3.044990e-02
8.936373e+00	1.678680e+00	3.095541e-02
8.972116e+00	1.672402e+00	3.147137e-02
9.008004e+00	1.666045e+00	3.200046e-02
9.044036e+00	1.659603e+00	3.253765e-02
9.080211e+00	1.653078e+00	3.308785e-02
9.116531e+00	1.646469e+00	3.365096e-02
9.152996e+00	1.639770e+00	3.422501e-02
9.189608e+00	1.632981e+00	3.481323e-02
9.226367e+00	1.626101e+00	3.541368e-02
9.263270e+00	1.619129e+00	3.602771e-02
9.300323e+00	1.612061e+00	3.665554e-02
9.337523e+00	1.604897e+00	3.729946e-02
9.374873e+00	1.597634e+00	3.795592e-02
9.412373e+00	1.590268e+00	3.863011e-02
9.450021e+00	1.582800e+00	3.931725e-02
9.487821e+00	1.575227e+00	4.002488e-02
9.525771e+00	1.567545e+00	4.074647e-02
9.563873e+00	1.559754e+00	4.148625e-02
9.602129e+00	1.551849e+00	4.224455e-02
9.640535e+00	1.543831e+00	4.302096e-02
9.679098e+00	1.535693e+00	4.382044e-02
9.717813e+00	1.527434e+00	4.463680e-02
9.756683e+00	1.519051e+00	4.547488e-02
9.795710e+00	1.510542e+00	4.633585e-02
9.834892e+00	1.501903e+00	4.721959e-02
9.874231e+00	1.493133e+00	4.812571e-02
9.913727e+00	1.484225e+00	4.905658e-02
9.953382e+00	1.475178e+00	5.001457e-02
9.993195e+00	1.465987e+00	5.099691e-02
1.003317e+01	1.456650e+00	5.200965e-02
1.007330e+01	1.447163e+00	5.304847e-02
1.011359e+01	1.437520e+00	5.411916e-02
1.015404e+01	1.427717e+00	5.522177e-02
1.019466e+01	1.417752e+00	5.635573e-02
1.023544e+01	1.407617e+00	5.752551e-02
1.027638e+01	1.397312e+00	5.873308e-02
1.031748e+01	1.386825e+00	5.997407e-02
1.035875e+01	1.376158e+00	6.125908e-02
1.040019e+01	1.365298e+00	6.258331e-02
1.044179e+01	1.354246e+00	6.395171e-02
1.048356e+01	1.342993e+00	6.536371e-02
1.052549e+01	1.331536e+00	6.682528e-02
1.056759e+01	1.319859e+00	6.834114e-02
1.060986e+01	1.307964e+00	6.990573e-02
1.065230e+01	1.295841e+00	7.153061e-02
1.069491e+01	1.283484e+00	7.321429e-02
1.073768e+01	1.270878e+00	7.495891e-02
1.078063e+01	1.258021e+00	7.677387e-02
1.082376e+01	1.244900e+00	7.866066e-02
1.086705e+01	1.231509e+00	8.062247e-02
1.091052e+01	1.217835e+00	8.266600e-02
1.095416e+01	1.203866e+00	8.479386e-02
1.099798e+01	1.189594e+00	8.701536e-02
1.104197e+01	1.175001e+00	8.933556e-02
1.108613e+01	1.160081e+00	9.176225e-02
1.113048e+01	1.144809e+00	9.430418e-02
1.117500e+01	1.129182e+00	9.696809e-02
1.121970e+01	1.113177e+00	9.976324e-02
1.126458e+01	1.096778e+00	1.027019e-01
1.130963e+01	1.079971e+00	1.057958e-01
1.135487e+01	1.062723e+00	1.090640e-01
1.140029e+01	1.045029e+00	1.125137e-01
1.144589e+01	1.026852e+00	1.161665e-01
1.149167e+01	1.008181e+00	1.200400e-01
1.153764e+01	9.889755e-01	1.241622e-01
1.158379e+01	9.692206e-01	1.285510e-01
1.163012e+01	9.488716e-01	1.332485e-01
1.167664e+01	9.279030e-01	1.382769e-01
1.172335e+01	9.062783e-01	1.436832e-01
1.177024e+01	8.839587e-01	1.495156e-01
1.181732e+01	8.609088e-01	1.558187e-01
1.186459e+01	8.370699e-01	1.626828e-01
1.191205e+01	8.124147e-01	1.701639e-01
1.195969e+01	7.869070e-01	1.783553e-01
1.200753e+01	7.604689e-01	1.873917e-01
1.205556e+01	7.330967e-01	1.973872e-01
1.210378e+01	7.047549e-01	2.085083e-01
1.215220e+01	6.754125e-01	2.209734e-01
1.220081e+01	6.451057e-01	2.349897e-01
1.224961e+01	6.139054e-01	2.508356e-01
1.229861e+01	5.819343e-01	2.688244e-01
1.234780e+01	5.494409e-01	2.893077e-01
1.239719e+01	5.167914e-01	3.125590e-01
1.244678e+01	4.844989e-01	3.388083e-01
1.249656e+01	4.531893e-01	3.681264e-01
1.254655e+01	4.235802e-01	4.003832e-01
1.259673e+01	3.962719e-01	4.351291e-01
1.264712e+01	3.716603e-01	4.717607e-01
1.269771e+01	3.498933e-01	5.095962e-01
1.274850e+01	3.309192e-01	5.480308e-01
1.279949e+01	3.145099e-01	5.865676e-01
1.285069e+01	3.003802e-01	6.248704e-01
1.290209e+01	2.882420e-01	6.627046e-01
1.295370e+01	2.777830e-01	6.999454e-01
1.300551e+01	2.687517e-01	7.365416e-01
1.305753e+01	2.609396e-01	7.724669e-01
1.310976e+01	2.541640e-01	8.077421e-01
1.316220e+01	2.482841e-01	8.423901e-01
1.321485e+01	2.431757e-01	8.764514e-01
1.326771e+01	2.387411e-01	9.099689e-01
1.332078e+01	2.348989e-01	9.429843e-01
1.337406e+01	2.315794e-01	9.755407e-01
1.342755e+01	2.287362e-01	1.007682e+00
1.348126e+01	2.263148e-01	1.039445e+00
1.353519e+01	2.242835e-01	1.070879e+00
1.358933e+01	2.226125e-01	1.102007e+00
1.364368e+01	2.212767e-01	1.132875e+00
1.369826e+01	2.202589e-01	1.163513e+00
1.375305e+01	2.195403e-01	1.193952e+00
1.380806e+01	2.191193e-01	1.224215e+00
1.386329e+01	2.189857e-01	1.254342e+00
1.391874e+01	2.191346e-01	1.284356e+00
1.397442e+01	2.195693e-01	1.314280e+00
1.403031e+01	2.202895e-01	1.344141e+00
1.408643e+01	2.213053e-01	1.373961e+00
1.414278e+01	2.226280e-01	1.403762e+00
1.419935e+01	2.242776e-01	1.433559e+00
1.425615e+01	2.262723e-01	1.463374e+00
1.431317e+01	2.286309e-01	1.493215e+00
1.437042e+01	2.313863e-01	1.523100e+00
1.442790e+01	2.345672e-01	1.553030e+00
1.448561e+01	2.382302e-01	1.583003e+00
1.454355e+01	2.424100e-01	1.613010e+00
1.460173e+01	2.471593e-01	1.643036e+00
1.466014e+01	2.525302e-01	1.673044e+00
1.471877e+01	2.586142e-01	1.702970e+00
1.477765e+01	2.654469e-01	1.732746e+00
1.483676e+01	2.730839e-01	1.762269e+00
1.489611e+01	2.815861e-01	1.791381e+00
1.495569e+01	2.909673e-01	1.819897e+00
1.501551e+01	3.011738e-01	1.847608e+00
1.507557e+01	3.121229e-01	1.874230e+00
1.513587e+01	3.235920e-01	1.899478e+00
1.519641e+01	3.352392e-01	1.923149e+00
1.525720e+01	3.465762e-01	1.944996e+00
1.531822e+01	3.569999e-01	1.965078e+00
1.537950e+01	3.658802e-01	1.983625e+00
1.544101e+01	3.725382e-01	2.001108e+00
1.550278e+01	3.766942e-01	2.018309e+00
1.556479e+01	3.781193e-01	2.036114e+00
1.562705e+01	3.771647e-01	2.055357e+00
1.568955e+01	3.742851e-01	2.076744e+00
1.575231e+01	3.701722e-01	2.100699e+00
1.581532e+01	3.655145e-01	2.127360e+00
1.587858e+01	3.609206e-01	2.156731e+00
1.594209e+01	3.568619e-01	2.188562e+00
1.600586e+01	3.537048e-01	2.222678e+00
1.606988e+01	3.516320e-01	2.258774e+00
1.613416e+01	3.508125e-01	2.296684e+00
1.619869e+01	3.512862e-01	2.336198e+00
1.626349e+01	3.531103e-01	2.377219e+00
1.632854e+01	3.562983e-01	2.419666e+00
1.639385e+01	3.608567e-01	2.463493e+00
1.645943e+01	3.668542e-01	2.508737e+00
1.652527e+01	3.742657e-01	2.555372e+00
1.659136e+01	3.832557e-01	2.603552e+00
1.665773e+01	3.938219e-01	2.653274e+00
1.672436e+01	4.061278e-01	2.704685e+00
1.679125e+01	4.203386e-01	2.757920e+00
1.685842e+01	4.365786e-01	2.813059e+00
1.692585e+01	4.552107e-01	2.870365e+00
1.699355e+01	4.764285e-01	2.929921e+00
1.706153e+01	5.005608e-01	2.991895e+00
1.712977e+01	5.282482e-01	3.056623e+00
1.719829e+01	5.598328e-01	3.124163e+00
1.726708e+01	5.959443e-01	3.194697e+00
1.733615e+01	6.376798e-01	3.268559e+00
1.740549e+01	6.857779e-01	3.345743e+00
1.747511e+01	7.413908e-01	3.426293e+00
1.754501e+01	8.062518e-01	3.510214e+00
1.761519e+01	8.822022e-01	3.597199e+00
1.768565e+01	9.711755e-01	3.686546e+00
1.775639e+01	1.075745e+00	3.777120e+00
1.782741e+01	1.199663e+00	3.866870e+00
1.789873e+01	1.346013e+00	3.952505e+00
1.797032e+01	1.517912e+00	4.029141e+00
1.804220e+01	1.718131e+00	4.089673e+00
1.811437e+01	1.947983e+00	4.123856e+00
1.818682e+01	2.204931e+00	4.118199e+00
1.825957e+01	2.479141e+00	4.060369e+00
1.833261e+01	2.754430e+00	3.939925e+00
1.840593e+01	3.008574e+00	3.753910e+00
1.847956e+01	3.218304e+00	3.510444e+00
1.855347e+01	3.364355e+00	3.227810e+00
1.862769e+01	3.442070e+00	2.931453e+00
1.870220e+01	3.457101e+00	2.642997e+00
1.877700e+01	3.421154e+00	2.377175e+00
1.885211e+01	3.347742e+00	2.141543e+00
1.892752e+01	3.249065e+00	1.938070e+00
1.900323e+01	3.134750e+00	1.765377e+00
1.907924e+01	3.011720e+00	1.620421e+00
1.915555e+01	2.884690e+00	1.500012e+00
1.923218e+01	2.756747e+00	1.400410e+00
1.930910e+01	2.629738e+00	1.318497e+00
1.938634e+01	2.504697e+00	1.251739e+00
1.946388e+01	2.382189e+00	1.198082e+00
1.954173e+01	2.262456e+00	1.155871e+00
1.961990e+01	2.145558e+00	1.123817e+00
1.969838e+01	2.031473e+00	1.100934e+00
1.977717e+01	1.920137e+00	1.086494e+00
1.985628e+01	1.811519e+00	1.079980e+00
1.993570e+01	1.705661e+00	1.081042e+00
2.001544e+01	1.602682e+00	1.089450e+00
2.009550e+01	1.502842e+00	1.105039e+00
2.017588e+01	1.406539e+00	1.127654e+00
2.025659e+01	1.314296e+00	1.157065e+00
2.033761e+01	1.226738e+00	1.192909e+00
2.041896e+01	1.144496e+00	1.234632e+00
2.050064e+01	1.068133e+00	1.281492e+00
2.058264e+01	9.980569e-01	1.332573e+00
2.066497e+01	9.344347e-01	1.386891e+00
2.074762e+01	8.772142e-01	1.443467e+00
2.083061e+01	8.261266e-01	1.501426e+00
2.091393e+01	7.808481e-01	1.560019e+00
2.099759e+01	7.408441e-01	1.618664e+00
2.108158e+01	7.055404e-01	1.676954e+00
2.116590e+01	6.744319e-01	1.734620e+00
2.125057e+01	6.470603e-01	1.791496e+00
2.133557e+01	6.230100e-01	1.847506e+00
2.142091e+01	6.019208e-01	1.902632e+00
2.150659e+01	5.834922e-01	1.956908e+00
2.159261e+01	5.674950e-01	2.010378e+00
2.167898e+01	5.537817e-01	2.063119e+00
2.176570e+01	5.421229e-01	2.115269e+00
2.185276e+01	5.324161e-01	2.166946e+00
2.194017e+01	5.246087e-01	2.218280e+00
2.202793e+01	5.186970e-01	2.269418e+00
2.211604e+01	5.147729e-01	2.320488e+00
2.220450e+01	5.130072e-01	2.371664e+00
2.229332e+01	5.135321e-01	2.423098e+00
2.238249e+01	5.166504e-01	2.474925e+00
2.247201e+01	5.227850e-01	2.527254e+00
2.256190e+01	5.327160e-01	2.580149e+00
2.265215e+01	5.473105e-01	2.633507e+00
2.274275e+01	5.675739e-01	2.686985e+00
2.283373e+01	5.949040e-01	2.739846e+00
2.292506e+01	6.313841e-01	2.790497e+00
2.301676e+01	6.791464e-01	2.835806e+00
2.310882e+01	7.388814e-01	2.871198e+00
2.320126e+01	8.097211e-01	2.890091e+00
2.329406e+01	8.865001e-01	2.882257e+00
2.338723e+01	9.555100e-01	2.842753e+00
2.348078e+01	1.000658e+00	2.775827e+00
2.357470e+01	1.007884e+00	2.695174e+00
2.366900e+01	9.750566e-01	2.623393e+00
2.376368e+01	9.167625e-01	2.574535e+00
2.385873e+01	8.470357e-01	2.553172e+00
2.395416e+01	7.785971e-01	2.557407e+00
2.404998e+01	7.174718e-01	2.578087e+00
2.414617e+01	6.656587e-01	2.609782e+00
2.424276e+01	6.236403e-01	2.648115e+00
2.433973e+01	5.892197e-01	2.689504e+00
2.443709e+01	5.614517e-01	2.732346e+00
2.453483e+01	5.391845e-01	2.775509e+00
2.463297e+01	5.209544e-01	2.818450e+00
2.473150e+01	5.063186e-01	2.860821e+00
2.483043e+01	4.944049e-01	2.902536e+00
2.492974e+01	4.846798e-01	2.943586e+00
2.502946e+01	4.769786e-01	2.983904e+00
2.512958e+01	4.707585e-01	3.023650e+00
2.523009e+01	4.659672e-01	3.062813e+00
2.533101e+01	4.623610e-01	3.101500e+00
2.543233e+01	4.598182e-01	3.139781e+00
2.553406e+01	4.583357e-01	3.177688e+00
2.563620e+01	4.577416e-01	3.215338e+00
2.573874e+01	4.581945e-01	3.252702e+00
2.584169e+01	4.595395e-01	3.289893e+00
2.594506e+01	4.619634e-01	3.326871e+00
2.604884e+01	4.654392e-01	3.363665e+00
2.615303e+01	4.701560e-01	3.400199e+00
2.625764e+01	4.761976e-01	3.436377e+00
2.636267e+01	4.837473e-01	3.472006e+00
2.646812e+01	4.929443e-01	3.506774e+00
2.657399e+01	5.038643e-01	3.540248e+00
2.668028e+01	5.164684e-01	3.571764e+00
2.678700e+01	5.304148e-01	3.600620e+00
2.689415e+01	5.449229e-01	3.625981e+00
2.700172e+01	5.587368e-01	3.647341e+00
2.710973e+01	5.701390e-01	3.664868e+00
2.721816e+01	5.773612e-01	3.679487e+00
2.732704e+01	5.796269e-01	3.693250e+00
2.743634e+01	5.765716e-01	3.708375e+00
2.754608e+01	5.698780e-01	3.726383e+00
2.765627e+01	5.606993e-01	3.748764e+00
2.776689e+01	5.509065e-01	3.774826e+00
2.787795e+01	5.416239e-01	3.804722e+00
2.798947e+01	5.334269e-01	3.837313e+00
2.810142e+01	5.267155e-01	3.872143e+00
2.821383e+01	5.215567e-01	3.908668e+00
2.832668e+01	5.177875e-01	3.946414e+00
2.843998e+01	5.155329e-01	3.985283e+00
2.855374e+01	5.144352e-01	4.024971e+00
2.866795e+01	5.145544e-01	4.065497e+00
2.878263e+01	5.157495e-01	4.106811e+00
2.889775e+01	5.179049e-01	4.148891e+00
2.901334e+01	5.211731e-01	4.191930e+00
2.912940e+01	5.253693e-01	4.235875e+00
2.924591e+01	5.306033e-01	4.280894e+00
2.936289e+01	5.369914e-01	4.327183e+00
2.948034e+01	5.445013e-01	4.374770e+00
2.959826e+01	5.534241e-01	4.424002e+00
2.971665e+01	5.639203e-01	4.475061e+00
2.983552e+01	5.761255e-01	4.528076e+00
2.995485e+01	5.906751e-01	4.583636e+00
3.007467e+01	6.079385e-01	4.641976e+00
3.019497e+01	6.283882e-01	4.703347e+00
3.031575e+01	6.534726e-01	4.768652e+00
3.043700e+01	6.844284e-01	4.838296e+00
3.055876e+01	7.227775e-01	4.912537e+00
3.068099e+01	7.722464e-01	4.992077e+00
3.080371e+01	8.382319e-01	5.076618e+00
3.092692e+01	9.260058e-01	5.163362e+00
3.105063e+01	1.044393e+00	5.245661e+00
3.117483e+01	1.208749e+00	5.299682e+00
3.129953e+01	1.403842e+00	5.293905e+00
3.142472e+01	1.584777e+00	5.203027e+00
3.155042e+01	1.682428e+00	5.056011e+00
3.167662e+01	1.696147e+00	4.937287e+00
3.180332e+01	1.692809e+00	4.870853e+00
3.193053e+01	1.707391e+00	4.831066e+00
3.205826e+01	1.742024e+00	4.785847e+00
3.218648e+01	1.776963e+00	4.718581e+00
3.231523e+01	1.792704e+00	4.633334e+00
3.244449e+01	1.777933e+00	4.543760e+00
3.257426e+01	1.730833e+00	4.469474e+00
3.270456e+01	1.663293e+00	4.430435e+00
3.283537e+01	1.599035e+00	4.432495e+00
3.296671e+01	1.566238e+00	4.473997e+00
3.309858e+01	1.603728e+00	4.532403e+00
3.323097e+01	1.743112e+00	4.508218e+00
3.336389e+01	1.833722e+00	4.293753e+00
3.349734e+01	1.704698e+00	4.054263e+00
3.363133e+01	1.474672e+00	3.970270e+00
3.376585e+01	1.283481e+00	4.001460e+00
3.390091e+01	1.153277e+00	4.073647e+00
3.403651e+01	1.064612e+00	4.152643e+00
3.417266e+01	1.000046e+00	4.229300e+00
3.430935e+01	9.514774e-01	4.301827e+00
3.444658e+01	9.139780e-01	4.370124e+00
3.458437e+01	8.844503e-01	4.434582e+00
3.472270e+01	8.610871e-01	4.495530e+00
3.486159e+01	8.424566e-01	4.553420e+00
3.500103e+01	8.272739e-01	4.608876e+00
3.514103e+01	8.148792e-01	4.662220e+00
3.528160e+01	8.047742e-01	4.713730e+00
3.542272e+01	7.965757e-01	4.763635e+00
3.556441e+01	7.899837e-01	4.812130e+00
3.570667e+01	7.847558e-01	4.859391e+00
3.584949e+01	7.807951e-01	4.905458e+00
3.599288e+01	7.778286e-01	4.950576e+00
3.613685e+01	7.757306e-01	4.994861e+00
3.628140e+01	7.743970e-01	5.038404e+00
3.642652e+01	7.737432e-01	5.081290e+00
3.657222e+01	7.736971e-01	5.123587e+00
3.671851e+01	7.741973e-01	5.165366e+00
3.686538e+01	7.751917e-01	5.206680e+00
3.701284e+01	7.766346e-01	5.247585e+00
3.716089e+01	7.784889e-01	5.288124e+00
3.730953e+01	7.807292e-01	5.328334e+00
3.745877e+01	7.833288e-01	5.368247e+00
3.760860e+01	7.862502e-01	5.407917e+00
3.775903e+01	7.894719e-01	5.447372e+00
3.791007e+01	7.929767e-01	5.486647e+00
3.806170e+01	7.967473e-01	5.525764e+00
3.821395e+01	8.007709e-01	5.564747e+00
3.836680e+01	8.050353e-01	5.603620e+00
3.852026e+01	8.095300e-01	5.642402e+00
3.867434e+01	8.142461e-01	5.681114e+00
3.882904e+01	8.191755e-01	5.719773e+00
3.898435e+01	8.243114e-01	5.758395e+00
3.914028e+01	8.296484e-01	5.796997e+00
3.929684e+01	8.351810e-01	5.835594e+00
3.945403e+01	8.409052e-01	5.874199e+00
3.961184e+01	8.468178e-01	5.912823e+00
3.977029e+01	8.529157e-01	5.951482e+00
3.992936e+01	8.591965e-01	5.990186e+00
4.008908e+01	8.656592e-01	6.028948e+00
4.024943e+01	8.723022e-01	6.067775e+00
4.041043e+01	8.791245e-01	6.106682e+00
4.057207e+01	8.861263e-01	6.145675e+00
4.073436e+01	8.933075e-01	6.184765e+00
4.089728e+01	9.006677e-01	6.223957e+00
4.106088e+01	9.082094e-01	6.263265e+00
4.122511e+01	9.159323e-01	6.302695e+00
4.139002e+01	9.238392e-01	6.342257e+00
4.155557e+01	9.319307e-01	6.381954e+00
4.172179e+01	9.402098e-01	6.421800e+00
4.188868e+01	9.486787e-01	6.461797e+00
4.205622e+01	9.573394e-01	6.501953e+00
4.222445e+01	9.661955e-01	6.542277e+00
4.239334e+01	9.752501e-01	6.582773e+00
4.256291e+01	9.845066e-01	6.623449e+00
4.273317e+01	9.939697e-01	6.664314e+00
4.290409e+01	1.003648e+00	6.705369e+00
4.307570e+01	1.013549e+00	6.746625e+00
4.324800e+01	1.023669e+00	6.788087e+00
4.342099e+01	1.034015e+00	6.829760e+00
4.359467e+01	1.044591e+00	6.871648e+00
4.376905e+01	1.055402e+00	6.913759e+00
4.394412e+01	1.066452e+00	6.956095e+00
4.411990e+01	1.077750e+00	6.998664e+00
4.429637e+01	1.089299e+00	7.041469e+00
4.447356e+01	1.101105e+00	7.084516e+00
4.465144e+01	1.113176e+00	7.127807e+00
4.483005e+01	1.125523e+00	7.171352e+00
4.500937e+01	1.138175e+00	7.215161e+00
4.518940e+01	1.151113e+00	7.259229e+00
4.537015e+01	1.164345e+00	7.303562e+00
4.555164e+01	1.177877e+00	7.348163e+00
4.573384e+01	1.191716e+00	7.393033e+00
4.591677e+01	1.205869e+00	7.438177e+00
4.610043e+01	1.220343e+00	7.483597e+00
4.628484e+01	1.235148e+00	7.529301e+00
4.646997e+01	1.250337e+00	7.575305e+00
4.665585e+01	1.265872e+00	7.621598e+00
4.684246e+01	1.281758e+00	7.668181e+00
4.702984e+01	1.298002e+00	7.715058e+00
4.721795e+01	1.314607e+00	7.762228e+00
4.740682e+01	1.331580e+00	7.809701e+00
4.759644e+01	1.348953e+00	7.857483e+00
4.778682e+01	1.366753e+00	7.905594e+00
4.797797e+01	1.384938e+00	7.954016e+00
4.816988e+01	1.403509e+00	8.002753e+00
4.836255e+01	1.422471e+00	8.051814e+00
4.855600e+01	1.441824e+00	8.101207e+00
4.875022e+01	1.461610e+00	8.150950e+00
4.894522e+01	1.481835e+00	8.201071e+00
4.914099e+01	1.502453e+00	8.251554e+00
4.933756e+01	1.523461e+00	8.302417e+00
4.953490e+01	1.544856e+00	8.353673e+00
4.973304e+01	1.566651e+00	8.405352e+00
4.993196e+01	1.588904e+00	8.457539e+00
5.013170e+01	1.611535e+00	8.510212e+00
5.033221e+01	1.634537e+00	8.563395e+00
5.053354e+01	1.657907e+00	8.617127e+00
5.073566e+01	1.681672e+00	8.671491e+00
5.093861e+01	1.705877e+00	8.726644e+00
5.114236e+01	1.730451e+00	8.782539e+00
5.134692e+01	1.755402e+00	8.839241e+00
5.155231e+01	1.780739e+00	8.896817e+00
5.175852e+01	1.806574e+00	8.955606e+00
5.196555e+01	1.832891e+00	9.015627e+00
5.217341e+01	1.859693e+00	9.076900e+00
5.238210e+01	1.887016e+00	9.139525e+00
5.259163e+01	1.915020e+00	9.203899e+00
5.280198e+01	1.943879e+00	9.270381e+00
5.301319e+01	1.973572e+00	9.338799e+00
5.322524e+01	2.004195e+00	9.409290e+00
5.343814e+01	2.036078e+00	9.482432e+00
5.365188e+01	2.069723e+00	9.558904e+00
5.386649e+01	2.105043e+00	9.638280e+00
5.408195e+01	2.142236e+00	9.720714e+00
5.429827e+01	2.182225e+00	9.807322e+00
5.451546e+01	2.225848e+00	9.898678e+00
5.473352e+01	2.272931e+00	9.994131e+00
5.495245e+01	2.323832e+00	1.009385e+01
5.517226e+01	2.381621e+00	1.020023e+01
5.539294e+01	2.446380e+00	1.031234e+01
5.561451e+01	2.518229e+00	1.042969e+01
5.583696e+01	2.599017e+00	1.055306e+01
5.606031e+01	2.695481e+00	1.068460e+01
5.628455e+01	2.805060e+00	1.082137e+01
5.650968e+01	2.928823e+00	1.096310e+01
5.673571e+01	3.079162e+00	1.111071e+01
5.696265e+01	3.256334e+00	1.125990e+01
5.719050e+01	3.458949e+00	1.140815e+01
5.741926e+01	3.698856e+00	1.155127e+01
5.764893e+01	3.989557e+00	1.167467e+01
5.787952e+01	4.317827e+00	1.177409e+01
5.811104e+01	4.689463e+00	1.184092e+01
5.834347e+01	5.118854e+00	1.182042e+01
5.857685e+01	5.565842e+00	1.172748e+01
5.881115e+01	6.027735e+00	1.155918e+01
5.904639e+01	6.443274e+00	1.122563e+01
5.928257e+01	6.789723e+00	1.081993e+01
5.951970e+01	7.065931e+00	1.034565e+01
5.975778e+01	7.160276e+00	9.819403e+00
5.999680e+01	7.159192e+00	9.313626e+00
6.023678e+01	7.071373e+00	8.828564e+00
6.047772e+01	6.863390e+00	8.439563e+00
6.071963e+01	6.622256e+00	8.110261e+00
6.096251e+01	6.350172e+00	7.836532e+00
6.120636e+01	6.062091e+00	7.669217e+00
6.145117e+01	5.779528e+00	7.541884e+00
6.169698e+01	5.503592e+00	7.460592e+00
6.194377e+01	5.253899e+00	7.438301e+00
6.219152e+01	5.018617e+00	7.437494e+00
6.244029e+01	4.804570e+00	7.464801e+00
6.269006e+01	4.618203e+00	7.515949e+00
6.294080e+01	4.445513e+00	7.577165e+00
6.319256e+01	4.296630e+00	7.652313e+00
6.344533e+01	4.165659e+00	7.734470e+00
6.369910e+01	4.045378e+00	7.820767e+00
6.395390e+01	3.946746e+00	7.912057e+00
6.420971e+01	3.856995e+00	8.004500e+00
6.446654e+01	3.777430e+00	8.098209e+00
6.472441e+01	3.711618e+00	8.191992e+00
6.498330e+01	3.651089e+00	8.285733e+00
6.524322e+01	3.600693e+00	8.378669e+00
6.550419e+01	3.556890e+00	8.470649e+00
6.576621e+01	3.517370e+00	8.562131e+00
6.602927e+01	3.486710e+00	8.651560e+00
6.629337e+01	3.458709e+00	8.740439e+00
6.655855e+01	3.436038e+00	8.827867e+00
6.682478e+01	3.417548e+00	8.913972e+00
6.709208e+01	3.401355e+00	8.999491e+00
6.736044e+01	3.390569e+00	9.082924e+00
6.762988e+01	3.381285e+00	9.165944e+00
6.790040e+01	3.375455e+00	9.247584e+00
6.817198e+01	3.372049e+00	9.328249e+00
6.844467e+01	3.370385e+00	9.408309e+00
6.871845e+01	3.371917e+00	9.486875e+00
6.899332e+01	3.374409e+00	9.565203e+00
6.926928e+01	3.379656e+00	9.642200e+00
6.954636e+01	3.386121e+00	9.718766e+00
6.982454e+01	3.394285e+00	9.794599e+00
7.010383e+01	3.404207e+00	9.869626e+00
7.038424e+01	3.415014e+00	9.944414e+00
7.066576e+01	3.427985e+00	1.001811e+01
7.094843e+01	3.441513e+00	1.009176e+01
7.123223e+01	3.456906e+00	1.016451e+01
7.151714e+01	3.473059e+00	1.023707e+01
7.180320e+01	3.490518e+00	1.030909e+01
7.209041e+01	3.509061e+00	1.038072e+01
7.237877e+01	3.528461e+00	1.045211e+01
7.266828e+01	3.549203e+00	1.052293e+01
7.295895e+01	3.570437e+00	1.059377e+01
7.325079e+01	3.593227e+00	1.066391e+01
7.354378e+01	3.616357e+00	1.073416e+01
7.383794e+01	3.640921e+00	1.080382e+01
7.413330e+01	3.665939e+00	1.087353e+01
7.442982e+01	3.692119e+00	1.094282e+01
7.472754e+01	3.718932e+00	1.101207e+01
7.502644e+01	3.746686e+00	1.108107e+01
7.532654e+01	3.775221e+00	1.114993e+01
7.562784e+01	3.804512e+00	1.121867e+01
7.593035e+01	3.834714e+00	1.128721e+01
7.623407e+01	3.865520e+00	1.135574e+01
7.653899e+01	3.897341e+00	1.142402e+01
7.684515e+01	3.929646e+00	1.149237e+01
7.715253e+01	3.963054e+00	1.156044e+01
7.746113e+01	3.996844e+00	1.162864e+01
7.777097e+01	4.031812e+00	1.169655e+01
7.808205e+01	4.067088e+00	1.176463e+01
7.839437e+01	4.103600e+00	1.183241e+01
7.870794e+01	4.140363e+00	1.190040e+01
7.902277e+01	4.178406e+00	1.196808e+01
7.933885e+01	4.216662e+00	1.203599e+01
7.965620e+01	4.256230e+00	1.210360e+01
7.997483e+01	4.295996e+00	1.217146e+01
8.029472e+01	4.337085e+00	1.223901e+01
8.061588e+01	4.378374e+00	1.230682e+01
8.093835e+01	4.420991e+00	1.237434e+01
8.126209e+01	4.463825e+00	1.244211e+01
8.158714e+01	4.507973e+00	1.250962e+01
8.191348e+01	4.552380e+00	1.257735e+01
8.224113e+01	4.598064e+00	1.264485e+01
8.257009e+01	4.644073e+00	1.271255e+01
8.290036e+01	4.691303e+00	1.278004e+01
8.323196e+01	4.738945e+00	1.284770e+01
8.356488e+01	4.787735e+00	1.291520e+01
8.389914e+01	4.837048e+00	1.298281e+01
8.423473e+01	4.887407e+00	1.305031e+01
8.457165e+01	4.938428e+00	1.311787e+01
8.490994e+01	4.990373e+00	1.318537e+01
8.524957e+01	5.043147e+00	1.325285e+01
8.559056e+01	5.096684e+00	1.332034e+01
8.593292e+01	5.151257e+00	1.338773e+01
8.627666e+01	5.206405e+00	1.345522e+01
8.662175e+01	5.262823e+00	1.352249e+01
8.696823e+01	5.319589e+00	1.358996e+01
8.731610e+01	5.377906e+00	1.365708e+01
8.766536e+01	5.436457e+00	1.372446e+01
8.801602e+01	5.496574e+00	1.379146e+01
8.836807e+01	5.557084e+00	1.385866e+01
8.872154e+01	5.618889e+00	1.392559e+01
8.907643e+01	5.681418e+00	1.399255e+01
8.943271e+01	5.744918e+00	1.405940e+01
8.979044e+01	5.809523e+00	1.412609e+01
9.014960e+01	5.874733e+00	1.419285e+01
9.051020e+01	5.941475e+00	1.425920e+01
9.087222e+01	6.008480e+00	1.432581e+01
9.123570e+01	6.077332e+00	1.439180e+01
9.160065e+01	6.146549e+00	1.445801e+01
9.196705e+01	6.217174e+00	1.452383e+01
9.233490e+01	6.288660e+00	1.458957e+01
9.270423e+01	6.361053e+00	1.465520e+01
9.307504e+01	6.434879e+00	1.472040e+01
9.344733e+01	6.509038e+00	1.478582e+01
9.382111e+01	6.585267e+00	1.485038e+01
9.419640e+01	6.661803e+00	1.491519e+01
9.457317e+01	6.739888e+00	1.497943e+01
9.495147e+01	6.818904e+00	1.504350e+01
9.533127e+01	6.898797e+00	1.510744e+01
9.571258e+01	6.980354e+00	1.517067e+01
9.609543e+01	7.062242e+00	1.523415e+01
9.647980e+01	7.146211e+00	1.529656e+01
9.686572e+01	7.230717e+00	1.535908e+01
9.725317e+01	7.316511e+00	1.542107e+01
9.764217e+01	7.403697e+00	1.548249e+01
9.803274e+01	7.491302e+00	1.554408e+01
9.842487e+01	7.581229e+00	1.560425e+01
9.881856e+01	7.671516e+00	1.566465e+01
9.921383e+01	7.763338e+00	1.572423e+01
9.961067e+01	7.856428e+00	1.578323e+01
1.000091e+02	7.950044e+00	1.584231e+01
1.004091e+02	8.045988e+00	1.589973e+01
1.008108e+02	8.142318e+00	1.595737e+01
1.012140e+02	8.240216e+00	1.601401e+01
1.016188e+02	8.339442e+00	1.606988e+01
1.020253e+02	8.439104e+00	1.612594e+01
1.024334e+02	8.541268e+00	1.617983e+01
1.028431e+02	8.643846e+00	1.623393e+01
1.032545e+02	8.747779e+00	1.628709e+01
1.036675e+02	8.853316e+00	1.633899e+01
1.040822e+02	8.959282e+00	1.639110e+01
1.044985e+02	9.067472e+00	1.644100e+01
1.049165e+02	9.176415e+00	1.649065e+01
1.053362e+02	9.286266e+00	1.653982e+01
1.057575e+02	9.398179e+00	1.658677e+01
1.061805e+02	9.510546e+00	1.663392e+01
1.066052e+02	9.624522e+00	1.667933e+01
1.070316e+02	9.739836e+00	1.672350e+01
1.074598e+02	9.855605e+00	1.676784e+01
1.078896e+02	9.973601e+00	1.680912e+01
1.083211e+02	1.009227e+01	1.685019e+01
1.087544e+02	1.021177e+01	1.689069e+01
1.091894e+02	1.033326e+01	1.692819e+01
1.096262e+02	1.045525e+01	1.696583e+01
1.100647e+02	1.057849e+01	1.700175e+01
1.105049e+02	1.070319e+01	1.703550e+01
1.109469e+02	1.082839e+01	1.706939e+01
1.113907e+02	1.095516e+01	1.710036e+01
1.118363e+02	1.108294e+01	1.713002e+01
1.122836e+02	1.121123e+01	1.715980e+01
1.127327e+02	1.134124e+01	1.718547e+01
1.131837e+02	1.147193e+01	1.721068e+01
1.136364e+02	1.160320e+01	1.723573e+01
1.140909e+02	1.173607e+01	1.725604e+01
1.145473e+02	1.186947e+01	1.727643e+01
1.150055e+02	1.200356e+01	1.729589e+01
1.154655e+02	1.213887e+01	1.731104e+01
1.159273e+02	1.227472e+01	1.732626e+01
1.163910e+02	1.241126e+01	1.733988e+01
1.168566e+02	1.254870e+01	1.734952e+01
1.173240e+02	1.268670e+01	1.735920e+01
1.177933e+02	1.282529e+01	1.736676e+01
1.182644e+02	1.296451e+01	1.737055e+01
1.187375e+02	1.310429e+01	1.737435e+01
1.192124e+02	1.324451e+01	1.737570e+01
1.196893e+02	1.338510e+01	1.737331e+01
1.201680e+02	1.352624e+01	1.737091e+01
1.206487e+02	1.366764e+01	1.736596e+01
1.211313e+02	1.380912e+01	1.735711e+01
1.216158e+02	1.395117e+01	1.734822e+01
1.221023e+02	1.409330e+01	1.733693e+01
1.225907e+02	1.423516e+01	1.732137e+01
1.230810e+02	1.437758e+01	1.730575e+01
1.235733e+02	1.452003e+01	1.728815e+01
1.240676e+02	1.466169e+01	1.726568e+01
1.245639e+02	1.480392e+01	1.724312e+01
1.250621e+02	1.494627e+01	1.721930e+01
1.255624e+02	1.508711e+01	1.718979e+01
1.260646e+02	1.522851e+01	1.716017e+01
1.265689e+02	1.537041e+01	1.713027e+01
1.270751e+02	1.550978e+01	1.709367e+01
1.275834e+02	1.564971e+01	1.705692e+01
1.280938e+02	1.579020e+01	1.702002e+01
1.286061e+02	1.592806e+01	1.697745e+01
1.291205e+02	1.606583e+01	1.693359e+01
1.296370e+02	1.620416e+01	1.688955e+01
1.301555e+02	1.634034e+01	1.684146e+01
1.306762e+02	1.647526e+01	1.679059e+01
1.311988e+02	1.661071e+01	1.673952e+01
1.317236e+02	1.674504e+01	1.668624e+01
1.322505e+02	1.687640e+01	1.662857e+01
1.327795e+02	1.700830e+01	1.657067e+01
1.333106e+02	1.714067e+01	1.651249e+01
1.338438e+02	1.726781e+01	1.644831e+01
1.343792e+02	1.739545e+01	1.638387e+01
1.349167e+02	1.752361e+01	1.631917e+01
1.354564e+02	1.764814e+01	1.625076e+01
1.359982e+02	1.777088e+01	1.618018e+01
1.365422e+02	1.789411e+01	1.610931e+01
1.370883e+02	1.801620e+01	1.603701e+01
1.376367e+02	1.813344e+01	1.596075e+01
1.381872e+02	1.825115e+01	1.588419e+01
1.387400e+02	1.836933e+01	1.580732e+01
1.392949e+02	1.848216e+01	1.572686e+01
1.398521e+02	1.859380e+01	1.564516e+01
1.404115e+02	1.870590e+01	1.556314e+01
1.409731e+02	1.881626e+01	1.547981e+01
1.415370e+02	1.892138e+01	1.539361e+01
1.421031e+02	1.902692e+01	1.530706e+01
1.426715e+02	1.913288e+01	1.522017e+01
1.432422e+02	1.923335e+01	1.513092e+01
1.438152e+02	1.933196e+01	1.504054e+01
1.443904e+02	1.943096e+01	1.494980e+01
1.449680e+02	1.952936e+01	1.485845e+01
1.455479e+02	1.962077e+01	1.476497e+01
1.461300e+02	1.971255e+01	1.467111e+01
1.467145e+02	1.980469e+01	1.457688e+01
1.473014e+02	1.989327e+01	1.448170e+01
1.478906e+02	1.997764e+01	1.438547e+01
1.484822e+02	2.006235e+01	1.428886e+01
1.490761e+02	2.014739e+01	1.419187e+01
1.496723e+02	2.022639e+01	1.409415e+01
1.502710e+02	2.030359e+01	1.399592e+01
1.508721e+02	2.038110e+01	1.389731e+01
1.514756e+02	2.045892e+01	1.379829e+01
1.520815e+02	2.052877e+01	1.369919e+01
1.526898e+02	2.059877e+01	1.359970e+01
1.533006e+02	2.066905e+01	1.349981e+01
1.539137e+02	2.073829e+01	1.339969e+01
1.545294e+02	2.080091e+01	1.330005e+01
1.551475e+02	2.086377e+01	1.320000e+01
1.557681e+02	2.092689e+01	1.309955e+01
1.563911e+02	2.098807e+01	1.299918e+01
1.570167e+02	2.104373e+01	1.289966e+01
1.576447e+02	2.109962e+01	1.279973e+01
1.582753e+02	2.115573e+01	1.269941e+01
1.589084e+02	2.120954e+01	1.259946e+01
1.595440e+02	2.125848e+01	1.250069e+01
1.601822e+02	2.130761e+01	1.240152e+01
1.608229e+02	2.135695e+01	1.230195e+01
1.614662e+02	2.140415e+01	1.220292e+01
1.621120e+02	2.144666e+01	1.210547e+01
1.627605e+02	2.148934e+01	1.200763e+01
1.634115e+02	2.153219e+01	1.190939e+01
1.640651e+02	2.157352e+01	1.181161e+01
1.647214e+02	2.160995e+01	1.171599e+01
1.653802e+02	2.164652e+01	1.161998e+01
1.660418e+02	2.168324e+01	1.152358e+01
1.667059e+02	2.171943e+01	1.142722e+01
1.673727e+02	2.175016e+01	1.133387e+01
1.680422e+02	2.178102e+01	1.124014e+01
1.687144e+02	2.181200e+01	1.114604e+01
1.693892e+02	2.184310e+01	1.105156e+01
1.700668e+02	2.186914e+01	1.096043e+01
1.707470e+02	2.189469e+01	1.086936e+01
1.714300e+02	2.192035e+01	1.077792e+01
1.721157e+02	2.194611e+01	1.068612e+01
1.728041e+02	2.196873e+01	1.059667e+01
1.734953e+02	2.198942e+01	1.050856e+01
1.741893e+02	2.201019e+01	1.042010e+01
1.748861e+02	2.203105e+01	1.033129e+01
1.755856e+02	2.205075e+01	1.024332e+01
1.762879e+02	2.206702e+01	1.015841e+01
1.769931e+02	2.208335e+01	1.007317e+01
1.777010e+02	2.209974e+01	9.987589e+00
1.784118e+02	2.211620e+01	9.901662e+00
1.791254e+02	2.212922e+01	9.819324e+00
1.798419e+02	2.214154e+01	9.737483e+00
1.805613e+02	2.215392e+01	9.655317e+00
1.812835e+02	2.216634e+01	9.572823e+00
1.820086e+02	2.217764e+01	9.491508e+00
1.827367e+02	2.218639e+01	9.413199e+00
1.834676e+02	2.219518e+01	9.334578e+00
1.842015e+02	2.220400e+01	9.255644e+00
1.849383e+02	2.221286e+01	9.176393e+00
1.856780e+02	2.221939e+01	9.100312e+00
1.864207e+02	2.222500e+01	9.025316e+00
1.871664e+02	2.223064e+01	8.950018e+00
1.879150e+02	2.223630e+01	8.874421e+00
1.886667e+02	2.224188e+01	8.798681e+00
1.894213e+02	2.224472e+01	8.727346e+00
1.901790e+02	2.224757e+01	8.655723e+00
1.909397e+02	2.225043e+01	8.583814e+00
1.917035e+02	2.225330e+01	8.511613e+00
1.924702e+02	2.225554e+01	8.440391e+00
1.932401e+02	2.225597e+01	8.372436e+00
1.940131e+02	2.225640e+01	8.304211e+00
1.947891e+02	2.225683e+01	8.235713e+00
1.955682e+02	2.225727e+01	8.166941e+00
1.963505e+02	2.225688e+01	8.099774e+00
1.971359e+02	2.225524e+01	8.035198e+00
1.979244e+02	2.225359e+01	7.970361e+00
1.987161e+02	2.225193e+01	7.905269e+00
1.995110e+02	2.225027e+01	7.839913e+00
2.003090e+02	2.224784e+01	7.776320e+00
2.011102e+02	2.224442e+01	7.715084e+00
2.019146e+02	2.224099e+01	7.653604e+00
2.027223e+02	2.223755e+01	7.591878e+00
2.035332e+02	2.223409e+01	7.529904e+00
2.043473e+02	2.223009e+01	7.469377e+00
2.051646e+02	2.222518e+01	7.411426e+00
2.059853e+02	2.222026e+01	7.353240e+00
2.068092e+02	2.221531e+01	7.294825e+00
2.076364e+02	2.221035e+01	7.236174e+00
2.084670e+02	2.220513e+01	7.178208e+00
2.093008e+02	2.219899e+01	7.123465e+00
2.101380e+02	2.219282e+01	7.068501e+00
2.109786e+02	2.218664e+01	7.013317e+00
2.118224e+02	2.218042e+01	6.957913e+00
2.126697e+02	2.217418e+01	6.902288e+00
2.135204e+02	2.216710e+01	6.850392e+00
2.143745e+02	2.215993e+01	6.798556e+00
2.152319e+02	2.215274e+01	6.746516e+00
2.160928e+02	2.214551e+01	6.694265e+00
2.169572e+02	2.213826e+01	6.641805e+00
2.178250e+02	2.213062e+01	6.591365e+00
2.186963e+02	2.212266e+01	6.542557e+00
2.195711e+02	2.211467e+01	6.493553e+00
2.204494e+02	2.210664e+01	6.444353e+00
2.213311e+02	2.209858e+01	6.394956e+00
2.222165e+02	2.209047e+01	6.345531e+00
2.231053e+02	2.208191e+01	6.299640e+00
2.239977e+02	2.207330e+01	6.253564e+00
2.248937e+02	2.206467e+01	6.207302e+00
2.257932e+02	2.205600e+01	6.160859e+00
2.266964e+02	2.204729e+01	6.114227e+00
2.276032e+02	2.203844e+01	6.068954e+00
2.285136e+02	2.202940e+01	6.025690e+00
2.294276e+02	2.202032e+01	5.982253e+00
2.303453e+02	2.201121e+01	5.938641e+00
2.312667e+02	2.200205e+01	5.894855e+00
2.321917e+02	2.199287e+01	5.850894e+00
2.331205e+02	2.198357e+01	5.809093e+00
2.340529e+02	2.197420e+01	5.768359e+00
2.349891e+02	2.196479e+01	5.727461e+00
2.359291e+02	2.195534e+01	5.686397e+00
2.368728e+02	2.194585e+01	5.645171e+00
2.378202e+02	2.193633e+01	5.603781e+00
2.387715e+02	2.192679e+01	5.564812e+00
2.397266e+02	2.191721e+01	5.526504e+00
2.406855e+02	2.190760e+01	5.488043e+00
2.416482e+02	2.189795e+01	5.449428e+00
2.426148e+02	2.188826e+01	5.410659e+00
2.435852e+02	2.187853e+01	5.371735e+00
2.445595e+02	2.186887e+01	5.335002e+00
2.455378e+02	2.185920e+01	5.299019e+00
2.465199e+02	2.184950e+01	5.262892e+00
2.475060e+02	2.183976e+01	5.226619e+00
2.484959e+02	2.182998e+01	5.190204e+00
2.494899e+02	2.182016e+01	5.153641e+00
2.504879e+02	2.181043e+01	5.118593e+00
2.514898e+02	2.180077e+01	5.084831e+00
2.524957e+02	2.179108e+01	5.050935e+00
2.535057e+02	2.178135e+01	5.016903e+00
2.545197e+02	2.177157e+01	4.982734e+00
2.555378e+02	2.176176e+01	4.948428e+00
2.565599e+02	2.175198e+01	4.914562e+00
2.575861e+02	2.174241e+01	4.882919e+00
2.586165e+02	2.173281e+01	4.851150e+00
2.596509e+02	2.172318e+01	4.819253e+00
2.606895e+02	2.171350e+01	4.787230e+00
2.617322e+02	2.170378e+01	4.755077e+00
2.627791e+02	2.169403e+01	4.722797e+00
2.638303e+02	2.168451e+01	4.692307e+00
2.648856e+02	2.167507e+01	4.662565e+00
2.659451e+02	2.166560e+01	4.632703e+00
2.670088e+02	2.165609e+01	4.602722e+00
2.680768e+02	2.164654e+01	4.572620e+00
2.691491e+02	2.163696e+01	4.542398e+00
2.702257e+02	2.162734e+01	4.512079e+00
2.713066e+02	2.161813e+01	4.484263e+00
2.723918e+02	2.160889e+01	4.456336e+00
2.734814e+02	2.159961e+01	4.428298e+00
2.745753e+02	2.159030e+01	4.400147e+00
2.756736e+02	2.158094e+01	4.371883e+00
2.767762e+02	2.157155e+01	4.343506e+00
2.778833e+02	2.156220e+01	4.315382e+00
2.789948e+02	2.155324e+01	4.289292e+00
2.801107e+02	2.154424e+01	4.263100e+00
2.812312e+02	2.153521e+01	4.236800e+00
2.823561e+02	2.152614e+01	4.210398e+00
2.834855e+02	2.151704e+01	4.183887e+00
2.846194e+02	2.150790e+01	4.157273e+00
2.857579e+02	2.149877e+01	4.130762e+00
2.869009e+02	2.149010e+01	4.106320e+00
2.880485e+02	2.148139e+01	4.081781e+00
2.892007e+02	2.147265e+01	4.057143e+00
2.903575e+02	2.146388e+01	4.032406e+00
2.915189e+02	2.145507e+01	4.007572e+00
2.926849e+02	2.144623e+01	3.982637e+00
2.938556e+02	2.143735e+01	3.957603e+00
2.950310e+02	2.142890e+01	3.934340e+00
2.962111e+02	2.142053e+01	3.911376e+00
2.973960e+02	2.141212e+01	3.888321e+00
2.985855e+02	2.140368e+01	3.865173e+00
2.997799e+02	2.139520e+01	3.841932e+00
3.009789e+02	2.138669e+01	3.818599e+00
3.021829e+02	2.137815e+01	3.795172e+00
3.033915e+02	2.136978e+01	3.772401e+00
3.046051e+02	2.136176e+01	3.750937e+00
3.058235e+02	2.135371e+01	3.729388e+00
3.070468e+02	2.134563e+01	3.707754e+00
3.082749e+02	2.133752e+01	3.686033e+00
3.095080e+02	2.132937e+01	3.664223e+00
3.107460e+02	2.132120e+01	3.642328e+00
3.119890e+02	2.131299e+01	3.620345e+00
3.132369e+02	2.130514e+01	3.599578e+00
3.144899e+02	2.129747e+01	3.579462e+00
3.157478e+02	2.128978e+01	3.559268e+00
3.170108e+02	2.128206e+01	3.538991e+00
3.182788e+02	2.127430e+01	3.518634e+00
3.195519e+02	2.126652e+01	3.498194e+00
3.208300e+02	2.125870e+01	3.477675e+00
3.221134e+02	2.125085e+01	3.457072e+00
3.234018e+02	2.124340e+01	3.437716e+00
3.246954e+02	2.123611e+01	3.418890e+00
3.259941e+02	2.122879e+01	3.399988e+00
3.272981e+02	2.122145e+01	3.381011e+00
3.286072e+02	2.121407e+01	3.361958e+00
3.299217e+02	2.120667e+01	3.342828e+00
3.312413e+02	2.119923e+01	3.323622e+00
3.325663e+02	2.119177e+01	3.304339e+00
3.338965e+02	2.118457e+01	3.285848e+00
3.352321e+02	2.117768e+01	3.268253e+00
3.365730e+02	2.117075e+01	3.250589e+00
3.379192e+02	2.116380e+01	3.232853e+00
3.392709e+02	2.115682e+01	3.215046e+00
3.406280e+02	2.114981e+01	3.197168e+00
3.419904e+02	2.114278e+01	3.179219e+00
3.433584e+02	2.113571e+01	3.161198e+00
3.447318e+02	2.112862e+01	3.143104e+00
3.461107e+02	2.112212e+01	3.126652e+00
3.474951e+02	2.111560e+01	3.110168e+00
3.488851e+02	2.110905e+01	3.093618e+00
3.502806e+02	2.110248e+01	3.077002e+00
3.516817e+02	2.109588e+01	3.060319e+00
3.530884e+02	2.108926e+01	3.043570e+00
3.545007e+02	2.108261e+01	3.026753e+00
3.559187e+02	2.107593e+01	3.009870e+00
3.573424e+02	2.106934e+01	2.993233e+00
3.587717e+02	2.106323e+01	2.977877e+00
3.602068e+02	2.105710e+01	2.962460e+00
3.616476e+02	2.105095e+01	2.946981e+00
3.630942e+02	2.104477e+01	2.931439e+00
3.645465e+02	2.103856e+01	2.915837e+00
3.660046e+02	2.103233e+01	2.900171e+00
3.674686e+02	2.102607e+01	2.884443e+00
3.689385e+02	2.101979e+01	2.868651e+00
3.704142e+02	2.101354e+01	2.852922e+00
3.718958e+02	2.100782e+01	2.838587e+00
3.733834e+02	2.100208e+01	2.824193e+00
3.748770e+02	2.099632e+01	2.809741e+00
3.763764e+02	2.099054e+01	2.795233e+00
3.778819e+02	2.098473e+01	2.780666e+00
3.793933e+02	2.097890e+01	2.766041e+00
3.809110e+02	2.097305e+01	2.751356e+00
3.824345e+02	2.096717e+01	2.736614e+00
3.839642e+02	2.096127e+01	2.721813e+00
3.855001e+02	2.095573e+01	2.707893e+00
3.870421e+02	2.095039e+01	2.694482e+00
3.885902e+02	2.094503e+01	2.681017e+00
3.901445e+02	2.093965e+01	2.667499e+00
3.917050e+02	2.093424e+01	2.653927e+00
3.932719e+02	2.092882e+01	2.640299e+00
3.948450e+02	2.092337e+01	2.626618e+00
3.964243e+02	2.091790e+01	2.612882e+00
3.980099e+02	2.091241e+01	2.599091e+00
3.996020e+02	2.090689e+01	2.585245e+00
4.012003e+02	2.090183e+01	2.572492e+00
4.028051e+02	2.089687e+01	2.559974e+00
4.044164e+02	2.089189e+01	2.547406e+00
4.060340e+02	2.088689e+01	2.534787e+00
4.076581e+02	2.088187e+01	2.522119e+00
4.092887e+02	2.087683e+01	2.509400e+00
4.109258e+02	2.087176e+01	2.496629e+00
4.125695e+02	2.086668e+01	2.483808e+00
4.142197e+02	2.086158e+01	2.470936e+00
4.158766e+02	2.085645e+01	2.458012e+00
4.175400e+02	2.085164e+01	2.445822e+00
4.192102e+02	2.084706e+01	2.434166e+00
4.208870e+02	2.084246e+01	2.422463e+00
4.225705e+02	2.083784e+01	2.410714e+00
4.242607e+02	2.083320e+01	2.398918e+00
4.259578e+02	2.082854e+01	2.387074e+00
4.276616e+02	2.082387e+01	2.375183e+00
4.293722e+02	2.081917e+01	2.363245e+00
4.310896e+02	2.081446e+01	2.351259e+00
4.328140e+02	2.080973e+01	2.339224e+00
4.345452e+02	2.080498e+01	2.327142e+00
4.362834e+02	2.080072e+01	2.316204e+00
4.380285e+02	2.079649e+01	2.305337e+00
4.397805e+02	2.079225e+01	2.294426e+00
4.415397e+02	2.078799e+01	2.283471e+00
4.433058e+02	2.078372e+01	2.272472e+00
4.450789e+02	2.077942e+01	2.261430e+00
4.468593e+02	2.077511e+01	2.250343e+00
4.486467e+02	2.077078e+01	2.239212e+00
4.504412e+02	2.076644e+01	2.228037e+00
4.522429e+02	2.076208e+01	2.216817e+00
4.540519e+02	2.075770e+01	2.205551e+00
4.558681e+02	2.075373e+01	2.195213e+00
4.576915e+02	2.074986e+01	2.185110e+00
4.595222e+02	2.074597e+01	2.174968e+00
4.613603e+02	2.074207e+01	2.164784e+00
4.632057e+02	2.073816e+01	2.154561e+00
4.650585e+02	2.073423e+01	2.144296e+00
4.669187e+02	2.073028e+01	2.133990e+00
4.687864e+02	2.072632e+01	2.123642e+00
4.706614e+02	2.072234e+01	2.113254e+00
4.725441e+02	2.071834e+01	2.102824e+00
4.744342e+02	2.071433e+01	2.092352e+00
4.763319e+02	2.071037e+01	2.081987e+00
4.782373e+02	2.070685e+01	2.072627e+00
4.801501e+02	2.070332e+01	2.063231e+00
4.820706e+02	2.069978e+01	2.053796e+00
4.839990e+02	2.069622e+01	2.044324e+00
4.859349e+02	2.069264e+01	2.034814e+00
4.878786e+02	2.068905e+01	2.025265e+00
4.898301e+02	2.068545e+01	2.015679e+00
4.917894e+02	2.068183e+01	2.006054e+00
4.937565e+02	2.067820e+01	1.996391e+00
4.957315e+02	2.067455e+01	1.986689e+00
4.977144e+02	2.067089e+01	1.976949e+00
4.997053e+02	2.066722e+01	1.967169e+00
5.017040e+02	2.066398e+01	1.958384e+00
5.037108e+02	2.066078e+01	1.949676e+00
5.057255e+02	2.065757e+01	1.940933e+00
5.077485e+02	2.065435e+01	1.932155e+00
5.097794e+02	2.065111e+01	1.923342e+00
5.118185e+02	2.064786e+01	1.914493e+00
5.138657e+02	2.064459e+01	1.905610e+00
5.159212e+02	2.064132e+01	1.896690e+00
5.179848e+02	2.063803e+01	1.887735e+00
5.200568e+02	2.063472e+01	1.878744e+00
5.221370e+02	2.063141e+01	1.869718e+00
5.242255e+02	2.062808e+01	1.860655e+00
5.263223e+02	2.062476e+01	1.851614e+00
5.284276e+02	2.062189e+01	1.843578e+00
5.305413e+02	2.061900e+01	1.835510e+00
5.326635e+02	2.061610e+01	1.827410e+00
5.347939e+02	2.061320e+01	1.819278e+00
5.369331e+02	2.061028e+01	1.811113e+00
5.390808e+02	2.060734e+01	1.802915e+00
5.412371e+02	2.060440e+01	1.794684e+00
5.434020e+02	2.060144e+01	1.786421e+00
5.455756e+02	2.059848e+01	1.778124e+00
5.477578e+02	2.059550e+01	1.769794e+00
5.499489e+02	2.059251e+01	1.761431e+00
5.521486e+02	2.058950e+01	1.753035e+00
5.543571e+02	2.058649e+01	1.744605e+00
5.565745e+02	2.058369e+01	1.736678e+00
5.588008e+02	2.058112e+01	1.729239e+00
5.610360e+02	2.057853e+01	1.721771e+00
5.632800e+02	2.057593e+01	1.714272e+00
5.655331e+02	2.057332e+01	1.706744e+00
5.677952e+02	2.057070e+01	1.699185e+00
5.700663e+02	2.056806e+01	1.691596e+00
5.723467e+02	2.056542e+01	1.683976e+00
5.746359e+02	2.056277e+01	1.676327e+00
5.769345e+02	2.056011e+01	1.668646e+00
5.792422e+02	2.055743e+01	1.660935e+00
5.815591e+02	2.055475e+01	1.653194e+00
5.838853e+02	2.055206e+01	1.645421e+00
5.862208e+02	2.054935e+01	1.637617e+00
5.885657e+02	2.054672e+01	1.629975e+00
5.909198e+02	2.054443e+01	1.623126e+00
5.932835e+02	2.054213e+01	1.616250e+00
5.956566e+02	2.053982e+01	1.609346e+00
5.980391e+02	2.053750e+01	1.602415e+00
6.004313e+02	2.053517e+01	1.595456e+00
6.028330e+02	2.053284e+01	1.588468e+00
6.052443e+02	2.053049e+01	1.581453e+00
6.076652e+02	2.052814e+01	1.574410e+00
6.100958e+02	2.052577e+01	1.567339e+00
6.125361e+02	2.052340e+01	1.560240e+00
6.149863e+02	2.052101e+01	1.553112e+00
6.174462e+02	2.051862e+01	1.545955e+00
6.199159e+02	2.051622e+01	1.538771e+00
6.223955e+02	2.051380e+01	1.531557e+00
6.248851e+02	2.051138e+01	1.524318e+00
6.273845e+02	2.050937e+01	1.518027e+00
6.298940e+02	2.050734e+01	1.511711e+00
6.324136e+02	2.050530e+01	1.505369e+00
6.349432e+02	2.050326e+01	1.499002e+00
6.374829e+02	2.050121e+01	1.492609e+00
6.400328e+02	2.049915e+01	1.486191e+00
6.425929e+02	2.049708e+01	1.479747e+00
6.451632e+02	2.049500e+01	1.473278e+00
6.477439e+02	2.049292e+01	1.466782e+00
6.503348e+02	2.049082e+01	1.460261e+00
6.529360e+02	2.048872e+01	1.453714e+00
6.555478e+02	2.048661e+01	1.447140e+00
6.581699e+02	2.048449e+01	1.440540e+00
6.608026e+02	2.048237e+01	1.433913e+00
6.634457e+02	2.048023e+01	1.427260e+00
6.660995e+02	2.047809e+01	1.420581e+00
6.687639e+02	2.047626e+01	1.414666e+00
6.714388e+02	2.047449e+01	1.408883e+00
6.741245e+02	2.047271e+01	1.403077e+00
6.768210e+02	2.047092e+01	1.397247e+00
6.795283e+02	2.046913e+01	1.391394e+00
6.822463e+02	2.046733e+01	1.385517e+00
6.849753e+02	2.046552e+01	1.379617e+00
6.877152e+02	2.046371e+01	1.373693e+00
6.904659e+02	2.046189e+01	1.367746e+00
6.932277e+02	2.046005e+01	1.361775e+00
6.960005e+02	2.045822e+01	1.355780e+00
6.987846e+02	2.045638e+01	1.349761e+00
7.015796e+02	2.045452e+01	1.343718e+00
7.043859e+02	2.045267e+01	1.337651e+00
7.072034e+02	2.045080e+01	1.331560e+00
7.100322e+02	2.044893e+01	1.325444e+00
7.128722e+02	2.044704e+01	1.319304e+00
7.157236e+02	2.044536e+01	1.313645e+00
7.185865e+02	2.044382e+01	1.308373e+00
7.214608e+02	2.044229e+01	1.303081e+00
7.243466e+02	2.044074e+01	1.297766e+00
7.272439e+02	2.043919e+01	1.292431e+00
7.301528e+02	2.043763e+01	1.287074e+00
7.330735e+02	2.043607e+01	1.281696e+00
7.360057e+02	2.043450e+01	1.276296e+00
7.389496e+02	2.043293e+01	1.270875e+00
7.419054e+02	2.043134e+01	1.265432e+00
7.448730e+02	2.042976e+01	1.259967e+00
7.478525e+02	2.042816e+01	1.254481e+00
7.508438e+02	2.042656e+01	1.248972e+00
7.538470e+02	2.042496e+01	1.243442e+00
7.568624e+02	2.042334e+01	1.237889e+00
7.598898e+02	2.042172e+01	1.232314e+00
7.629293e+02	2.042009e+01	1.226717e+00
7.659810e+02	2.041846e+01	1.221097e+00
7.690449e+02	2.041682e+01	1.215455e+00
7.721209e+02	2.041551e+01	1.210669e+00
7.752094e+02	2.041420e+01	1.205872e+00
7.783101e+02	2.041288e+01	1.201056e+00
7.814235e+02	2.041155e+01	1.196221e+00
7.845489e+02	2.041022e+01	1.191367e+00
7.876872e+02	2.040889e+01	1.186493e+00
7.908378e+02	2.040755e+01	1.181600e+00
7.940012e+02	2.040621e+01	1.176687e+00
7.971771e+02	2.040486e+01	1.171755e+00
8.003657e+02	2.040350e+01	1.166803e+00
8.035671e+02	2.040214e+01	1.161831e+00
8.067815e+02	2.040077e+01	1.156839e+00
8.100085e+02	2.039940e+01	1.151827e+00
8.132485e+02	2.039802e+01	1.146795e+00
8.165013e+02	2.039664e+01	1.141743e+00
8.197674e+02	2.039525e+01	1.136671e+00
8.230463e+02	2.039386e+01	1.131579e+00
8.263385e+02	2.039246e+01	1.126466e+00
8.296438e+02	2.039105e+01	1.121332e+00
8.329623e+02	2.038964e+01	1.116178e+00
8.362941e+02	2.038852e+01	1.111812e+00
8.396392e+02	2.038741e+01	1.107482e+00
8.429977e+02	2.038630e+01	1.103134e+00
8.463696e+02	2.038518e+01	1.098769e+00
8.497551e+02	2.038406e+01	1.094387e+00
8.531539e+02	2.038293e+01	1.089987e+00
8.565665e+02	2.038180e+01	1.085569e+00
8.599928e+02	2.038066e+01	1.081134e+00
8.634327e+02	2.037952e+01	1.076681e+00
8.668864e+02	2.037838e+01	1.072210e+00
8.703539e+02	2.037723e+01	1.067721e+00
8.738353e+02	2.037608e+01	1.063214e+00
8.773304e+02	2.037492e+01	1.058689e+00
8.808397e+02	2.037376e+01	1.054147e+00
8.843630e+02	2.037259e+01	1.049585e+00
8.879006e+02	2.037142e+01	1.045006e+00
8.914520e+02	2.037024e+01	1.040409e+00
8.950177e+02	2.036906e+01	1.035793e+00
8.985978e+02	2.036787e+01	1.031158e+00
9.021921e+02	2.036668e+01	1.026505e+00
9.058007e+02	2.036549e+01	1.021834e+00
9.094239e+02	2.036433e+01	1.017262e+00
9.130615e+02	2.036341e+01	1.013392e+00
9.167137e+02	2.036249e+01	1.009506e+00
9.203805e+02	2.036156e+01	1.005604e+00
9.240620e+02	2.036064e+01	1.001687e+00
9.277582e+02	2.035970e+01	9.977548e-01
9.314691e+02	2.035877e+01	9.938064e-01
9.351949e+02	2.035783e+01	9.898423e-01
9.389357e+02	2.035688e+01	9.858623e-01
9.426913e+02	2.035594e+01	9.818664e-01
9.464621e+02	2.035498e+01	9.778543e-01
9.502478e+02	2.035403e+01	9.738265e-01
9.540487e+02	2.035307e+01	9.697824e-01
9.578649e+02	2.035211e+01	9.657221e-01
9.616963e+02	2.035114e+01	9.616456e-01
9.655430e+02	2.035017e+01	9.575529e-01
9.694050e+02	2.034920e+01	9.534437e-01
9.732827e+02	2.034822e+01	9.493181e-01
9.771757e+02	2.034724e+01	9.451759e-01
9.810844e+02	2.034625e+01	9.410172e-01
9.850086e+02	2.034526e+01	9.368420e-01
9.889485e+02	2.034426e+01	9.326500e-01
9.929044e+02	2.034327e+01	9.284410e-01
9.968758e+02	2.034227e+01	9.242156e-01
1.000863e+03	2.034133e+01	9.201903e-01
1.004867e+03	2.034058e+01	9.167489e-01
1.008886e+03	2.033983e+01	9.132937e-01
1.012922e+03	2.033908e+01	9.098249e-01
1.016973e+03	2.033832e+01	9.063420e-01
1.021041e+03	2.033756e+01	9.028453e-01
1.025125e+03	2.033680e+01	8.993345e-01
1.029226e+03	2.033603e+01	8.958097e-01
1.033342e+03	2.033526e+01	8.922710e-01
1.037476e+03	2.033449e+01	8.887179e-01
1.041626e+03	2.033371e+01	8.851505e-01
1.045792e+03	2.033293e+01	8.815692e-01
1.049975e+03	2.033215e+01	8.779733e-01
1.054175e+03	2.033137e+01	8.743631e-01
1.058391e+03	2.033058e+01	8.707383e-01
1.062625e+03	2.032979e+01	8.670993e-01
1.066875e+03	2.032899e+01	8.634454e-01
1.071143e+03	2.032820e+01	8.597771e-01
1.075427e+03	2.032739e+01	8.560941e-01
1.079729e+03	2.032659e+01	8.523964e-01
1.084048e+03	2.032578e+01	8.486838e-01
1.088384e+03	2.032497e+01	8.449565e-01
1.092738e+03	2.032416e+01	8.412141e-01
1.097108e+03	2.032334e+01	8.374569e-01
1.101497e+03	2.032252e+01	8.336847e-01
1.105903e+03	2.032170e+01	8.298972e-01
1.110326e+03	2.032087e+01	8.260946e-01
1.114767e+03	2.032025e+01	8.229740e-01
1.119226e+03	2.031965e+01	8.199423e-01
1.123703e+03	2.031905e+01	8.168985e-01
1.128198e+03	2.031845e+01	8.138425e-01
1.132710e+03	2.031785e+01	8.107745e-01
1.137241e+03	2.031724e+01	8.076939e-01
1.141790e+03	2.031663e+01	8.046011e-01
1.146358e+03	2.031602e+01	8.014959e-01
1.150943e+03	2.031541e+01	7.983784e-01
1.155546e+03	2.031479e+01	7.952483e-01
1.160168e+03	2.031417e+01	7.921058e-01
1.164809e+03	2.031355e+01	7.889507e-01
1.169468e+03	2.031293e+01	7.857829e-01
1.174146e+03	2.031230e+01	7.826026e-01
1.178842e+03	2.031167e+01	7.794094e-01
1.183558e+03	2.031104e+01	7.762034e-01
1.188292e+03	2.031041e+01	7.729847e-01
1.193045e+03	2.030977e+01	7.697532e-01
1.197817e+03	2.030913e+01	7.665086e-01
1.202608e+03	2.030849e+01	7.632511e-01
1.207419e+03	2.030785e+01	7.599804e-01
1.212248e+03	2.030720e+01	7.566968e-01
1.217097e+03	2.030655e+01	7.534001e-01
1.221966e+03	2.030590e+01	7.500901e-01
1.226853e+03	2.030525e+01	7.467670e-01
1.231761e+03	2.030459e+01	7.434304e-01
1.236688e+03	2.030393e+01	7.400807e-01
1.241634e+03	2.030327e+01	7.367173e-01
1.246601e+03	2.030260e+01	7.333407e-01
1.251587e+03	2.030201e+01	7.302379e-01
1.256593e+03	2.030155e+01	7.276173e-01
1.261620e+03	2.030109e+01	7.249862e-01
1.266666e+03	2.030063e+01	7.223446e-01
1.271733e+03	2.030016e+01	7.196923e-01
1.276819e+03	2.029969e+01	7.170296e-01
1.281927e+03	2.029922e+01	7.143561e-01
1.287054e+03	2.029875e+01	7.116720e-01
1.292202e+03	2.029828e+01	7.089770e-01
1.297371e+03	2.029781e+01	7.062714e-01
1.302560e+03	2.029733e+01	7.035549e-01
1.307770e+03	2.029685e+01	7.008277e-01
1.313002e+03	2.029637e+01	6.980893e-01
1.318253e+03	2.029589e+01	6.953402e-01
1.323526e+03	2.029540e+01	6.925800e-01
1.328820e+03	2.029492e+01	6.898087e-01
1.334135e+03	2.029443e+01	6.870264e-01
1.339472e+03	2.029394e+01	6.842329e-01
1.344830e+03	2.029345e+01	6.814282e-01
1.350209e+03	2.029295e+01	6.786124e-01
1.355610e+03	2.029245e+01	6.757853e-01
1.361032e+03	2.029196e+01	6.729469e-01
1.366476e+03	2.029146e+01	6.700970e-01
1.371942e+03	2.029095e+01	6.672359e-01
1.377430e+03	2.029045e+01	6.643633e-01
1.382939e+03	2.028994e+01	6.614792e-01
1.388471e+03	2.028943e+01	6.585835e-01
1.394025e+03	2.028893e+01	6.556763e-01
1.399601e+03	2.028841e+01	6.527575e-01
1.405199e+03	2.028790e+01	6.498269e-01
1.410820e+03	2.028738e+01	6.468846e-01
1.416463e+03	2.028686e+01	6.439305e-01
1.422129e+03	2.028634e+01	6.409648e-01
1.427817e+03	2.028582e+01	6.379871e-01
1.433528e+03	2.028546e+01	6.357018e-01
1.439262e+03	2.028512e+01	6.334706e-01
1.445019e+03	2.028478e+01	6.312304e-01
1.450799e+03	2.028443e+01	6.289813e-01
1.456602e+03	2.028408e+01	6.267232e-01
1.462429e+03	2.028374e+01	6.244561e-01
1.468278e+03	2.028339e+01	6.221799e-01
1.474151e+03	2.028304e+01	6.198946e-01
1.480048e+03	2.028268e+01	6.176001e-01
1.485968e+03	2.028233e+01	6.152966e-01
1.491912e+03	2.028197e+01	6.129838e-01
1.497879e+03	2.028162e+01	6.106617e-01
1.503871e+03	2.028126e+01	6.083302e-01
1.509886e+03	2.028090e+01	6.059896e-01
1.515925e+03	2.028054e+01	6.036396e-01
1.521989e+03	2.028018e+01	6.012801e-01
1.528077e+03	2.027981e+01	5.989112e-01
1.534189e+03	2.027945e+01	5.965328e-01
1.540326e+03	2.027908e+01	5.941450e-01
1.546487e+03	2.027871e+01	5.917475e-01
1.552673e+03	2.027834e+01	5.893405e-01
1.558883e+03	2.027797e+01	5.869238e-01
1.565119e+03	2.027760e+01	5.844975e-01
1.571379e+03	2.027723e+01	5.820615e-01
1.577665e+03	2.027685e+01	5.796157e-01
1.583975e+03	2.027647e+01	5.771602e-01
1.590311e+03	2.027609e+01	5.746948e-01
1.596672e+03	2.027571e+01	5.722196e-01
1.603059e+03	2.027533e+01	5.697344e-01
1.609471e+03	2.027495e+01	5.672393e-01
1.615908e+03	2.027456e+01	5.647343e-01
1.622372e+03	2.027418e+01	5.622193e-01
1.628861e+03	2.027379e+01	5.596941e-01
1.635377e+03	2.027340e+01	5.571588e-01
1.641918e+03	2.027301e+01	5.546135e-01
1.648486e+03	2.027262e+01	5.520579e-01
1.655080e+03	2.027222e+01	5.494921e-01
1.661700e+03	2.027183e+01	5.469161e-01
1.668346e+03	2.027148e+01	5.445578e-01
1.675020e+03	2.027124e+01	5.427172e-01
1.681720e+03	2.027100e+01	5.408691e-01
1.688446e+03	2.027075e+01	5.390138e-01
1.695200e+03	2.027051e+01	5.371510e-01
1.701981e+03	2.027026e+01	5.352807e-01
1.708789e+03	2.027002e+01	5.334030e-01
1.715624e+03	2.026977e+01	5.315177e-01
1.722486e+03	2.026952e+01	5.296249e-01
1.729376e+03	2.026927e+01	5.277246e-01
1.736293e+03	2.026902e+01	5.258166e-01
1.743238e+03	2.026877e+01	5.239010e-01
1.750211e+03	2.026852e+01	5.219777e-01
1.757212e+03	2.026827e+01	5.200468e-01
1.764240e+03	2.026801e+01	5.181081e-01
1.771297e+03	2.026776e+01	5.161617e-01
1.778382e+03	2.026750e+01	5.142074e-01
1.785496e+03	2.026725e+01	5.122454e-01
1.792638e+03	2.026699e+01	5.102755e-01
1.799808e+03	2.026673e+01	5.082978e-01
1.807007e+03	2.026647e+01	5.063121e-01
1.814235e+03	2.026621e+01	5.043185e-01
1.821492e+03	2.026595e+01	5.023168e-01
1.828778e+03	2.026568e+01	5.003073e-01
1.836093e+03	2.026542e+01	4.982897e-01
1.843437e+03	2.026515e+01	4.962640e-01
1.850811e+03	2.026489e+01	4.942301e-01
1.858214e+03	2.026462e+01	4.921882e-01
1.865647e+03	2.026435e+01	4.901381e-01
1.873109e+03	2.026408e+01	4.880798e-01
1.880601e+03	2.026381e+01	4.860132e-01
1.888124e+03	2.026354e+01	4.839384e-01
1.895676e+03	2.026327e+01	4.818553e-01
1.903258e+03	2.026299e+01	4.797639e-01
1.910872e+03	2.026272e+01	4.776640e-01
1.918515e+03	2.026244e+01	4.755559e-01
1.926189e+03	2.026216e+01	4.734392e-01
1.933893e+03	2.026188e+01	4.713142e-01
1.941629e+03	2.026161e+01	4.691805e-01
1.949395e+03	2.026133e+01	4.670384e-01
1.957193e+03	2.026104e+01	4.648877e-01
1.965021e+03	2.026076e+01	4.627284e-01
1.972881e+03	2.026048e+01	4.605604e-01
1.980773e+03	2.026019e+01	4.583838e-01
1.988695e+03	2.025990e+01	4.561985e-01
1.996650e+03	2.025962e+01	4.540044e-01
2.004636e+03	2.025941e+01	4.522706e-01
2.012655e+03	2.025925e+01	4.508055e-01
2.020705e+03	2.025910e+01	4.493346e-01
2.028788e+03	2.025894e+01	4.478578e-01
2.036903e+03	2.025878e+01	4.463751e-01
2.045051e+03	2.025862e+01	4.448864e-01
2.053230e+03	2.025846e+01	4.433919e-01
2.061443e+03	2.025829e+01	4.418914e-01
2.069689e+03	2.025813e+01	4.403847e-01
2.077968e+03	2.025797e+01	4.388722e-01
2.086280e+03	2.025780e+01	4.373535e-01
2.094624e+03	2.025764e+01	4.358289e-01
2.103003e+03	2.025747e+01	4.342980e-01
2.111415e+03	2.025731e+01	4.327611e-01
2.119860e+03	2.025714e+01	4.312180e-01
2.128339e+03	2.025698e+01	4.296688e-01
2.136853e+03	2.025681e+01	4.281133e-01
2.145400e+03	2.025664e+01	4.265517e-01
2.153981e+03	2.025647e+01	4.249837e-01
2.162597e+03	2.025630e+01	4.234096e-01
2.171248e+03	2.025613e+01	4.218290e-01
2.179932e+03	2.025596e+01	4.202423e-01
2.188652e+03	2.025579e+01	4.186491e-01
2.197406e+03	2.025561e+01	4.170496e-01
2.206196e+03	2.025544e+01	4.154436e-01
2.215021e+03	2.025527e+01	4.138312e-01
2.223880e+03	2.025509e+01	4.122125e-01
2.232776e+03	2.025492e+01	4.105872e-01
2.241707e+03	2.025474e+01	4.089554e-01
2.250673e+03	2.025456e+01	4.073172e-01
2.259676e+03	2.025439e+01	4.056723e-01
2.268714e+03	2.025421e+01	4.040208e-01
2.277789e+03	2.025403e+01	4.023628e-01
2.286900e+03	2.025385e+01	4.006982e-01
2.296047e+03	2.025367e+01	3.990268e-01
2.305231e+03	2.025349e+01	3.973488e-01
2.314452e+03	2.025331e+01	3.956640e-01
2.323710e+03	2.025312e+01	3.939726e-01
2.333005e+03	2.025294e+01	3.922743e-01
2.342336e+03	2.025276e+01	3.905693e-01
2.351706e+03	2.025257e+01	3.888574e-01
2.361112e+03	2.025239e+01	3.871388e-01
2.370557e+03	2.025220e+01	3.854132e-01
2.380039e+03	2.025201e+01	3.836808e-01
2.389559e+03	2.025183e+01	3.819413e-01
2.399117e+03	2.025164e+01	3.801950e-01
2.408713e+03	2.025145e+01	3.784416e-01
2.418348e+03	2.025126e+01	3.766812e-01
2.428021e+03	2.025107e+01	3.749138e-01
2.437733e+03	2.025088e+01	3.731394e-01
2.447484e+03	2.025069e+01	3.713579e-01
2.457273e+03	2.025049e+01	3.695692e-01
2.467103e+03	2.025030e+01	3.677732e-01
2.476970e+03	2.025010e+01	3.659703e-01
2.486878e+03	2.024991e+01	3.641600e-01
2.496826e+03	2.024971e+01	3.623426e-01
2.506813e+03	2.024959e+01	3.610564e-01
2.516840e+03	2.024950e+01	3.599627e-01
2.526907e+03	2.024941e+01	3.588648e-01
2.537014e+03	2.024932e+01	3.577624e-01
2.547163e+03	2.024922e+01	3.566556e-01
2.557351e+03	2.024913e+01	3.555444e-01
2.567580e+03	2.024903e+01	3.544287e-01
2.577850e+03	2.024894e+01	3.533086e-01
2.588161e+03	2.024885e+01	3.521840e-01
2.598514e+03	2.024875e+01	3.510549e-01
2.608908e+03	2.024866e+01	3.499213e-01
2.619343e+03	2.024856e+01	3.487831e-01
2.629821e+03	2.024846e+01	3.476404e-01
2.640339e+03	2.024837e+01	3.464932e-01
2.650901e+03	2.024827e+01	3.453413e-01
2.661504e+03	2.024817e+01	3.441848e-01
2.672150e+03	2.024807e+01	3.430237e-01
2.682839e+03	2.024797e+01	3.418579e-01
2.693570e+03	2.024788e+01	3.406875e-01
2.704344e+03	2.024778e+01	3.395125e-01
2.715161e+03	2.024768e+01	3.383327e-01
2.726021e+03	2.024758e+01	3.371482e-01
2.736925e+03	2.024748e+01	3.359589e-01
2.747873e+03	2.024738e+01	3.347649e-01
2.758864e+03	2.024727e+01	3.335661e-01
2.769899e+03	2.024717e+01	3.323626e-01
2.780979e+03	2.024707e+01	3.311542e-01
2.792103e+03	2.024697e+01	3.299410e-01
2.803271e+03	2.024687e+01	3.287229e-01
2.814483e+03	2.024676e+01	3.275000e-01
2.825741e+03	2.024666e+01	3.262721e-01
2.837044e+03	2.024656e+01	3.250394e-01
2.848392e+03	2.024645e+01	3.238017e-01
2.859786e+03	2.024635e+01	3.225591e-01
2.871224e+03	2.024624e+01	3.213115e-01
2.882709e+03	2.024614e+01	3.200589e-01
2.894240e+03	2.024603e+01	3.188012e-01
2.905816e+03	2.024592e+01	3.175387e-01
2.917440e+03	2.024582e+01	3.162709e-01
2.929109e+03	2.024571e+01	3.149982e-01
2.940825e+03	2.024560e+01	3.137204e-01
2.952588e+03	2.024549e+01	3.124374e-01
2.964398e+03	2.024538e+01	3.111494e-01
2.976256e+03	2.024528e+01	3.098561e-01
2.988161e+03	2.024517e+01	3.085577e-01
3.000113e+03	2.024506e+01	3.072541e-01
3.012114e+03	2.024495e+01	3.059453e-01
3.024161e+03	2.024483e+01	3.046313e-01
3.036259e+03	2.024472e+01	3.033119e-01
3.048403e+03	2.024461e+01	3.019873e-01
3.060596e+03	2.024450e+01	3.006575e-01
3.072838e+03	2.024439e+01	2.993223e-01
3.085130e+03	2.024427e+01	2.979817e-01
3.097470e+03	2.024416e+01	2.966358e-01
3.109860e+03	2.024405e+01	2.952845e-01
3.122299e+03	2.024393e+01	2.939278e-01
3.134788e+03	2.024382e+01	2.925657e-01
3.147327e+03	2.024370e+01	2.911981e-01
3.159916e+03	2.024359e+01	2.898250e-01
3.172555e+03	2.024347e+01	2.884466e-01
3.185246e+03	2.024335e+01	2.870624e-01
3.197986e+03	2.024324e+01	2.856729e-01
3.210778e+03	2.024312e+01	2.842777e-01
3.223621e+03	2.024300e+01	2.828771e-01
3.236515e+03	2.024288e+01	2.814707e-01
3.249461e+03	2.024276e+01	2.800588e-01
3.262458e+03	2.024264e+01	2.786412e-01
3.275508e+03	2.024252e+01	2.772179e-01
3.288610e+03	2.024240e+01	2.757889e-01
3.301764e+03	2.024228e+01	2.743543e-01
3.314971e+03	2.024216e+01	2.729139e-01
3.328230e+03	2.024204e+01	2.714677e-01
3.341543e+03	2.024197e+01	2.705016e-01
3.354909e+03	2.024192e+01	2.697756e-01
3.368329e+03	2.024188e+01	2.690465e-01
3.381802e+03	2.024184e+01	2.683147e-01
3.395329e+03	2.024179e+01	2.675798e-01
3.408910e+03	2.024175e+01	2.668420e-01
3.422545e+03	2.024170e+01	2.661013e-01
3.436235e+03	2.024166e+01	2.653576e-01
3.449980e+03	2.024161e+01	2.646110e-01
3.463780e+03	2.024157e+01	2.638613e-01
3.477634e+03	2.024152e+01	2.631087e-01
3.491545e+03	2.024148e+01	2.623530e-01
3.505511e+03	2.024143e+01	2.615943e-01
3.519533e+03	2.024138e+01	2.608326e-01
3.533610e+03	2.024134e+01	2.600679e-01
3.547745e+03	2.024129e+01	2.593001e-01
3.561936e+03	2.024124e+01	2.585291e-01
3.576182e+03	2.024120e+01	2.577552e-01
3.590487e+03	2.024115e+01	2.569781e-01
3.604849e+03	2.024110e+01	2.561980e-01
3.619268e+03	2.024106e+01	2.554146e-01
3.633745e+03	2.024101e+01	2.546282e-01
3.648280e+03	2.024096e+01	2.538386e-01
3.662872e+03	2.024091e+01	2.530459e-01
3.677524e+03	2.024086e+01	2.522500e-01
3.692234e+03	2.024082e+01	2.514508e-01
3.707002e+03	2.024077e+01	2.506486e-01
3.721830e+03	2.024072e+01	2.498431e-01
3.736718e+03	2.024067e+01	2.490343e-01
3.751663e+03	2.024062e+01	2.482224e-01
3.766670e+03	2.024057e+01	2.474072e-01
3.781737e+03	2.024052e+01	2.465887e-01
3.796863e+03	2.024047e+01	2.457670e-01
3.812050e+03	2.024042e+01	2.449420e-01
3.827298e+03	2.024037e+01	2.441137e-01
3.842607e+03	2.024032e+01	2.432820e-01
3.857978e+03	2.024027e+01	2.424470e-01
3.873409e+03	2.024022e+01	2.416088e-01
3.888902e+03	2.024017e+01	2.407671e-01
3.904457e+03	2.024012e+01	2.399221e-01
3.920076e+03	2.024007e+01	2.390737e-01
3.935756e+03	2.024002e+01	2.382219e-01
3.951498e+03	2.023996e+01	2.373667e-01
3.967304e+03	2.023991e+01	2.365081e-01
3.983173e+03	2.023986e+01	2.356460e-01
3.999105e+03	2.023981e+01	2.347805e-01
4.015102e+03	2.023976e+01	2.339115e-01
4.031162e+03	2.023970e+01	2.330391e-01
4.047286e+03	2.023965e+01	2.321631e-01
4.063474e+03	2.023960e+01	2.312837e-01
4.079729e+03	2.023954e+01	2.304007e-01
4.096047e+03	2.023949e+01	2.295143e-01
4.112432e+03	2.023944e+01	2.286242e-01
4.128880e+03	2.023938e+01	2.277306e-01
4.145396e+03	2.023933e+01	2.268335e-01
4.161977e+03	2.023927e+01	2.259327e-01
4.178625e+03	2.023922e+01	2.250283e-01
4.195339e+03	2.023916e+01	2.241204e-01
4.212119e+03	2.023911e+01	2.232088e-01
4.228968e+03	2.023905e+01	2.222935e-01
4.245884e+03	2.023900e+01	2.213746e-01
4.262867e+03	2.023894e+01	2.204520e-01
4.279917e+03	2.023888e+01	2.195257e-01
4.297037e+03	2.023883e+01	2.185958e-01
4.314225e+03	2.023877e+01	2.176620e-01
4.331482e+03	2.023872e+01	2.167246e-01
4.348807e+03	2.023866e+01	2.157834e-01
4.366203e+03	2.023860e+01	2.148384e-01
4.383667e+03	2.023854e+01	2.138897e-01
4.401201e+03	2.023849e+01	2.129372e-01
4.418806e+03	2.023843e+01	2.119808e-01
4.436480e+03	2.023837e+01	2.110207e-01
4.454227e+03	2.023831e+01	2.100567e-01
4.472043e+03	2.023825e+01	2.090888e-01
4.489931e+03	2.023820e+01	2.081171e-01
4.507890e+03	2.023814e+01	2.071415e-01
4.525921e+03	2.023808e+01	2.061619e-01
4.544025e+03	2.023802e+01	2.051785e-01
4.562200e+03	2.023796e+01	2.041911e-01
4.580449e+03	2.023790e+01	2.031998e-01
4.598771e+03	2.023784e+01	2.022045e-01
4.617166e+03	2.023778e+01	2.012052e-01
4.635634e+03	2.023772e+01	2.002020e-01
4.654176e+03	2.023766e+01	1.991947e-01
4.672792e+03	2.023759e+01	1.981834e-01
4.691483e+03	2.023753e+01	1.971680e-01
4.710249e+03	2.023747e+01	1.961486e-01
4.729089e+03	2.023741e+01	1.951251e-01
4.748005e+03	2.023735e+01	1.940975e-01
4.766998e+03	2.023728e+01	1.930658e-01
4.786065e+03	2.023722e+01	1.920300e-01
4.805208e+03	2.023716e+01	1.909900e-01
4.824430e+03	2.023709e+01	1.899459e-01
4.843727e+03	2.023703e+01	1.888976e-01
4.863102e+03	2.023697e+01	1.878451e-01
4.882553e+03	2.023690e+01	1.867884e-01
4.902083e+03	2.023684e+01	1.857275e-01
4.921691e+03	2.023678e+01	1.846623e-01
4.941377e+03	2.023671e+01	1.835928e-01
4.961143e+03	2.023665e+01	1.825191e-01
4.980987e+03	2.023658e+01	1.814411e-01
5.000911e+03	2.023652e+01	1.804281e-01
5.020914e+03	2.023651e+01	1.800668e-01
5.040997e+03	2.023649e+01	1.797041e-01
5.061161e+03	2.023648e+01	1.793399e-01
5.081405e+03	2.023647e+01	1.789742e-01
5.101730e+03	2.023645e+01	1.786071e-01
5.122137e+03	2.023644e+01	1.782385e-01
5.142626e+03	2.023643e+01	1.778685e-01
5.163195e+03	2.023641e+01	1.774970e-01
5.183848e+03	2.023640e+01	1.771240e-01
5.204583e+03	2.023639e+01	1.767495e-01
5.225401e+03	2.023637e+01	1.763734e-01
5.246303e+03	2.023636e+01	1.759959e-01
5.267287e+03	2.023635e+01	1.756169e-01
5.288356e+03	2.023633e+01	1.752364e-01
5.309510e+03	2.023632e+01	1.748543e-01
5.330746e+03	2.023630e+01	1.744708e-01
5.352069e+03	2.023629e+01	1.740856e-01
5.373477e+03	2.023627e+01	1.736990e-01
5.394971e+03	2.023626e+01	1.733108e-01
5.416550e+03	2.023625e+01	1.729210e-01
5.438216e+03	2.023623e+01	1.725297e-01
5.459969e+03	2.023622e+01	1.721368e-01
5.481809e+03	2.023620e+01	1.717423e-01
5.503735e+03	2.023619e+01	1.713463e-01
5.525749e+03	2.023618e+01	1.709487e-01
5.547852e+03	2.023616e+01	1.705495e-01
5.570043e+03	2.023615e+01	1.701487e-01
5.592322e+03	2.023613e+01	1.697463e-01
5.614691e+03	2.023612e+01	1.693423e-01
5.637150e+03	2.023610e+01	1.689367e-01
5.659699e+03	2.023609e+01	1.685294e-01
5.682337e+03	2.023607e+01	1.681205e-01
5.705065e+03	2.023606e+01	1.677100e-01
5.727886e+03	2.023604e+01	1.672978e-01
5.750797e+03	2.023603e+01	1.668840e-01
5.773800e+03	2.023601e+01	1.664686e-01
5.796894e+03	2.023600e+01	1.660515e-01
5.820081e+03	2.023598e+01	1.656327e-01
5.843361e+03	2.023597e+01	1.652122e-01
