273 .True.
#Refractive index of Cr[s]; Lynch&Hunter (1991) in Palik: "Handbook of Optical Constants of Solids"; Rakic et al. (1998) Applied Optics Vol. 37, Issue 22
#
#
#Wavelength (micron) n  k
4.203000e-02	7.800000e-01	2.100000e-01
4.305000e-02	7.700000e-01	2.200000e-01
4.397000e-02	7.500000e-01	2.300000e-01
4.492000e-02	7.300000e-01	2.500000e-01
4.592000e-02	7.200000e-01	2.600000e-01
4.696000e-02	7.100000e-01	2.800000e-01
4.806000e-02	7.000000e-01	3.100000e-01
4.901000e-02	6.800000e-01	3.300000e-01
4.999000e-02	6.800000e-01	3.600000e-01
5.102000e-02	6.700000e-01	3.900000e-01
5.188000e-02	6.800000e-01	4.300000e-01
5.299000e-02	6.800000e-01	4.500000e-01
5.391000e-02	6.900000e-01	4.800000e-01
5.510000e-02	7.000000e-01	5.000000e-01
5.610000e-02	7.100000e-01	5.200000e-01
5.687000e-02	7.200000e-01	5.400000e-01
5.794000e-02	7.300000e-01	5.600000e-01
5.904000e-02	7.400000e-01	5.800000e-01
5.990000e-02	7.400000e-01	6.000000e-01
6.108000e-02	7.500000e-01	6.200000e-01
6.199000e-02	7.700000e-01	6.400000e-01
6.294000e-02	7.800000e-01	6.500000e-01
6.391000e-02	8.000000e-01	6.700000e-01
6.491000e-02	8.200000e-01	6.800000e-01
6.595000e-02	8.300000e-01	6.800000e-01
6.702000e-02	8.400000e-01	6.900000e-01
6.812000e-02	8.500000e-01	7.000000e-01
6.888000e-02	8.700000e-01	7.000000e-01
7.005000e-02	8.700000e-01	7.100000e-01
7.085000e-02	8.800000e-01	7.200000e-01
7.208000e-02	8.900000e-01	7.200000e-01
7.293000e-02	9.000000e-01	7.300000e-01
7.380000e-02	9.000000e-01	7.400000e-01
7.514000e-02	9.100000e-01	7.500000e-01
7.606000e-02	9.200000e-01	7.600000e-01
7.701000e-02	9.200000e-01	7.700000e-01
7.897000e-02	9.500000e-01	7.900000e-01
7.999000e-02	9.600000e-01	8.000000e-01
8.104000e-02	9.700000e-01	8.000000e-01
8.321000e-02	1.000000e+00	8.200000e-01
8.377000e-02	1.010000e+00	8.200000e-01
8.492000e-02	1.030000e+00	8.200000e-01
8.670000e-02	1.060000e+00	8.200000e-01
8.920000e-02	1.090000e+00	8.200000e-01
8.984000e-02	1.100000e+00	8.200000e-01
9.184000e-02	1.120000e+00	8.000000e-01
9.322000e-02	1.130000e+00	8.000000e-01
9.465000e-02	1.150000e+00	7.700000e-01
9.686000e-02	1.150000e+00	7.500000e-01
9.919000e-02	1.150000e+00	7.300000e-01
1.008000e-01	1.140000e+00	7.100000e-01
1.033000e-01	1.130000e+00	7.000000e-01
1.060000e-01	1.100000e+00	6.900000e-01
1.078000e-01	1.090000e+00	6.900000e-01
1.097000e-01	1.070000e+00	6.900000e-01
1.117000e-01	1.050000e+00	6.900000e-01
1.148000e-01	1.030000e+00	7.000000e-01
1.181000e-01	1.010000e+00	7.200000e-01
1.204000e-01	1.000000e+00	7.200000e-01
1.240000e-01	9.800000e-01	7.300000e-01
1.270000e-01	9.500000e-01	7.300000e-01
1.300000e-01	9.200000e-01	7.400000e-01
1.340000e-01	8.600000e-01	7.700000e-01
1.370000e-01	8.300000e-01	8.100000e-01
1.390000e-01	8.100000e-01	8.300000e-01
1.420000e-01	7.800000e-01	8.700000e-01
1.440000e-01	7.600000e-01	8.900000e-01
1.460000e-01	7.400000e-01	9.200000e-01
1.490000e-01	7.200000e-01	9.700000e-01
1.510000e-01	7.100000e-01	1.000000e+00
1.531000e-01	6.900000e-01	1.040000e+00
1.550000e-01	6.800000e-01	1.070000e+00
1.569000e-01	6.800000e-01	1.110000e+00
1.590000e-01	6.700000e-01	1.150000e+00
1.610000e-01	6.700000e-01	1.190000e+00
1.629000e-01	6.600000e-01	1.230000e+00
1.649000e-01	6.700000e-01	1.270000e+00
1.680000e-01	6.900000e-01	1.330000e+00
1.701000e-01	7.000000e-01	1.360000e+00
1.720000e-01	7.100000e-01	1.390000e+00
1.739000e-01	7.200000e-01	1.420000e+00
1.769000e-01	7.400000e-01	1.450000e+00
1.799000e-01	7.600000e-01	1.490000e+00
1.821000e-01	7.500000e-01	1.510000e+00
1.851000e-01	7.800000e-01	1.570000e+00
1.879000e-01	8.000000e-01	1.590000e+00
1.910000e-01	8.200000e-01	1.630000e+00
1.940000e-01	8.500000e-01	1.660000e+00
1.971000e-01	8.800000e-01	1.680000e+00
2.000000e-01	8.900000e-01	1.690000e+00
2.029000e-01	9.200000e-01	1.720000e+00
2.070000e-01	9.400000e-01	1.730000e+00
2.101000e-01	9.600000e-01	1.730000e+00
2.141000e-01	9.700000e-01	1.740000e+00
2.171000e-01	9.700000e-01	1.750000e+00
2.210000e-01	9.500000e-01	1.740000e+00
2.250000e-01	9.400000e-01	1.760000e+00
2.300000e-01	9.300000e-01	1.800000e+00
2.339000e-01	9.000000e-01	1.830000e+00
2.380000e-01	8.700000e-01	1.870000e+00
2.431000e-01	8.600000e-01	1.940000e+00
2.480000e-01	8.500000e-01	2.010000e+00
2.530000e-01	8.600000e-01	2.070000e+00
2.583000e-01	8.600000e-01	2.130000e+00
2.638000e-01	8.600000e-01	2.210000e+00
2.695000e-01	8.800000e-01	2.280000e+00
2.755000e-01	8.900000e-01	2.350000e+00
2.818000e-01	9.000000e-01	2.420000e+00
2.870000e-01	9.100000e-01	2.490000e+00
2.938000e-01	9.400000e-01	2.580000e+00
3.002000e-01	9.800000e-01	2.670000e+00
3.077000e-01	1.020000e+00	2.760000e+00
3.163000e-01	1.060000e+00	2.850000e+00
3.237000e-01	1.120000e+00	2.950000e+00
3.333000e-01	1.180000e+00	3.040000e+00
3.416000e-01	1.260000e+00	3.120000e+00
3.512000e-01	1.330000e+00	3.180000e+00
3.625000e-01	1.390000e+00	3.240000e+00
3.723000e-01	1.430000e+00	3.310000e+00
3.850000e-01	1.440000e+00	3.400000e+00
3.961000e-01	1.480000e+00	3.540000e+00
4.092000e-01	1.540000e+00	3.710000e+00
4.246000e-01	1.650000e+00	3.890000e+00
4.381000e-01	1.800000e+00	4.060000e+00
4.558000e-01	1.990000e+00	4.220000e+00
4.714000e-01	2.220000e+00	4.360000e+00
4.901000e-01	2.490000e+00	4.440000e+00
5.123000e-01	2.750000e+00	4.460000e+00
5.321000e-01	2.980000e+00	4.450000e+00
5.585000e-01	3.180000e+00	4.410000e+00
5.821000e-01	3.340000e+00	4.380000e+00
6.108000e-01	3.480000e+00	4.360000e+00
7.005000e-01	3.840000e+00	4.370000e+00
8.157000e-01	4.230000e+00	4.340000e+00
8.266000e-01	4.270000e+00	4.330000e+00
8.492000e-01	4.310000e+00	4.320000e+00
8.610000e-01	4.330000e+00	4.320000e+00
8.856000e-01	4.380000e+00	4.310000e+00
9.116000e-01	4.420000e+00	4.300000e+00
9.393000e-01	4.470000e+00	4.290000e+00
9.686000e-01	4.490000e+00	4.280000e+00
9.999000e-01	4.500000e+00	4.280000e+00
1.033000e+00	4.520000e+00	4.290000e+00
1.069000e+00	4.530000e+00	4.300000e+00
1.107000e+00	4.530000e+00	4.310000e+00
1.148000e+00	4.530000e+00	4.340000e+00
1.192000e+00	4.510000e+00	4.360000e+00
1.240000e+00	4.470000e+00	4.430000e+00
1.292000e+00	4.470000e+00	4.500000e+00
1.348000e+00	4.450000e+00	4.560000e+00
1.378000e+00	4.430000e+00	4.600000e+00
1.442000e+00	4.350000e+00	4.660000e+00
1.512000e+00	4.240000e+00	4.810000e+00
1.590000e+00	4.130000e+00	5.030000e+00
1.675000e+00	4.060000e+00	5.300000e+00
1.771000e+00	4.010000e+00	5.590000e+00
1.879000e+00	3.960000e+00	5.950000e+00
2.000000e+00	4.010000e+00	6.310000e+00
2.138000e+00	4.010000e+00	6.650000e+00
2.296000e+00	3.920000e+00	7.060000e+00
2.480000e+00	3.830000e+00	7.580000e+00
2.695000e+00	3.720000e+00	8.200000e+00
2.952000e+00	3.470000e+00	8.970000e+00
3.263000e+00	3.090000e+00	1.020000e+01
3.647000e+00	2.890000e+00	1.200000e+01
4.133000e+00	3.150000e+00	1.430000e+01
4.769000e+00	3.910000e+00	1.710000e+01
5.636000e+00	5.300000e+00	2.060000e+01
6.888000e+00	8.730000e+00	2.540000e+01
8.856000e+00	1.530000e+01	2.640000e+01
1.240000e+01	1.180000e+01	2.980000e+01
1.378000e+01	1.180000e+01	3.390000e+01
1.550000e+01	1.360000e+01	4.220000e+01
2.066000e+01	2.230456e+01	5.826661e+01
2.133578e+01	2.330990e+01	5.963616e+01
2.203366e+01	2.435012e+01	6.101653e+01
2.275437e+01	2.542525e+01	6.240691e+01
2.349866e+01	2.653526e+01	6.380654e+01
2.426729e+01	2.768002e+01	6.521467e+01
2.506106e+01	2.885935e+01	6.663056e+01
2.588079e+01	3.007301e+01	6.805355e+01
2.672734e+01	3.132067e+01	6.948298e+01
2.760158e+01	3.260195e+01	7.091828e+01
2.850441e+01	3.391643e+01	7.235890e+01
2.943678e+01	3.526362e+01	7.380438e+01
3.039964e+01	3.664301e+01	7.525432e+01
3.139400e+01	3.805401e+01	7.670838e+01
3.242088e+01	3.949606e+01	7.816629e+01
3.348135e+01	4.096852e+01	7.962787e+01
3.457651e+01	4.247077e+01	8.109299e+01
3.570749e+01	4.400216e+01	8.256163e+01
3.687547e+01	4.556205e+01	8.403382e+01
3.808165e+01	4.714980e+01	8.550967e+01
3.932728e+01	4.876476e+01	8.698937e+01
4.061365e+01	5.040633e+01	8.847317e+01
4.194211e+01	5.207391e+01	8.996139e+01
4.331401e+01	5.376691e+01	9.145443e+01
4.473079e+01	5.548481e+01	9.295273e+01
4.619392e+01	5.722709e+01	9.445681e+01
4.770490e+01	5.899329e+01	9.596722e+01
4.926530e+01	6.078297e+01	9.748458e+01
5.087675e+01	6.259575e+01	9.900955e+01
5.254090e+01	6.443129e+01	1.005428e+02
5.425949e+01	6.628928e+01	1.020851e+02
5.603429e+01	6.816949e+01	1.036373e+02
5.786714e+01	7.007170e+01	1.052000e+02
5.975995e+01	7.199576e+01	1.067742e+02
6.171467e+01	7.394157e+01	1.083606e+02
6.373332e+01	7.590906e+01	1.099602e+02
6.581801e+01	7.789823e+01	1.115738e+02
6.797089e+01	7.990909e+01	1.132022e+02
7.019418e+01	8.194173e+01	1.148465e+02
7.249020e+01	8.399625e+01	1.165075e+02
7.486132e+01	8.607283e+01	1.181861e+02
7.730999e+01	8.817165e+01	1.198832e+02
7.983877e+01	9.029295e+01	1.215997e+02
8.245025e+01	9.243701e+01	1.233366e+02
8.514716e+01	9.460412e+01	1.250948e+02
8.793228e+01	9.679463e+01	1.268751e+02
9.080851e+01	9.900891e+01	1.286784e+02
9.377881e+01	1.012474e+02	1.305057e+02
9.684627e+01	1.035104e+02	1.323579e+02
1.000141e+02	1.057985e+02	1.342358e+02
1.032855e+02	1.081121e+02	1.361403e+02
1.066639e+02	1.104518e+02	1.380724e+02
1.101528e+02	1.128180e+02	1.400328e+02
1.137559e+02	1.152113e+02	1.420224e+02
1.174768e+02	1.176323e+02	1.440421e+02
1.213194e+02	1.200816e+02	1.460928e+02
1.252877e+02	1.225597e+02	1.481752e+02
1.293858e+02	1.250674e+02	1.502903e+02
1.336179e+02	1.276052e+02	1.524389e+02
1.379885e+02	1.301738e+02	1.546218e+02
1.425020e+02	1.327738e+02	1.568398e+02
1.471632e+02	1.354060e+02	1.590938e+02
1.519768e+02	1.380711e+02	1.613847e+02
1.569479e+02	1.407697e+02	1.637131e+02
1.620816e+02	1.435026e+02	1.660800e+02
1.673832e+02	1.462705e+02	1.684862e+02
1.728582e+02	1.490743e+02	1.709325e+02
1.785124e+02	1.519145e+02	1.734198e+02
1.843514e+02	1.547921e+02	1.759488e+02
1.903815e+02	1.577078e+02	1.785204e+02
1.966087e+02	1.606624e+02	1.811354e+02
2.030397e+02	1.636567e+02	1.837946e+02
2.096810e+02	1.666916e+02	1.864990e+02
2.165396e+02	1.697678e+02	1.892493e+02
2.236225e+02	1.728862e+02	1.920464e+02
2.309371e+02	1.760477e+02	1.948911e+02
2.384909e+02	1.792531e+02	1.977843e+02
2.462919e+02	1.825034e+02	2.007269e+02
2.543480e+02	1.857993e+02	2.037196e+02
2.626676e+02	1.891418e+02	2.067635e+02
2.712593e+02	1.925319e+02	2.098594e+02
2.801320e+02	1.959703e+02	2.130081e+02
2.892950e+02	1.994582e+02	2.162107e+02
2.987577e+02	2.029963e+02	2.194679e+02
3.085299e+02	2.065857e+02	2.227808e+02
3.186218e+02	2.102274e+02	2.261502e+02
3.290438e+02	2.139223e+02	2.295770e+02
3.398066e+02	2.176714e+02	2.330624e+02
3.509216e+02	2.214757e+02	2.366071e+02
3.624000e+02	2.253363e+02	2.402122e+02
3.742540e+02	2.292542e+02	2.438787e+02
3.864956e+02	2.332304e+02	2.476076e+02
3.991377e+02	2.372660e+02	2.513999e+02
4.121933e+02	2.413622e+02	2.552565e+02
4.256759e+02	2.455199e+02	2.591787e+02
4.395996e+02	2.497403e+02	2.631673e+02
4.539787e+02	2.540245e+02	2.672236e+02
4.688281e+02	2.583737e+02	2.713485e+02
4.841633e+02	2.627890e+02	2.755432e+02
5.000000e+02	2.672715e+02	2.798088e+02
