801 .False.
#Refractive index of Fe2O3[s]; Amaury H.M.J. Triaud, in Database of Optical Constants for Cosmic Dust, Laboratory Astrophysics Group of the AIU Jena
#
#
#Wavelength (micron) n  k
1.000000e-01	1.780020e+00	4.682000e-02
1.011600e-01	1.766020e+00	4.923000e-02
1.023300e-01	1.752260e+00	5.178000e-02
1.035100e-01	1.738730e+00	5.447000e-02
1.047100e-01	1.725390e+00	5.730000e-02
1.059300e-01	1.712230e+00	6.030000e-02
1.071500e-01	1.699210e+00	6.346000e-02
1.083900e-01	1.686330e+00	6.681000e-02
1.096500e-01	1.673570e+00	7.035000e-02
1.109200e-01	1.660910e+00	7.408000e-02
1.122000e-01	1.648320e+00	7.805000e-02
1.135000e-01	1.635800e+00	8.224000e-02
1.148200e-01	1.623330e+00	8.668000e-02
1.161400e-01	1.610890e+00	9.140000e-02
1.174900e-01	1.598500e+00	9.639000e-02
1.188500e-01	1.586110e+00	1.016900e-01
1.202300e-01	1.573720e+00	1.073100e-01
1.216200e-01	1.561340e+00	1.132800e-01
1.230300e-01	1.548960e+00	1.196200e-01
1.244500e-01	1.536550e+00	1.263600e-01
1.258900e-01	1.524140e+00	1.335300e-01
1.273500e-01	1.511710e+00	1.411500e-01
1.288200e-01	1.499270e+00	1.492500e-01
1.303200e-01	1.486820e+00	1.578800e-01
1.318300e-01	1.474370e+00	1.670600e-01
1.333500e-01	1.461950e+00	1.768300e-01
1.349000e-01	1.449550e+00	1.872300e-01
1.364600e-01	1.437200e+00	1.983000e-01
1.380400e-01	1.424940e+00	2.100800e-01
1.396400e-01	1.412780e+00	2.226200e-01
1.412500e-01	1.400770e+00	2.359500e-01
1.428900e-01	1.388970e+00	2.501100e-01
1.445400e-01	1.377410e+00	2.651600e-01
1.462200e-01	1.366160e+00	2.811200e-01
1.479100e-01	1.355300e+00	2.980300e-01
1.496200e-01	1.344900e+00	3.159200e-01
1.513600e-01	1.335060e+00	3.348100e-01
1.531100e-01	1.325860e+00	3.547200e-01
1.548800e-01	1.317440e+00	3.756400e-01
1.566800e-01	1.309870e+00	3.975700e-01
1.584900e-01	1.303300e+00	4.204800e-01
1.603200e-01	1.297830e+00	4.443100e-01
1.621800e-01	1.293600e+00	4.690400e-01
1.640600e-01	1.290720e+00	4.945600e-01
1.659600e-01	1.289300e+00	5.207700e-01
1.678800e-01	1.289430e+00	5.475700e-01
1.698200e-01	1.291220e+00	5.748100e-01
1.717900e-01	1.294740e+00	6.023600e-01
1.737800e-01	1.300030e+00	6.300600e-01
1.757900e-01	1.307130e+00	6.577400e-01
1.778300e-01	1.316060e+00	6.852200e-01
1.798900e-01	1.326820e+00	7.123300e-01
1.819700e-01	1.339360e+00	7.388900e-01
1.840800e-01	1.353660e+00	7.647300e-01
1.862100e-01	1.369640e+00	7.896800e-01
1.883600e-01	1.387180e+00	8.135800e-01
1.905500e-01	1.406220e+00	8.362700e-01
1.927500e-01	1.426580e+00	8.576200e-01
1.949800e-01	1.448160e+00	8.775100e-01
1.972400e-01	1.470770e+00	8.958300e-01
1.995300e-01	1.494240e+00	9.124800e-01
2.018400e-01	1.518390e+00	9.274100e-01
2.041700e-01	1.543010e+00	9.405600e-01
2.065400e-01	1.567920e+00	9.519400e-01
2.089300e-01	1.592900e+00	9.615400e-01
2.113500e-01	1.617760e+00	9.694000e-01
2.138000e-01	1.642280e+00	9.756000e-01
2.162700e-01	1.666290e+00	9.802100e-01
2.187800e-01	1.689620e+00	9.833700e-01
2.213100e-01	1.712120e+00	9.852200e-01
2.238700e-01	1.733650e+00	9.859200e-01
2.264600e-01	1.754110e+00	9.856500e-01
2.290900e-01	1.773420e+00	9.846300e-01
2.317400e-01	1.791550e+00	9.830500e-01
2.344200e-01	1.808480e+00	9.811200e-01
2.371400e-01	1.824250e+00	9.790700e-01
2.398800e-01	1.838920e+00	9.770900e-01
2.426600e-01	1.852590e+00	9.753900e-01
2.454700e-01	1.865400e+00	9.741400e-01
2.483100e-01	1.877520e+00	9.734800e-01
2.511900e-01	1.889180e+00	9.735500e-01
2.541000e-01	1.900590e+00	9.743900e-01
2.570400e-01	1.912030e+00	9.760400e-01
2.600200e-01	1.923750e+00	9.784500e-01
2.630300e-01	1.936030e+00	9.814800e-01
2.660700e-01	1.949100e+00	9.849700e-01
2.691500e-01	1.963160e+00	9.886200e-01
2.722700e-01	1.978330e+00	9.921000e-01
2.754200e-01	1.994630e+00	9.950300e-01
2.786100e-01	2.011950e+00	9.969800e-01
2.818400e-01	2.030060e+00	9.975600e-01
2.851000e-01	2.048570e+00	9.964600e-01
2.884000e-01	2.066960e+00	9.934300e-01
2.917400e-01	2.084660e+00	9.884600e-01
2.951200e-01	2.101010e+00	9.816500e-01
2.985400e-01	2.115410e+00	9.733800e-01
3.020000e-01	2.127260e+00	9.642300e-01
3.054900e-01	2.136100e+00	9.550900e-01
3.090300e-01	2.141610e+00	9.472700e-01
3.126100e-01	2.143970e+00	9.429400e-01
3.162300e-01	2.145320e+00	9.459900e-01
3.198900e-01	2.156640e+00	9.603300e-01
3.235900e-01	2.197270e+00	9.606600e-01
3.273400e-01	2.215950e+00	9.195900e-01
3.311300e-01	2.201360e+00	8.936200e-01
3.349700e-01	2.183940e+00	8.857900e-01
3.388400e-01	2.168910e+00	8.870700e-01
3.427700e-01	2.156120e+00	8.941800e-01
3.467400e-01	2.145370e+00	9.060900e-01
3.507500e-01	2.136860e+00	9.224300e-01
3.548100e-01	2.131040e+00	9.430100e-01
3.589200e-01	2.128570e+00	9.676300e-01
3.630800e-01	2.130220e+00	9.959600e-01
3.672800e-01	2.136840e+00	1.027500e+00
3.715400e-01	2.149280e+00	1.061530e+00
3.758400e-01	2.168320e+00	1.097070e+00
3.801900e-01	2.194590e+00	1.132860e+00
3.845900e-01	2.228480e+00	1.167440e+00
3.890500e-01	2.270030e+00	1.199090e+00
3.935500e-01	2.318840e+00	1.226050e+00
3.981100e-01	2.373990e+00	1.246570e+00
4.027200e-01	2.434080e+00	1.259120e+00
4.073800e-01	2.497230e+00	1.262530e+00
4.121000e-01	2.561260e+00	1.256200e+00
4.168700e-01	2.623820e+00	1.240210e+00
4.217000e-01	2.682720e+00	1.215270e+00
4.265800e-01	2.736040e+00	1.182720e+00
4.315200e-01	2.782420e+00	1.144300e+00
4.365200e-01	2.821030e+00	1.102050e+00
4.415700e-01	2.851660e+00	1.058010e+00
4.466800e-01	2.874600e+00	1.014120e+00
4.518600e-01	2.890560e+00	9.721300e-01
4.570900e-01	2.900640e+00	9.335200e-01
4.623800e-01	2.906200e+00	8.995900e-01
4.677400e-01	2.909010e+00	8.712800e-01
4.731500e-01	2.911250e+00	8.492200e-01
4.786300e-01	2.915660e+00	8.332600e-01
4.841700e-01	2.925340e+00	8.220300e-01
4.897800e-01	2.943010e+00	8.122200e-01
4.954500e-01	2.969400e+00	7.985500e-01
5.011900e-01	3.001550e+00	7.753700e-01
5.069900e-01	3.032980e+00	7.399700e-01
5.128600e-01	3.056970e+00	6.944500e-01
5.188000e-01	3.069970e+00	6.441900e-01
5.248100e-01	3.072380e+00	5.945800e-01
5.308800e-01	3.066710e+00	5.489500e-01
5.370300e-01	3.055800e+00	5.085900e-01
5.432500e-01	3.041920e+00	4.735000e-01
5.495400e-01	3.026620e+00	4.431400e-01
5.559000e-01	3.010860e+00	4.167700e-01
5.623400e-01	2.995200e+00	3.937400e-01
5.688500e-01	2.979950e+00	3.734400e-01
5.754400e-01	2.965280e+00	3.554100e-01
5.821000e-01	2.951250e+00	3.392600e-01
5.888400e-01	2.937870e+00	3.246900e-01
5.956600e-01	2.925150e+00	3.114600e-01
6.025600e-01	2.913070e+00	2.993700e-01
6.095400e-01	2.901570e+00	2.882700e-01
6.166000e-01	2.890640e+00	2.780100e-01
6.237300e-01	2.880240e+00	2.685200e-01
6.309600e-01	2.870330e+00	2.596800e-01
6.382600e-01	2.860890e+00	2.514200e-01
6.456500e-01	2.851880e+00	2.436900e-01
6.531300e-01	2.843280e+00	2.364400e-01
6.606900e-01	2.835050e+00	2.296000e-01
6.683400e-01	2.827190e+00	2.231500e-01
6.760800e-01	2.819660e+00	2.170500e-01
6.839100e-01	2.812430e+00	2.112700e-01
6.918300e-01	2.805520e+00	2.057900e-01
6.998400e-01	2.798880e+00	2.005700e-01
7.079500e-01	2.792500e+00	1.956000e-01
7.161400e-01	2.786370e+00	1.908500e-01
7.244400e-01	2.780480e+00	1.863300e-01
7.328200e-01	2.774810e+00	1.820000e-01
7.413100e-01	2.769350e+00	1.778500e-01
7.498900e-01	2.764100e+00	1.738700e-01
7.585800e-01	2.759030e+00	1.700500e-01
7.673600e-01	2.754150e+00	1.663800e-01
7.762500e-01	2.749430e+00	1.628500e-01
7.852400e-01	2.744880e+00	1.594500e-01
7.943300e-01	2.740490e+00	1.561800e-01
8.035300e-01	2.736240e+00	1.530200e-01
8.128300e-01	2.732140e+00	1.499800e-01
8.222400e-01	2.728180e+00	1.470300e-01
8.317600e-01	2.724340e+00	1.441800e-01
8.414000e-01	2.720630e+00	1.414300e-01
8.511400e-01	2.717030e+00	1.387700e-01
8.609900e-01	2.713550e+00	1.361900e-01
8.709600e-01	2.710180e+00	1.336800e-01
8.810500e-01	2.706920e+00	1.312600e-01
8.912500e-01	2.703750e+00	1.289100e-01
9.015700e-01	2.700680e+00	1.266200e-01
9.120100e-01	2.697700e+00	1.244000e-01
9.225700e-01	2.694820e+00	1.222500e-01
9.332500e-01	2.692010e+00	1.201500e-01
9.440600e-01	2.689290e+00	1.181100e-01
9.549900e-01	2.686640e+00	1.161200e-01
9.660500e-01	2.684080e+00	1.141900e-01
9.772400e-01	2.681580e+00	1.123000e-01
9.885500e-01	2.679150e+00	1.104600e-01
1.000000e+00	2.676790e+00	1.086800e-01
1.011580e+00	2.674500e+00	1.069300e-01
1.023290e+00	2.672260e+00	1.052200e-01
1.035140e+00	2.670090e+00	1.035600e-01
1.047130e+00	2.667980e+00	1.019300e-01
1.059250e+00	2.665920e+00	1.003500e-01
1.071520e+00	2.663920e+00	9.880000e-02
1.083930e+00	2.661960e+00	9.729000e-02
1.096480e+00	2.660060e+00	9.581000e-02
1.109170e+00	2.658210e+00	9.436000e-02
1.122020e+00	2.656400e+00	9.295000e-02
1.135010e+00	2.654630e+00	9.156000e-02
1.148150e+00	2.652920e+00	9.021000e-02
1.161450e+00	2.651240e+00	8.887000e-02
1.174900e+00	2.649610e+00	8.757000e-02
1.188500e+00	2.648010e+00	8.630000e-02
1.202260e+00	2.646440e+00	8.505000e-02
1.216190e+00	2.644920e+00	8.383000e-02
1.230270e+00	2.643430e+00	8.263000e-02
1.244510e+00	2.641970e+00	8.146000e-02
1.258930e+00	2.640550e+00	8.031000e-02
1.273500e+00	2.639160e+00	7.918000e-02
1.288250e+00	2.637800e+00	7.807000e-02
1.303170e+00	2.636470e+00	7.699000e-02
1.318260e+00	2.635170e+00	7.592000e-02
1.333520e+00	2.633890e+00	7.487000e-02
1.348960e+00	2.632640e+00	7.384000e-02
1.364580e+00	2.631420e+00	7.283000e-02
1.380380e+00	2.630220e+00	7.185000e-02
1.396370e+00	2.629040e+00	7.087000e-02
1.412540e+00	2.627880e+00	6.992000e-02
1.428890e+00	2.626750e+00	6.897000e-02
1.445440e+00	2.625640e+00	6.805000e-02
1.462180e+00	2.624550e+00	6.715000e-02
1.479110e+00	2.623480e+00	6.626000e-02
1.496240e+00	2.622420e+00	6.538000e-02
1.513560e+00	2.621390e+00	6.452000e-02
1.531090e+00	2.620370e+00	6.368000e-02
1.548820e+00	2.619370e+00	6.284000e-02
1.566750e+00	2.618380e+00	6.202000e-02
1.584890e+00	2.617420e+00	6.122000e-02
1.603250e+00	2.616460e+00	6.043000e-02
1.621810e+00	2.615520e+00	5.964000e-02
1.640590e+00	2.614600e+00	5.888000e-02
1.659590e+00	2.613670e+00	5.813000e-02
1.678800e+00	2.612770e+00	5.738000e-02
1.698240e+00	2.611880e+00	5.665000e-02
1.717910e+00	2.611000e+00	5.593000e-02
1.737800e+00	2.610130e+00	5.522000e-02
1.757920e+00	2.609260e+00	5.453000e-02
1.778280e+00	2.608410e+00	5.384000e-02
1.798870e+00	2.607570e+00	5.316000e-02
1.819700e+00	2.606740e+00	5.250000e-02
1.840770e+00	2.605920e+00	5.184000e-02
1.862090e+00	2.605100e+00	5.120000e-02
1.883650e+00	2.604280e+00	5.056000e-02
1.905460e+00	2.603480e+00	4.993000e-02
1.927520e+00	2.602680e+00	4.931000e-02
1.949840e+00	2.601870e+00	4.871000e-02
1.972420e+00	2.601080e+00	4.810000e-02
1.995260e+00	2.600300e+00	4.751000e-02
2.018370e+00	2.599510e+00	4.693000e-02
2.041740e+00	2.598740e+00	4.636000e-02
2.065380e+00	2.597960e+00	4.579000e-02
2.089300e+00	2.597180e+00	4.524000e-02
2.113490e+00	2.596410e+00	4.469000e-02
2.137960e+00	2.595640e+00	4.415000e-02
2.162720e+00	2.594870e+00	4.362000e-02
2.187760e+00	2.594100e+00	4.309000e-02
2.213090e+00	2.593330e+00	4.257000e-02
2.238720e+00	2.592550e+00	4.206000e-02
2.264640e+00	2.591790e+00	4.155000e-02
2.290870e+00	2.591010e+00	4.106000e-02
2.317390e+00	2.590240e+00	4.057000e-02
2.344230e+00	2.589460e+00	4.009000e-02
2.371370e+00	2.588690e+00	3.961000e-02
2.398830e+00	2.587900e+00	3.914000e-02
2.426610e+00	2.587110e+00	3.868000e-02
2.454710e+00	2.586330e+00	3.822000e-02
2.483130e+00	2.585530e+00	3.777000e-02
2.511890e+00	2.584730e+00	3.733000e-02
2.540970e+00	2.583930e+00	3.689000e-02
2.570400e+00	2.583120e+00	3.646000e-02
2.600160e+00	2.582300e+00	3.603000e-02
2.630270e+00	2.581480e+00	3.561000e-02
2.660730e+00	2.580650e+00	3.520000e-02
2.691530e+00	2.579810e+00	3.479000e-02
2.722700e+00	2.578960e+00	3.439000e-02
2.754230e+00	2.578110e+00	3.399000e-02
2.786120e+00	2.577250e+00	3.359000e-02
2.818380e+00	2.576370e+00	3.321000e-02
2.851020e+00	2.575490e+00	3.283000e-02
2.884030e+00	2.574590e+00	3.245000e-02
2.917430e+00	2.573680e+00	3.208000e-02
2.951210e+00	2.572770e+00	3.172000e-02
2.985380e+00	2.571830e+00	3.136000e-02
3.019950e+00	2.570890e+00	3.100000e-02
3.054920e+00	2.569930e+00	3.065000e-02
3.090300e+00	2.568950e+00	3.030000e-02
3.126080e+00	2.567970e+00	2.996000e-02
3.162280e+00	2.566970e+00	2.963000e-02
3.198900e+00	2.565950e+00	2.930000e-02
3.235940e+00	2.564920e+00	2.897000e-02
3.273410e+00	2.563870e+00	2.865000e-02
3.311310e+00	2.562800e+00	2.833000e-02
3.349650e+00	2.561710e+00	2.802000e-02
3.388440e+00	2.560600e+00	2.771000e-02
3.427680e+00	2.559480e+00	2.741000e-02
3.467370e+00	2.558340e+00	2.711000e-02
3.507520e+00	2.557170e+00	2.681000e-02
3.548130e+00	2.555980e+00	2.652000e-02
3.589220e+00	2.554770e+00	2.623000e-02
3.630780e+00	2.553540e+00	2.595000e-02
3.672820e+00	2.552280e+00	2.567000e-02
3.715350e+00	2.551000e+00	2.539000e-02
3.758370e+00	2.549690e+00	2.513000e-02
3.801890e+00	2.548350e+00	2.485000e-02
3.845920e+00	2.546990e+00	2.459000e-02
3.890450e+00	2.545600e+00	2.434000e-02
3.935500e+00	2.544180e+00	2.408000e-02
3.981070e+00	2.542730e+00	2.383000e-02
4.027170e+00	2.541250e+00	2.359000e-02
4.073800e+00	2.539740e+00	2.334000e-02
4.120980e+00	2.538200e+00	2.311000e-02
4.168690e+00	2.536620e+00	2.288000e-02
4.216970e+00	2.535010e+00	2.263000e-02
4.265800e+00	2.533360e+00	2.241000e-02
4.315190e+00	2.531670e+00	2.219000e-02
4.365160e+00	2.529940e+00	2.197000e-02
4.415700e+00	2.528180e+00	2.175000e-02
4.466840e+00	2.526380e+00	2.154000e-02
4.518560e+00	2.524530e+00	2.133000e-02
4.570880e+00	2.522650e+00	2.112000e-02
4.623810e+00	2.520720e+00	2.093000e-02
4.677350e+00	2.518740e+00	2.073000e-02
4.731510e+00	2.516720e+00	2.054000e-02
4.786300e+00	2.514640e+00	2.035000e-02
4.841720e+00	2.512520e+00	2.017000e-02
4.897790e+00	2.510350e+00	1.998000e-02
4.954500e+00	2.508120e+00	1.980000e-02
5.011870e+00	2.505850e+00	1.964000e-02
5.069910e+00	2.503510e+00	1.946000e-02
5.128610e+00	2.501110e+00	1.930000e-02
5.188000e+00	2.498660e+00	1.914000e-02
5.248070e+00	2.496140e+00	1.898000e-02
5.308840e+00	2.493570e+00	1.882000e-02
5.370320e+00	2.490920e+00	1.867000e-02
5.432500e+00	2.488210e+00	1.853000e-02
5.495410e+00	2.485440e+00	1.839000e-02
5.559040e+00	2.482590e+00	1.825000e-02
5.623410e+00	2.479660e+00	1.812000e-02
5.688530e+00	2.476670e+00	1.800000e-02
5.754400e+00	2.473590e+00	1.787000e-02
5.821030e+00	2.470430e+00	1.775000e-02
5.888440e+00	2.467180e+00	1.764000e-02
5.956620e+00	2.463860e+00	1.752000e-02
6.025600e+00	2.460450e+00	1.742000e-02
6.095370e+00	2.456940e+00	1.732000e-02
6.165950e+00	2.453330e+00	1.722000e-02
6.237350e+00	2.449630e+00	1.713000e-02
6.309570e+00	2.445840e+00	1.705000e-02
6.382630e+00	2.441930e+00	1.697000e-02
6.456540e+00	2.437920e+00	1.689000e-02
6.531310e+00	2.433800e+00	1.682000e-02
6.606930e+00	2.429560e+00	1.676000e-02
6.683440e+00	2.425210e+00	1.671000e-02
6.760830e+00	2.420730e+00	1.665000e-02
6.839120e+00	2.416120e+00	1.661000e-02
6.918310e+00	2.411380e+00	1.657000e-02
6.998420e+00	2.406510e+00	1.654000e-02
7.079460e+00	2.401500e+00	1.651000e-02
7.161430e+00	2.396350e+00	1.649000e-02
7.244360e+00	2.391030e+00	1.649000e-02
7.328250e+00	2.385570e+00	1.648000e-02
7.413100e+00	2.379930e+00	1.649000e-02
7.498940e+00	2.374140e+00	1.650000e-02
7.585780e+00	2.368170e+00	1.652000e-02
7.673610e+00	2.362020e+00	1.656000e-02
7.762470e+00	2.355680e+00	1.660000e-02
7.852360e+00	2.349140e+00	1.665000e-02
7.943280e+00	2.342400e+00	1.671000e-02
8.035260e+00	2.335450e+00	1.678000e-02
8.128310e+00	2.328290e+00	1.687000e-02
8.222430e+00	2.320890e+00	1.696000e-02
8.317640e+00	2.313260e+00	1.707000e-02
8.413950e+00	2.305370e+00	1.719000e-02
8.511380e+00	2.297240e+00	1.733000e-02
8.609940e+00	2.288830e+00	1.748000e-02
8.709640e+00	2.280140e+00	1.765000e-02
8.810490e+00	2.271160e+00	1.783000e-02
8.912510e+00	2.261870e+00	1.803000e-02
9.015710e+00	2.252270e+00	1.825000e-02
9.120110e+00	2.242340e+00	1.849000e-02
9.225710e+00	2.232040e+00	1.876000e-02
9.332540e+00	2.221390e+00	1.903000e-02
9.440610e+00	2.210350e+00	1.934000e-02
9.549930e+00	2.198900e+00	1.968000e-02
9.660510e+00	2.187040e+00	2.005000e-02
9.772370e+00	2.174750e+00	2.044000e-02
9.885530e+00	2.161950e+00	2.086000e-02
1.000000e+01	2.148680e+00	2.132000e-02
1.011579e+01	2.134900e+00	2.182000e-02
1.023293e+01	2.120580e+00	2.235000e-02
1.035142e+01	2.105650e+00	2.293000e-02
1.047129e+01	2.090130e+00	2.356000e-02
1.059254e+01	2.073960e+00	2.424000e-02
1.071519e+01	2.057080e+00	2.498000e-02
1.083927e+01	2.039510e+00	2.578000e-02
1.096478e+01	2.021120e+00	2.664000e-02
1.109175e+01	2.001930e+00	2.758000e-02
1.122018e+01	1.981850e+00	2.860000e-02
1.135011e+01	1.960810e+00	2.972000e-02
1.148154e+01	1.938780e+00	3.093000e-02
1.161449e+01	1.915620e+00	3.226000e-02
1.174898e+01	1.891340e+00	3.371000e-02
1.188502e+01	1.865740e+00	3.530000e-02
1.202264e+01	1.838790e+00	3.706000e-02
1.216186e+01	1.810370e+00	3.899000e-02
1.230269e+01	1.780260e+00	4.114000e-02
1.244515e+01	1.748520e+00	4.350000e-02
1.258925e+01	1.714630e+00	4.617000e-02
1.273503e+01	1.678690e+00	4.914000e-02
1.288250e+01	1.640470e+00	5.247000e-02
1.303167e+01	1.599330e+00	5.629000e-02
1.318257e+01	1.555380e+00	6.061000e-02
1.333521e+01	1.508230e+00	6.554000e-02
1.348963e+01	1.456790e+00	7.136000e-02
1.364583e+01	1.401100e+00	7.815000e-02
1.380384e+01	1.340490e+00	8.616000e-02
1.396368e+01	1.273770e+00	9.586000e-02
1.412538e+01	1.199200e+00	1.080400e-01
1.428894e+01	1.115900e+00	1.234400e-01
1.445440e+01	1.021750e+00	1.436100e-01
1.462177e+01	9.138000e-01	1.713000e-01
1.479108e+01	7.868100e-01	2.135100e-01
1.496236e+01	6.380800e-01	2.858000e-01
1.513561e+01	4.838000e-01	4.101700e-01
1.531087e+01	3.647800e-01	5.856900e-01
1.548817e+01	2.976800e-01	7.733900e-01
1.566751e+01	2.634800e-01	9.499100e-01
1.584893e+01	2.460500e-01	1.114440e+00
1.603245e+01	2.380400e-01	1.270860e+00
1.621810e+01	2.363200e-01	1.422640e+00
1.640590e+01	2.396800e-01	1.572670e+00
1.659587e+01	2.474100e-01	1.723450e+00
1.678804e+01	2.597000e-01	1.877150e+00
1.698244e+01	2.772400e-01	2.035930e+00
1.717908e+01	3.013100e-01	2.202210e+00
1.737801e+01	3.340400e-01	2.378810e+00
1.757924e+01	3.789100e-01	2.569160e+00
1.778279e+01	4.417100e-01	2.777440e+00
1.798871e+01	5.322800e-01	3.008640e+00
1.819701e+01	6.679700e-01	3.267560e+00
1.840772e+01	8.798400e-01	3.555190e+00
1.862087e+01	1.239320e+00	3.849950e+00
1.883649e+01	1.831240e+00	4.029800e+00
1.905461e+01	2.569420e+00	3.804400e+00
1.927525e+01	2.990430e+00	3.134330e+00
1.949845e+01	2.912840e+00	2.434330e+00
1.972423e+01	2.505290e+00	1.982900e+00
1.995262e+01	1.992660e+00	1.839330e+00
2.018366e+01	1.512750e+00	1.952520e+00
2.041738e+01	1.152380e+00	2.256450e+00
2.065380e+01	9.685200e-01	2.650180e+00
2.089296e+01	8.939600e-01	3.061640e+00
2.113489e+01	8.987900e-01	3.490790e+00
2.137962e+01	9.778900e-01	3.948230e+00
2.162719e+01	1.141050e+00	4.448230e+00
2.187762e+01	1.430730e+00	5.015530e+00
2.213095e+01	2.008750e+00	5.665560e+00
2.238721e+01	3.044340e+00	6.220490e+00
2.264644e+01	4.487130e+00	6.275980e+00
2.290868e+01	6.205390e+00	5.460940e+00
2.317395e+01	6.540740e+00	3.734570e+00
2.344229e+01	6.269210e+00	2.517670e+00
2.371374e+01	5.721290e+00	1.707280e+00
2.398833e+01	5.163720e+00	1.253490e+00
2.426610e+01	4.700470e+00	1.020560e+00
2.454709e+01	4.282400e+00	8.579800e-01
2.483133e+01	3.902560e+00	7.514900e-01
2.511886e+01	3.559100e+00	6.973900e-01
2.540973e+01	3.226270e+00	6.725200e-01
2.570396e+01	2.896650e+00	6.704000e-01
2.600160e+01	2.560490e+00	7.027300e-01
2.630268e+01	2.202530e+00	7.842500e-01
2.660725e+01	1.832980e+00	9.124400e-01
2.691535e+01	1.451460e+00	1.156040e+00
2.722701e+01	1.149840e+00	1.496350e+00
2.754229e+01	9.022700e-01	1.892020e+00
2.786121e+01	7.943900e-01	2.293790e+00
2.818383e+01	7.181600e-01	2.683800e+00
2.851018e+01	6.806800e-01	3.059410e+00
2.884032e+01	6.736400e-01	3.429430e+00
2.917427e+01	6.777800e-01	3.800230e+00
2.951209e+01	7.069500e-01	4.183820e+00
2.985383e+01	7.502800e-01	4.584170e+00
3.019952e+01	8.118500e-01	5.006080e+00
3.054921e+01	9.068700e-01	5.476390e+00
3.090295e+01	1.016220e+00	5.967450e+00
3.126079e+01	1.206530e+00	6.566850e+00
3.162278e+01	1.426160e+00	7.197830e+00
3.198895e+01	1.818090e+00	8.001990e+00
3.235937e+01	2.358180e+00	8.883010e+00
3.273407e+01	3.299800e+00	9.972360e+00
3.311311e+01	4.860140e+00	1.090026e+01
3.349654e+01	7.424770e+00	1.156607e+01
3.388442e+01	9.778920e+00	1.072978e+01
3.427678e+01	1.187680e+01	8.064660e+00
3.467369e+01	1.260913e+01	5.775620e+00
3.507519e+01	1.184317e+01	3.899230e+00
3.548134e+01	1.107721e+01	2.584990e+00
3.589219e+01	1.031125e+01	1.939470e+00
3.630781e+01	9.644520e+00	1.439850e+00
3.672823e+01	9.133920e+00	1.169810e+00
3.715352e+01	8.665900e+00	9.359400e-01
3.758374e+01	8.312980e+00	7.998900e-01
3.801894e+01	7.969100e+00	6.696100e-01
3.845918e+01	7.707960e+00	5.921700e-01
3.890451e+01	7.446820e+00	5.147300e-01
3.935501e+01	7.229490e+00	4.635000e-01
3.981072e+01	7.018640e+00	4.161500e-01
4.027170e+01	6.812160e+00	3.799600e-01
4.073803e+01	6.608790e+00	3.516800e-01
4.120975e+01	6.359150e+00	3.329200e-01
4.168694e+01	5.960980e+00	3.447100e-01
4.216965e+01	5.562810e+00	3.564900e-01
4.265795e+01	6.177230e+00	3.248400e-01
4.315191e+01	7.006970e+00	2.839500e-01
4.365158e+01	7.414420e+00	2.463600e-01
4.415704e+01	7.012290e+00	2.151000e-01
4.466836e+01	6.610160e+00	1.838400e-01
4.518559e+01	6.429210e+00	1.697700e-01
4.570882e+01	6.307790e+00	1.603200e-01
4.623810e+01	6.193390e+00	1.512400e-01
4.677351e+01	6.117060e+00	1.442000e-01
4.731513e+01	6.040740e+00	1.371500e-01
4.786301e+01	5.972920e+00	1.307400e-01
4.841724e+01	5.915890e+00	1.251600e-01
4.897788e+01	5.858850e+00	1.195700e-01
4.954502e+01	5.809160e+00	1.146700e-01
5.011872e+01	5.763620e+00	1.101600e-01
5.069907e+01	5.718090e+00	1.056500e-01
5.128614e+01	5.678480e+00	1.017500e-01
5.188000e+01	5.640920e+00	9.805000e-02
5.248075e+01	5.603370e+00	9.436000e-02
5.308844e+01	5.570300e+00	9.115000e-02
5.370318e+01	5.538750e+00	8.810000e-02
5.432503e+01	5.507190e+00	8.505000e-02
5.495409e+01	5.478700e+00	8.233000e-02
5.559043e+01	5.451880e+00	7.980000e-02
5.623413e+01	5.425060e+00	7.726000e-02
5.688529e+01	5.399890e+00	7.490000e-02
5.754399e+01	5.376920e+00	7.276000e-02
5.821032e+01	5.353950e+00	7.063000e-02
5.888437e+01	5.331260e+00	6.852000e-02
5.956621e+01	5.311480e+00	6.672000e-02
6.025596e+01	5.291700e+00	6.492000e-02
6.095369e+01	5.271920e+00	6.312000e-02
6.165950e+01	5.253780e+00	6.148000e-02
6.237348e+01	5.236690e+00	5.995000e-02
6.309573e+01	5.219600e+00	5.842000e-02
6.382635e+01	5.202510e+00	5.689000e-02
6.456542e+01	5.187680e+00	5.558000e-02
6.531306e+01	5.172870e+00	5.426000e-02
6.606934e+01	5.158070e+00	5.295000e-02
6.683439e+01	5.143680e+00	5.168000e-02
6.760830e+01	5.130840e+00	5.055000e-02
6.839116e+01	5.118000e+00	4.943000e-02
6.918310e+01	5.105160e+00	4.830000e-02
6.998420e+01	5.092770e+00	4.722000e-02
7.079458e+01	5.081630e+00	4.625000e-02
7.161434e+01	5.070490e+00	4.528000e-02
7.244360e+01	5.059350e+00	4.431000e-02
7.328245e+01	5.048410e+00	4.336000e-02
7.413102e+01	5.038750e+00	4.252000e-02
7.498942e+01	5.029090e+00	4.168000e-02
7.585776e+01	5.019430e+00	4.083000e-02
7.673615e+01	5.009780e+00	3.999000e-02
7.762471e+01	5.001140e+00	3.924000e-02
7.852356e+01	4.992780e+00	3.851000e-02
7.943282e+01	4.984420e+00	3.777000e-02
8.035261e+01	4.976060e+00	3.704000e-02
8.128305e+01	4.967940e+00	3.634000e-02
8.222426e+01	4.960720e+00	3.570000e-02
8.317638e+01	4.953490e+00	3.507000e-02
8.413951e+01	4.946270e+00	3.444000e-02
8.511380e+01	4.939050e+00	3.381000e-02
8.609938e+01	4.932220e+00	3.320000e-02
8.709636e+01	4.926000e+00	3.265000e-02
8.810489e+01	4.919780e+00	3.209000e-02
8.912509e+01	4.913560e+00	3.153000e-02
9.015711e+01	4.907340e+00	3.097000e-02
9.120108e+01	4.901370e+00	3.044000e-02
9.225714e+01	4.896040e+00	2.995000e-02
9.332543e+01	4.890700e+00	2.946000e-02
9.440609e+01	4.885370e+00	2.898000e-02
9.549926e+01	4.880040e+00	2.849000e-02
9.660509e+01	4.874700e+00	2.801000e-02
9.772372e+01	4.870030e+00	2.757000e-02
9.885531e+01	4.865490e+00	2.715000e-02
1.000000e+02	4.860940e+00	2.673000e-02
1.011579e+02	4.856390e+00	2.630000e-02
1.023293e+02	4.851840e+00	2.588000e-02
1.035142e+02	4.847330e+00	2.546000e-02
1.047129e+02	4.843470e+00	2.509000e-02
1.059254e+02	4.839620e+00	2.472000e-02
1.071519e+02	4.835760e+00	2.435000e-02
1.083927e+02	4.831900e+00	2.398000e-02
1.096478e+02	4.828050e+00	2.362000e-02
1.109175e+02	4.824190e+00	2.325000e-02
1.122018e+02	4.820860e+00	2.291000e-02
1.135011e+02	4.817620e+00	2.259000e-02
1.148154e+02	4.814370e+00	2.226000e-02
1.161449e+02	4.811130e+00	2.194000e-02
1.174898e+02	4.807890e+00	2.161000e-02
1.188502e+02	4.804650e+00	2.128000e-02
1.202264e+02	4.801490e+00	2.096000e-02
1.216186e+02	4.798790e+00	2.068000e-02
1.230269e+02	4.796090e+00	2.040000e-02
1.244515e+02	4.793390e+00	2.012000e-02
1.258925e+02	4.790690e+00	1.983000e-02
1.273503e+02	4.787990e+00	1.955000e-02
1.288250e+02	4.785290e+00	1.927000e-02
1.303167e+02	4.782590e+00	1.898000e-02
1.318257e+02	4.780330e+00	1.874000e-02
1.333521e+02	4.778110e+00	1.849000e-02
1.348963e+02	4.775880e+00	1.825000e-02
1.364583e+02	4.773660e+00	1.800000e-02
1.380384e+02	4.771440e+00	1.776000e-02
1.396368e+02	4.769220e+00	1.751000e-02
1.412537e+02	4.766990e+00	1.727000e-02
1.428894e+02	4.764780e+00	1.703000e-02
1.445440e+02	4.762980e+00	1.681000e-02
1.462177e+02	4.761170e+00	1.660000e-02
1.479108e+02	4.759370e+00	1.638000e-02
1.496236e+02	4.757560e+00	1.617000e-02
1.513561e+02	4.755760e+00	1.595000e-02
1.531087e+02	4.753960e+00	1.574000e-02
1.548817e+02	4.752150e+00	1.552000e-02
1.566751e+02	4.750350e+00	1.531000e-02
1.584893e+02	4.748660e+00	1.510000e-02
1.603245e+02	4.747230e+00	1.492000e-02
1.621810e+02	4.745790e+00	1.473000e-02
1.640590e+02	4.744360e+00	1.455000e-02
1.659587e+02	4.742920e+00	1.437000e-02
1.678804e+02	4.741490e+00	1.418000e-02
1.698244e+02	4.740050e+00	1.400000e-02
1.717908e+02	4.738610e+00	1.382000e-02
1.737801e+02	4.737180e+00	1.363000e-02
1.757924e+02	4.735740e+00	1.345000e-02
1.778279e+02	4.734520e+00	1.329000e-02
1.798871e+02	4.733400e+00	1.313000e-02
1.819701e+02	4.732280e+00	1.297000e-02
1.840772e+02	4.731170e+00	1.281000e-02
1.862087e+02	4.730050e+00	1.266000e-02
1.883649e+02	4.728930e+00	1.250000e-02
1.905461e+02	4.727810e+00	1.234000e-02
1.927525e+02	4.726700e+00	1.218000e-02
1.949845e+02	4.725580e+00	1.203000e-02
1.972423e+02	4.724460e+00	1.187000e-02
1.995262e+02	4.723340e+00	1.171000e-02
2.018366e+02	4.722440e+00	1.157000e-02
2.041738e+02	4.721600e+00	1.144000e-02
2.065380e+02	4.720750e+00	1.130000e-02
2.089296e+02	4.719910e+00	1.117000e-02
2.113489e+02	4.719060e+00	1.104000e-02
2.137962e+02	4.718220e+00	1.090000e-02
2.162719e+02	4.717370e+00	1.077000e-02
2.187762e+02	4.716530e+00	1.063000e-02
2.213095e+02	4.715680e+00	1.050000e-02
2.238721e+02	4.714840e+00	1.036000e-02
2.264644e+02	4.713990e+00	1.023000e-02
2.290868e+02	4.713150e+00	1.010000e-02
2.317395e+02	4.712390e+00	9.970000e-03
2.344229e+02	4.711770e+00	9.860000e-03
2.371374e+02	4.711160e+00	9.750000e-03
2.398833e+02	4.710550e+00	9.640000e-03
2.426610e+02	4.709930e+00	9.530000e-03
2.454709e+02	4.709320e+00	9.420000e-03
2.483133e+02	4.708710e+00	9.300000e-03
2.511886e+02	4.708090e+00	9.190000e-03
2.540973e+02	4.707480e+00	9.080000e-03
2.570396e+02	4.706870e+00	8.970000e-03
2.600160e+02	4.706250e+00	8.860000e-03
2.630268e+02	4.705640e+00	8.750000e-03
2.660725e+02	4.705030e+00	8.640000e-03
2.691535e+02	4.704410e+00	8.530000e-03
2.722701e+02	4.703800e+00	8.420000e-03
2.754229e+02	4.703350e+00	8.320000e-03
2.786121e+02	4.702930e+00	8.230000e-03
2.818383e+02	4.702510e+00	8.130000e-03
2.851018e+02	4.702090e+00	8.040000e-03
2.884031e+02	4.701660e+00	7.950000e-03
2.917427e+02	4.701240e+00	7.850000e-03
2.951209e+02	4.700820e+00	7.760000e-03
2.985383e+02	4.700400e+00	7.670000e-03
3.019952e+02	4.699980e+00	7.570000e-03
3.054921e+02	4.699560e+00	7.480000e-03
3.090295e+02	4.699130e+00	7.390000e-03
3.126079e+02	4.698710e+00	7.290000e-03
3.162278e+02	4.698290e+00	7.200000e-03
3.198895e+02	4.697870e+00	7.100000e-03
3.235937e+02	4.697450e+00	7.010000e-03
3.273407e+02	4.697030e+00	6.920000e-03
3.311311e+02	4.696600e+00	6.820000e-03
3.349654e+02	4.696250e+00	6.740000e-03
3.388442e+02	4.695980e+00	6.670000e-03
3.427678e+02	4.695710e+00	6.600000e-03
3.467369e+02	4.695450e+00	6.530000e-03
3.507519e+02	4.695180e+00	6.460000e-03
3.548134e+02	4.694910e+00	6.390000e-03
3.589219e+02	4.694640e+00	6.330000e-03
3.630781e+02	4.694380e+00	6.260000e-03
3.672823e+02	4.694110e+00	6.190000e-03
3.715352e+02	4.693840e+00	6.120000e-03
3.758374e+02	4.693580e+00	6.050000e-03
3.801894e+02	4.693310e+00	5.980000e-03
3.845918e+02	4.693040e+00	5.910000e-03
3.890451e+02	4.692780e+00	5.840000e-03
3.935501e+02	4.692510e+00	5.770000e-03
3.981072e+02	4.692240e+00	5.700000e-03
4.027170e+02	4.691970e+00	5.630000e-03
4.073803e+02	4.691710e+00	5.560000e-03
4.120975e+02	4.691440e+00	5.500000e-03
4.168694e+02	4.691170e+00	5.430000e-03
4.216965e+02	4.690910e+00	5.360000e-03
4.265795e+02	4.690640e+00	5.290000e-03
4.315191e+02	4.690440e+00	5.230000e-03
4.365158e+02	4.690290e+00	5.180000e-03
4.415704e+02	4.690140e+00	5.130000e-03
4.466836e+02	4.690000e+00	5.080000e-03
4.518559e+02	4.689850e+00	5.030000e-03
4.570882e+02	4.689700e+00	4.980000e-03
4.623810e+02	4.689550e+00	4.930000e-03
4.677351e+02	4.689400e+00	4.880000e-03
4.731513e+02	4.689250e+00	4.820000e-03
4.786301e+02	4.689100e+00	4.770000e-03
4.841724e+02	4.688950e+00	4.720000e-03
4.897788e+02	4.688800e+00	4.670000e-03
4.954502e+02	4.688660e+00	4.620000e-03
5.011872e+02	4.688510e+00	4.570000e-03
5.069907e+02	4.688360e+00	4.520000e-03
5.128614e+02	4.688210e+00	4.470000e-03
5.188000e+02	4.688060e+00	4.420000e-03
5.248075e+02	4.687910e+00	4.370000e-03
5.308844e+02	4.687760e+00	4.320000e-03
5.370318e+02	4.687610e+00	4.270000e-03
5.432503e+02	4.687460e+00	4.220000e-03
5.495409e+02	4.687320e+00	4.170000e-03
5.559043e+02	4.687170e+00	4.120000e-03
5.623413e+02	4.687020e+00	4.070000e-03
5.688529e+02	4.686870e+00	4.010000e-03
5.754399e+02	4.686720e+00	3.960000e-03
5.821032e+02	4.686570e+00	3.910000e-03
5.888437e+02	4.686420e+00	3.860000e-03
5.956621e+02	4.686270e+00	3.810000e-03
6.025596e+02	4.686160e+00	3.770000e-03
6.095369e+02	4.686090e+00	3.730000e-03
6.165950e+02	4.686030e+00	3.690000e-03
6.237348e+02	4.685960e+00	3.660000e-03
6.309573e+02	4.685900e+00	3.620000e-03
6.382635e+02	4.685830e+00	3.590000e-03
6.456542e+02	4.685770e+00	3.550000e-03
6.531305e+02	4.685700e+00	3.510000e-03
6.606934e+02	4.685630e+00	3.480000e-03
6.683439e+02	4.685570e+00	3.440000e-03
6.760830e+02	4.685500e+00	3.410000e-03
6.839117e+02	4.685440e+00	3.370000e-03
6.918310e+02	4.685370e+00	3.330000e-03
6.998420e+02	4.685310e+00	3.300000e-03
7.079458e+02	4.685240e+00	3.260000e-03
7.161434e+02	4.685180e+00	3.230000e-03
7.244360e+02	4.685110e+00	3.190000e-03
7.328245e+02	4.685050e+00	3.150000e-03
7.413102e+02	4.684980e+00	3.120000e-03
7.498942e+02	4.684920e+00	3.080000e-03
7.585776e+02	4.684850e+00	3.050000e-03
7.673615e+02	4.684790e+00	3.010000e-03
7.762471e+02	4.684720e+00	2.970000e-03
7.852356e+02	4.684660e+00	2.940000e-03
7.943282e+02	4.684590e+00	2.900000e-03
8.035261e+02	4.684530e+00	2.870000e-03
8.128305e+02	4.684460e+00	2.830000e-03
8.222427e+02	4.684400e+00	2.790000e-03
8.317638e+02	4.684330e+00	2.760000e-03
8.413951e+02	4.684270e+00	2.720000e-03
8.511380e+02	4.684200e+00	2.680000e-03
8.609937e+02	4.684140e+00	2.650000e-03
8.709636e+02	4.684070e+00	2.610000e-03
8.810489e+02	4.684010e+00	2.580000e-03
8.912509e+02	4.683940e+00	2.540000e-03
9.015711e+02	4.683880e+00	2.500000e-03
9.120108e+02	4.683810e+00	2.470000e-03
9.225714e+02	4.683750e+00	2.430000e-03
9.332543e+02	4.683680e+00	2.400000e-03
9.440609e+02	4.683620e+00	2.360000e-03
9.549926e+02	4.683550e+00	2.320000e-03
9.660509e+02	4.683490e+00	2.290000e-03
9.772372e+02	4.683420e+00	2.250000e-03
9.885531e+02	4.683360e+00	2.220000e-03
1.000000e+03	4.683290e+00	2.180000e-03
