471 .False. # Number of lines, conductive flag
# 5 line header for n-k original data
# Potassium Chloride Salt KCl -  Palik (1985), Querry (1987) - (cubic KCl)
# Taken from:
# wl(um)      n                k
0.0067 0.99874 1.01E-3
0.0113 0.99578 4.22E-3
0.02883    0.96  3.0E-2
0.02952   0.955  2.5E-2
0.03024   0.945  2.0E-2
0.03099   0.925  1.8E-2
0.03179    0.91  2.0E-2
0.03263    0.89  3.0E-2
0.03351    0.87  5.0E-2
0.03397   0.845 7.04E-2
0.03444    0.86  8.0E-2
0.03493   0.830 9.16E-2
0.03542    0.87   0.115
0.03594   0.851   0.105
0.03646    0.89    0.12
0.03701   0.854 7.83E-2
0.03746   0.821 6.77E-2
0.03792   0.800 9.24E-2
0.03839   0.797   0.111
0.03887   0.795   0.121
0.03936   0.797   0.131
0.03987   0.799   0.134
0.04039   0.795   0.134
0.04092   0.779   0.134
0.04147   0.756   0.145
0.04203   0.743   0.175
0.04261   0.730   0.207
0.04290   0.729   0.234
0.04320   0.743   0.265
0.04350   0.785   0.275
0.04381   0.805   0.261
0.04412   0.816   0.245
0.04444   0.814   0.228
0.04509   0.789   0.230
0.04575   0.775   0.241
0.04644   0.755   0.263
0.04714   0.745   0.302
0.04750   0.750   0.335
0.04787   0.779   0.359
0.04824   0.805   0.362
0.04862   0.824   0.358
0.04901   0.836   0.357
0.04940   0.851   0.346
0.05020   0.849   0.317
0.05102   0.813   0.328
0.05188   0.806   0.363
0.05276   0.819   0.388
0.05367   0.834   0.413
0.05414   0.849   0.418
0.05462   0.860   0.420
0.05510   0.868   0.420
0.05560   0.872   0.418
0.05661   0.814   0.416
0.05714   0.790   0.488
0.05767   0.820   0.569
0.05821   0.918   0.612
0.05876    1.01   0.587
0.05932    1.06   0.530
0.05990    1.07   0.449
0.06048    1.02   0.355
0.06108   0.926   0.411
0.06168   0.910   0.495
0.06230   0.982   0.584
0.06294    1.00   0.497
0.06358    1.01   0.533
0.06491    1.09   0.525
0.06630    1.17   0.489
0.06775    1.15   0.387
0.06927    1.11   0.367
0.07005    1.07   0.382
0.07085    1.07   0.411
0.07167    1.09   0.428
0.07251    1.13   0.420
0.07336    1.14   0.376
0.07424    1.13   0.357
0.07606    1.09   0.322
0.07798    1.05   0.317
0.07999    1.01   0.328
0.08211   0.965   0.344
0.08434   0.931   0.367
0.08670   0.883   0.415
0.08920   0.791   0.441
0.09184   0.690   0.731
0.09465   0.841   0.950
0.09611   0.914    1.04
0.09763    1.04    1.22
0.09919    1.34    1.29
0.1008    1.57    1.12
0.1025    1.67   0.959
0.1042    1.74   0.767
0.1060    1.73   0.640
0.1069    1.67    0.58
0.1078    1.66    0.53
0.1078    1.69   0.520
0.1088    1.65    0.49
0.1097    1.63    0.45
0.1097    1.62   0.425
0.1107    1.60    0.41
0.1117    1.57    0.38
0.1117    1.55   0.374
0.1127    1.54    0.35
0.1137    1.50   0.325
0.1137    1.50   0.363
0.1148    1.47    0.31
0.1159    1.42   0.315
0.1159    1.40   0.336
0.1170    1.38    0.36
0.1175    1.36    0.38
0.1181    1.37   0.385
0.1192   1.395    0.38
0.1204    1.35    0.37
0.1216    1.30    0.35
0.1228    1.24   0.355
0.1240    1.16    0.38
0.1252    1.05    0.41
0.1265    0.87    0.58
0.1278    0.80    0.90
0.1291    0.94    1.27
0.1305    1.38   1.495
0.1319    1.81    1.38
0.1333    2.07    1.13
0.1348    2.18    0.85
0.1362    2.12    0.64
0.1378    1.99    0.50
0.1393    1.90    0.43
0.1409    1.85    0.40
0.1425    1.81    0.39
0.1442    1.79    0.37
0.1459    1.75   0.345
0.1476    1.73    0.34
0.1494    1.68   0.265
0.1512    1.54   0.215
0.1531    1.36    0.25
0.1550    1.15    0.46
0.1569    1.13    0.90
0.1589    1.30    1.36
0.1610    1.92    1.64
0.1631    2.63    1.34
0.1642    2.92     1.1
0.1653     3.0    0.51
0.1664     2.8     0.2
0.1675    2.61    6E-2
0.1698    2.34 3.11E-3
0.1722    2.19 1.78E-4
0.1746    2.08 7.96E-6
0.1771     2.0 8.46E-7
0.1797    1.94 2.29E-7
0.180 1.89324 0.0
0.182 1.86392 0.0
0.1823    1.89 1.45E-7
0.1850    1.85 0.0
0.186 1.81705 0.0
0.1879    1.82 0.0
0.1888 1.79789 0.0
0.190 1.78087 0.0
0.1907    1.80 0.0
0.1937    1.78 0.0
0.20 1.71739 0.0
0.21 1.67539 0.0
        0.2200 1.636 0.000
        0.2400 1.593 0.000
        0.2600 1.567 0.000
        0.2800 1.550 0.000
        0.3000 1.538 0.000
        0.3200 1.530 0.000
        0.3400 1.523 0.000
        0.3600 1.515 0.000
        0.3800 1.510 0.000
        0.4000 1.506 0.000
        0.4200 1.503 0.000
        0.4400 1.499 0.000
        0.4600 1.495 0.000
        0.4800 1.492 0.000
        0.5000 1.490 0.000
        0.5200 1.488 0.000
        0.5400 1.487 0.000
        0.5600 1.486 0.000
        0.5800 1.486 0.000
        0.6000 1.485 0.000
        0.6200 1.485 0.000
        0.6400 1.484 0.000
        0.6600 1.484 0.000
        0.6800 1.484 0.000
        0.7000 1.484 0.000
        0.7200 1.484 0.000
        0.7400 1.484 0.000
        0.7600 1.484 0.000
        0.7800 1.484 0.000
        0.8000 1.485 0.000
        0.8200 1.485 0.000
        0.8400 1.486 0.000
        0.8600 1.486 0.000
        0.8800 1.486 0.000
        0.9000 1.486 0.000
        0.9200 1.487 0.000
        0.9400 1.487 0.000
        0.9600 1.487 0.000
        0.9800 1.488 0.000
        1.0000 1.488 0.000
        1.0200 1.488 0.000
        1.0400 1.489 0.000
        1.0600 1.489 0.000
        1.0800 1.489 0.000
        1.1000 1.489 0.000
        1.1200 1.490 0.000
        1.1400 1.490 0.000
        1.1600 1.490 0.000
        1.1600 1.490 0.000
        1.2000 1.489 0.000
        1.2200 1.489 0.000
        1.2400 1.489 0.000
        1.2600 1.489 0.000
        1.2800 1.488 0.000
        1.3000 1.488 0.000
        1.3200 1.488 0.000
        1.3400 1.488 0.000
        1.3600 1.488 0.000
        1.3800 1.488 0.000
        1.4000 1.487 0.000
        1.4200 1.487 0.000
        1.4400 1.487 0.000
        1.4600 1.487 0.000
        1.4800 1.487 0.000
        1.5000 1.486 0.000
        1.5200 1.486 0.000
        1.5400 1.486 0.000
        1.5600 1.486 0.000
        1.5800 1.486 0.000
        1.6000 1.486 0.000
        1.6200 1.486 0.000
        1.6400 1.486 0.000
        1.6600 1.486 0.000
        1.6800 1.486 0.000
        1.7000 1.485 0.000
        1.7200 1.485 0.000
        1.7400 1.485 0.000
        1.7600 1.485 0.000
        1.7800 1.485 0.000
        1.8000 1.485 0.000
        1.8200 1.485 0.000
        1.8400 1.485 0.000
        1.8600 1.485 0.000
        1.8800 1.485 0.000
        1.9000 1.485 0.000
        1.9200 1.485 0.000
        1.9400 1.485 0.000
        1.9600 1.485 0.000
        1.9800 1.485 0.000
        2.0000 1.484 0.000
        2.0200 1.484 0.000
        2.0400 1.484 0.000
        2.0600 1.484 0.000
        2.0800 1.484 0.000
        2.1000 1.484 0.000
        2.1200 1.483 0.000
        2.1400 1.483 0.000
        2.1600 1.483 0.000
        2.1800 1.483 0.000
        2.2000 1.482 0.000
        2.2200 1.482 0.000
        2.2400 1.482 0.000
        2.2600 1.482 0.000
        2.2800 1.482 0.000
        2.3000 1.482 0.000
        2.3200 1.481 0.000
        2.3400 1.481 0.000
        2.3600 1.480 0.000
        2.3800 1.480 0.000
        2.4000 1.480 0.000
        2.4200 1.479 0.000
        2.4400 1.479 0.000
        2.4600 1.479 0.000
        2.4800 1.478 0.000
        2.5000 1.478 0.000
        2.5126 1.478 0.000
        2.5253 1.478 0.000
        2.5381 1.478 0.000
        2.5510 1.478 0.000
        2.5641 1.478 0.000
        2.5773 1.478 0.000
        2.5907 1.478 0.000
        2.6042 1.478 0.000
        2.6178 1.478 0.000
        2.6316 1.478 0.000
        2.6455 1.478 0.000
        2.6596 1.478 0.000
        2.6738 1.478 0.000
        2.6882 1.478 0.000
        2.7027 1.478 0.000
        2.7174 1.478 0.000
        2.7322 1.478 0.000
        2.7473 1.478 0.000
        2.7624 1.478 0.000
        2.7778 1.478 0.000
        2.7933 1.478 0.000
        2.8090 1.478 0.000
        2.8249 1.478 0.000
        2.8409 1.478 0.000
        2.8571 1.478 0.000
        2.8736 1.478 0.000
        2.8902 1.478 0.000
        2.9070 1.478 0.000
        2.9240 1.477 0.000
        2.9412 1.477 0.000
        2.9586 1.477 0.000
        2.9762 1.477 0.000
        2.9940 1.477 0.000
        3.0120 1.477 0.000
        3.0303 1.477 0.000
        3.0488 1.477 0.000
        3.0675 1.477 0.000
        3.0864 1.477 0.000
        3.1056 1.477 0.000
        3.1250 1.477 0.000
        3.1447 1.477 0.000
        3.1646 1.477 0.000
        3.1847 1.477 0.000
        3.2051 1.477 0.000
        3.2258 1.477 0.000
        3.2468 1.477 0.000
        3.2680 1.476 0.000
        3.2895 1.476 0.000
        3.3113 1.476 0.000
        3.3333 1.476 0.000
        3.3557 1.476 0.000
        3.3784 1.476 0.000
        3.4014 1.476 0.000
        3.4247 1.476 0.000
        3.4483 1.476 0.000
        3.4722 1.476 0.000
        3.4965 1.476 0.000
        3.5211 1.476 0.000
        3.5461 1.476 0.000
        3.5714 1.476 0.000
        3.5971 1.476 0.000
        3.6232 1.476 0.000
        3.6496 1.476 0.000
        3.6765 1.475 0.000
        3.7037 1.475 0.000
        3.7313 1.475 0.000
        3.7594 1.475 0.000
        3.7879 1.475 0.000
        3.8168 1.475 0.000
        3.8462 1.475 0.000
        3.8760 1.475 0.000
        3.9063 1.475 0.000
        3.9370 1.475 0.000
        3.9683 1.475 0.000
        4.0000 1.475 0.000
        4.0323 1.475 0.000
        4.0650 1.475 0.000
        4.0984 1.475 0.000
        4.1322 1.475 0.000
        4.1667 1.474 0.000
        4.2017 1.474 0.000
        4.2373 1.474 0.000
        4.2735 1.474 0.000
        4.3103 1.474 0.000
        4.3478 1.474 0.000
        4.3860 1.474 0.000
        4.4248 1.474 0.000
        4.4643 1.474 0.000
        4.5045 1.474 0.001
        4.5455 1.474 0.000
        4.5872 1.473 0.000
        4.6296 1.473 0.001
        4.6729 1.473 0.000
        4.7170 1.473 0.001
        4.7619 1.473 0.000
        4.8077 1.472 0.001
        4.8544 1.472 0.001
        4.9020 1.472 0.001
        4.9505 1.472 0.001
        5.0000 1.472 0.001
        5.0505 1.472 0.001
        5.1020 1.472 0.001
        5.1546 1.471 0.001
        5.2083 1.471 0.001
        5.2632 1.471 0.002
        5.3191 1.471 0.001
        5.3763 1.470 0.002
        5.4348 1.470 0.002
        5.4945 1.470 0.002
        5.5556 1.470 0.002
        5.6180 1.470 0.002
        5.6818 1.470 0.003
        5.7471 1.470 0.002
        5.8140 1.469 0.003
        5.8824 1.469 0.003
        5.9524 1.469 0.003
        6.0241 1.469 0.003
        6.0976 1.469 0.003
        6.1728 1.468 0.003
        6.2500 1.468 0.003
        6.3291 1.468 0.004
        6.4103 1.468 0.004
        6.4935 1.468 0.004
        6.5789 1.468 0.004
        6.6667 1.468 0.004
        6.7568 1.467 0.004
        6.8493 1.467 0.004
        6.9444 1.467 0.005
        7.0423 1.467 0.004
        7.1429 1.466 0.005
        7.2464 1.466 0.005
        7.3529 1.466 0.005
        7.4627 1.466 0.005
        7.5758 1.466 0.005
        7.6923 1.465 0.005
        7.8125 1.465 0.005
        7.9365 1.465 0.005
        8.0645 1.464 0.005
        8.1967 1.464 0.005
        8.3333 1.464 0.005
        8.4746 1.463 0.005
        8.6207 1.463 0.005
        8.7719 1.462 0.005
        8.9286 1.462 0.005
        9.0909 1.461 0.005
        9.2593 1.460 0.005
        9.4340 1.460 0.005
        9.6154 1.459 0.005
        9.8039 1.458 0.005
        10.0000 1.458 0.005
        10.2041 1.457 0.005
        10.4167 1.456 0.004
        10.6383 1.455 0.005
        10.8696 1.454 0.005
        11.1111 1.453 0.004
        11.3636 1.451 0.004
        11.6279 1.450 0.005
        11.9048 1.448 0.005
        12.1951 1.447 0.006
        12.5000 1.445 0.006
        12.8205 1.444 0.006
        13.1579 1.442 0.007
        13.5135 1.440 0.007
        13.8889 1.439 0.008
        14.2857 1.437 0.008
        14.7059 1.435 0.008
        15.1515 1.433 0.008
        15.6250 1.430 0.008
        16.1290 1.427 0.008
        16.6667 1.424 0.008
        17.2414 1.420 0.006
        17.8571 1.415 0.006
        18.5185 1.411 0.006
        19.2308 1.404 0.004
        20.0000 1.396 0.003
        20.8333 1.386 0.005
        21.7391 1.378 0.006
        22.7273 1.367 0.005
        23.8095 1.354 0.006
        25.0000 1.338 0.005
        26.3158 1.318 0.007
        27.7778 1.297 0.010
        29.4118 1.269 0.009
        31.2500 1.229 0.008
        33.3333 1.174 0.013
        35.7143 1.093 0.023
        38.4615 0.979 0.067
        41.6667 0.843 0.162
        45.4545 0.553 0.411
        50.0000 0.566 0.569
        55.5556 0.311 1.149
        62.5000 0.303 2.425
        71.4286 5.500 3.337
        83.3333 3.010 0.249
        100.0000 2.561 0.186
        125.0000 2.360 0.173
        166.6667 2.290 0.154
