2001 .False. # Number of lines, conductive flag
# 5 line header for n-k original data
# Fosterite Mg2SiO4 (295.15 K) -  Suto et al. (2006) - (crystalline)
# Taken from: Courtesy ProDiMo team - Woitke et al. (2009)
# wl(um)      n                k
     0.100000       1.6115654      0.80391127
     0.100462       1.6173764      0.80135441
     0.100925       1.6231873      0.79879755
     0.101391       1.6289983      0.79624075
     0.101859       1.6348093      0.79368389
     0.102329       1.6406204      0.79112709
     0.102802       1.6464313      0.78857023
     0.103276       1.6518341      0.78563464
     0.103753       1.6565872      0.78209621
     0.104232       1.6613404      0.77855778
     0.104713       1.6660933      0.77501935
     0.105196       1.6708465      0.77148098
     0.105682       1.6755996      0.76794255
     0.106170       1.6803527      0.76440412
     0.106660       1.6851058      0.76086569
     0.107152       1.6898589      0.75732726
     0.107647       1.6946120      0.75378883
     0.108143       1.6993651      0.75025040
     0.108643       1.7041183      0.74671197
     0.109144       1.7088712      0.74317354
     0.109648       1.7136244      0.73963511
     0.110154       1.7183776      0.73609674
     0.110662       1.7231307      0.73255831
     0.111173       1.7278838      0.72901988
     0.111686       1.7326369      0.72548145
     0.112202       1.7373900      0.72194302
     0.112720       1.7402173      0.71813089
     0.113240       1.7406994      0.71398532
     0.113763       1.7411814      0.70983976
     0.114288       1.7416635      0.70569426
     0.114815       1.7421455      0.70154870
     0.115345       1.7426275      0.69740319
     0.115878       1.7431096      0.69325763
     0.116413       1.7435915      0.68911213
     0.116950       1.7440737      0.68496656
     0.117490       1.7445557      0.68082100
     0.118032       1.7450377      0.67667550
     0.118577       1.7455198      0.67252994
     0.119124       1.7460018      0.66838443
     0.119674       1.7464839      0.66423887
     0.120226       1.7469659      0.66009337
     0.120781       1.7474478      0.65594780
     0.121339       1.7479300      0.65180224
     0.121899       1.7484120      0.64765674
     0.122462       1.7488940      0.64351118
     0.123027       1.7493761      0.63936567
     0.123595       1.7498581      0.63522011
     0.124165       1.7500000      0.64739060
     0.124738       1.7500000      0.66636604
     0.125314       1.7574917      0.67824638
     0.125893       1.7712380      0.68420315
     0.126474       1.7832896      0.68750656
     0.127057       1.7923616      0.68614578
     0.127644       1.8007096      0.68500000
     0.128233       1.8051996      0.68500000
     0.128825       1.8096896      0.68500000
     0.129420       1.8182734      0.68458635
     0.130017       1.8271613      0.68414193
     0.130617       1.8359865      0.68310201
     0.131220       1.8447824      0.68178266
     0.131826       1.8535407      0.68064594
     0.132434       1.8622442      0.67977560
     0.133045       1.8704166      0.67887503
     0.133660       1.8742414      0.67772758
     0.134276       1.8780662      0.67658013
     0.134896       1.8842064      0.67515874
     0.135519       1.8927144      0.67345715
     0.136144       1.9012091      0.67163730
     0.136773       1.9096251      0.66911250
     0.137404       1.9180408      0.66658777
     0.138038       1.9295791      0.66376489
     0.138676       1.9420646      0.66085160
     0.139316       1.9529999      0.65735000
     0.139959       1.9612316      0.65282261
     0.140605       1.9694633      0.64829516
     0.141254       1.9814132      0.64267379
     0.141906       1.9936225      0.63697612
     0.142561       2.0038440      0.63130921
     0.143219       2.0118914      0.62567604
     0.143880       2.0199389      0.62004280
     0.144544       2.0318425      0.61249983
     0.145211       2.0437753      0.60494226
     0.145881       2.0537615      0.59498155
     0.146555       2.0616248      0.58240038
     0.147231       2.0694880      0.56981921
     0.147911       2.0772650      0.56173486
     0.148594       2.0850363      0.55396372
     0.149279       2.0927742      0.54400659
     0.149968       2.1004531      0.53018433
     0.150661       2.1081321      0.51636207
     0.151356       2.1157415      0.50381356
     0.152055       2.1233284      0.49167451
     0.152757       2.1304016      0.47955433
     0.153462       2.1337299      0.46757185
     0.154170       2.1370585      0.45558938
     0.154882       2.1400001      0.44345328
     0.155597       2.1400001      0.43014911
     0.156315       2.1400001      0.41684493
     0.157036       2.1400001      0.40375856
     0.157761       2.1400001      0.39098513
     0.158489       2.1400001      0.37821171
     0.159221       2.1448307      0.36627093
     0.159956       2.1520376      0.35473976
     0.160694       2.1592448      0.34320855
     0.161436       2.1536307      0.33403850
     0.162181       2.1465158      0.32514489
     0.162930       2.1400001      0.31578800
     0.163682       2.1400001      0.30139130
     0.164437       2.1400001      0.28699458
     0.165196       2.1400001      0.27501732
     0.165959       2.1400001      0.27085891
     0.166725       2.1400001      0.26670051
     0.167494       2.1388011      0.25728685
     0.168267       2.1353819      0.23813885
     0.169044       2.1319628      0.21899085
     0.169824       2.1271260      0.20541337
     0.170608       2.1203794      0.19934155
     0.171396       2.1136329      0.19326971
     0.172187       2.1084645      0.18800388
     0.172982       2.1051373      0.18367855
     0.173780       2.1018102      0.17935322
     0.174582       2.0985041      0.17056713
     0.175388       2.0952229      0.15645826
     0.176198       2.0919416      0.14234941
     0.177011       2.0873587      0.13241526
     0.177828       2.0808885      0.12853318
     0.178649       2.0744185      0.12465108
     0.179473       2.0682039      0.11857838
     0.180302       2.0625396      0.10778801
     0.181134       2.0568755     0.096997648
     0.181970       2.0512111     0.086207278
     0.182810       2.0450673     0.082000881
     0.183654       2.0387928     0.079585224
     0.184502       2.0325184     0.077169567
     0.185353       2.0262990     0.072591580
     0.186209       2.0201168     0.066563815
     0.187068       2.0139344     0.060536046
     0.187932       2.0066783     0.055194184
     0.188799       1.9975430     0.051052835
     0.189671       1.9884077     0.046911485
     0.190546       1.9795222     0.043066557
     0.191426       1.9735241     0.042646687
     0.192309       1.9675260     0.042226821
     0.193197       1.9615279     0.041806951
     0.194089       1.9577992     0.041700002
     0.194984       1.9548461     0.041700002
     0.195884       1.9518932     0.041700002
     0.196789       1.9489567     0.041418314
     0.197697       1.9460498     0.040633436
     0.198609       1.9431428     0.039848559
     0.199526       1.9402359     0.039063685
     0.200447       1.9373713     0.035530016
     0.201372       1.9345104     0.031753629
     0.202302       1.9316494     0.027977239
     0.203236       1.9276161     0.025895357
     0.204174       1.9219863     0.026120545
     0.205116       1.9163567     0.026345734
     0.206063       1.9107270     0.026570922
     0.207014       1.9051775     0.022293493
     0.207970       1.8996398     0.017348425
     0.208930       1.8941023     0.012403358
     0.209894       1.8892943    0.0088853752
     0.210863       1.8865716    0.0094462605
     0.211836       1.8838488     0.010007145
     0.212814       1.8811260     0.010568030
     0.213796       1.8784302    0.0091051515
     0.214783       1.8757536    0.0062149963
     0.215774       1.8730770    0.0033248411
     0.216770       1.8704003   0.00043468602
     0.217771       1.8677627   0.00035319020
     0.218776       1.8651321   0.00076554244
     0.219786       1.8625015    0.0011778947
     0.220800       1.8597746    0.0015917470
     0.221820       1.8551850    0.0020346497
     0.222844       1.8505954    0.0024775525
     0.223872       1.8460056    0.0029204553
     0.224905       1.8414160    0.0033633579
     0.225944       1.8382486    0.0028871158
     0.226986       1.8357159    0.0020007852
     0.228034       1.8331831    0.0011144546
     0.229087       1.8306503   0.00022812412
     0.230144       1.8281518   4.5160741e-07
     0.231206       1.8256650   3.1384306e-07
     0.232274       1.8231783   1.7607873e-07
     0.233346       1.8206916   5.0000000e-08
     0.234423       1.8182381   5.0000000e-08
     0.235505       1.8157974   5.0000000e-08
     0.236592       1.8133568   5.0000000e-08
     0.237684       1.8109161   5.0000000e-08
     0.238781       1.8085042   5.0000000e-08
     0.239883       1.8061095   5.0000000e-08
     0.240991       1.8037150   5.0000000e-08
     0.242103       1.8013204   5.0000000e-08
     0.243220       1.8000000   5.0000000e-08
     0.244343       1.8000000   5.0000000e-08
     0.245471       1.8000000   5.0000000e-08
     0.246604       1.8000000   5.0000000e-08
     0.247742       1.7995610   5.0000000e-08
     0.248886       1.7972584   5.0000000e-08
     0.250035       1.7949558   5.0000000e-08
     0.251189       1.7926534   5.0000000e-08
     0.252348       1.7903509   5.0000000e-08
     0.253513       1.7880874   5.0000000e-08
     0.254683       1.7858310   5.0000000e-08
     0.255859       1.7835745   5.0000000e-08
     0.257040       1.7813181   5.0000000e-08
     0.258226       1.7790807   5.0000000e-08
     0.259418       1.7768704   5.0000000e-08
     0.260615       1.6641154   5.0000000e-08
     0.261818       1.6641134   5.0000000e-08
     0.263027       1.6641114   5.0000000e-08
     0.264241       1.6641093   5.0000000e-08
     0.265461       1.6641073   5.0000000e-08
     0.266686       1.6641052   5.0000000e-08
     0.267917       1.6641031   5.0000000e-08
     0.269153       1.6641010   5.0000000e-08
     0.270396       1.6640988   5.0000000e-08
     0.271644       1.6640967   5.0000000e-08
     0.272898       1.6640945   5.0000000e-08
     0.274157       1.6640923   5.0000000e-08
     0.275423       1.6640901   5.0000000e-08
     0.276694       1.6640879   5.0000000e-08
     0.277971       1.6640856   5.0000000e-08
     0.279254       1.6640833   5.0000000e-08
     0.280543       1.6640810   5.0000000e-08
     0.281838       1.6640787   5.0000000e-08
     0.283139       1.6640764   5.0000000e-08
     0.284446       1.6640740   5.0000000e-08
     0.285759       1.6640716   5.0000000e-08
     0.287078       1.6640692   5.0000000e-08
     0.288403       1.6640668   5.0000000e-08
     0.289734       1.6640643   5.0000000e-08
     0.291072       1.6640618   5.0000000e-08
     0.292415       1.6640593   5.0000000e-08
     0.293765       1.6640568   5.0000000e-08
     0.295121       1.6640543   5.0000000e-08
     0.296483       1.6640517   5.0000000e-08
     0.297852       1.6640491   5.0000000e-08
     0.299226       1.6640465   5.0000000e-08
     0.300608       1.6640439   5.0000000e-08
     0.301995       1.6640412   5.0000000e-08
     0.303389       1.6640385   5.0000000e-08
     0.304790       1.6640358   5.0000000e-08
     0.306196       1.6640331   5.0000000e-08
     0.307610       1.6640303   5.0000000e-08
     0.309030       1.6640275   5.0000000e-08
     0.310456       1.6640247   5.0000000e-08
     0.311889       1.6640218   5.0000000e-08
     0.313329       1.6640190   5.0000000e-08
     0.314775       1.6640161   5.0000000e-08
     0.316228       1.6640132   5.0000000e-08
     0.317687       1.6640102   5.0000000e-08
     0.319154       1.6640072   5.1619137e-08
     0.320627       1.6640042   5.1619137e-08
     0.322107       1.6640012   5.1619137e-08
     0.323594       1.6639981   5.3726901e-08
     0.325087       1.6639950   5.3726901e-08
     0.326588       1.6639919   5.3726901e-08
     0.328095       1.6639888   5.5755040e-08
     0.329610       1.6639856   5.5755040e-08
     0.331131       1.6639824   5.7711949e-08
     0.332660       1.6639792   5.7711949e-08
     0.334195       1.6639759   5.9604645e-08
     0.335738       1.6639726   5.9604645e-08
     0.337287       1.6639693   5.9604645e-08
     0.338844       1.6639659   6.1439062e-08
     0.340408       1.6639625   6.1439062e-08
     0.341979       1.6639591   6.3220273e-08
     0.343558       1.6639557   6.3220273e-08
     0.345144       1.6639522   6.4952656e-08
     0.346737       1.6639487   6.4952656e-08
     0.348337       1.6639451   6.6640019e-08
     0.349945       1.6639416   6.6640019e-08
     0.351560       1.6639379   6.8285699e-08
     0.353183       1.6639343   6.8285699e-08
     0.354813       1.6639306   6.9892641e-08
     0.356451       1.6639269   7.1463459e-08
     0.358096       1.6639232   7.1463459e-08
     0.359749       1.6639194   7.3000483e-08
     0.361410       1.6639156   7.3000483e-08
     0.363078       1.6639117   7.4505806e-08
     0.364754       1.6639078   7.5981312e-08
     0.366438       1.6639039   7.7428705e-08
     0.368129       1.6638999   7.7428705e-08
     0.369828       1.6638959   7.8849534e-08
     0.371535       1.6638919   8.0245209e-08
     0.373250       1.6638878   8.1617021e-08
     0.374973       1.6638837   8.2966154e-08
     0.376704       1.6638796   8.2966154e-08
     0.378443       1.6638754   8.5600654e-08
     0.380189       1.6638711   8.5600654e-08
     0.381944       1.6638669   8.6887954e-08
     0.383707       1.6638626   8.8156458e-08
     0.385478       1.6638582   8.9406967e-08
     0.387258       1.6638538   9.0640225e-08
     0.389045       1.6638494   9.1856927e-08
     0.390841       1.6638449   9.4243218e-08
     0.392645       1.6638404   9.5413986e-08
     0.394457       1.6638359   9.5413986e-08
     0.396278       1.6638313   9.7713448e-08
     0.398107       1.6638267   9.8843121e-08
     0.399945       1.6638220   9.9960028e-08
     0.401791       1.6638173   1.0215721e-07
     0.403645       1.6638125   1.0323827e-07
     0.405509       1.6638077   1.0430813e-07
     0.407380       1.6638028   1.0536712e-07
     0.409261       1.6637979   1.0745380e-07
     0.411150       1.6637930   1.0950072e-07
     0.413047       1.6637880   1.1050997e-07
     0.414954       1.6637830   1.1151008e-07
     0.416869       1.6637779   1.1348386e-07
     0.418794       1.6637728   1.1542390e-07
     0.420727       1.6637676   1.1638179e-07
     0.422669       1.6637624   1.1827430e-07
     0.424620       1.6637571   1.2013700e-07
     0.426580       1.6637518   1.2105761e-07
     0.428549       1.6637464   1.2287812e-07
     0.430527       1.6637410   1.2555942e-07
     0.432514       1.6637355   1.2644055e-07
     0.434510       1.6637300   1.2818464e-07
     0.436516       1.6637244   1.3075716e-07
     0.438531       1.6637188   1.3244442e-07
     0.440555       1.6637131   1.3411045e-07
     0.442588       1.6637074   1.3575604e-07
     0.444631       1.6637016   1.3738192e-07
     0.446684       1.6636957   1.3978528e-07
     0.448745       1.6636898   1.4136483e-07
     0.450817       1.6636839   1.4370159e-07
     0.452898       1.6636779   1.4523855e-07
     0.454988       1.6636718   1.4751397e-07
     0.457088       1.6636657   1.4975482e-07
     0.459198       1.6636596   1.5196262e-07
     0.461318       1.6636533   1.5341684e-07
     0.463447       1.6636470   1.5628470e-07
     0.465586       1.6636407   1.5840152e-07
     0.467735       1.6636343   1.6049042e-07
     0.469894       1.6636278   1.6255248e-07
     0.472063       1.6636213   1.6526187e-07
     0.474242       1.6636147   1.6726512e-07
     0.476431       1.6636081   1.6924466e-07
     0.478630       1.6636014   1.7184857e-07
     0.480839       1.6635946   1.7441362e-07
     0.483059       1.6635878   1.7694149e-07
     0.485289       1.6635809   1.7881393e-07
     0.487529       1.6635739   1.8128045e-07
     0.489779       1.6635669   1.8431718e-07
     0.492040       1.6635598   1.8671101e-07
     0.494311       1.6635527   1.8966082e-07
     0.496592       1.6635455   1.9198803e-07
     0.498884       1.6635382   1.9485797e-07
     0.501187       1.6635308   1.9768624e-07
     0.503501       1.6635234   1.9992006e-07
     0.505825       1.6635159   2.0322474e-07
     0.508159       1.6635083   2.0593814e-07
     0.510505       1.6635007   2.0861626e-07
     0.512861       1.6634930   2.1178529e-07
     0.515229       1.6634852   2.1439038e-07
     0.517607       1.6634774   2.1747529e-07
     0.519996       1.6634695   2.2051705e-07
     0.522396       1.6634615   2.2351742e-07
     0.524807       1.6634534   2.2647804e-07
     0.527230       1.6634453   2.2988392e-07
     0.529663       1.6634371   2.3324007e-07
     0.532108       1.6634288   2.3607879e-07
     0.534564       1.6634204   2.3934809e-07
     0.537032       1.6634119   2.4303058e-07
     0.539511       1.6634034   2.4620759e-07
     0.542001       1.6633948   2.4978898e-07
     0.544503       1.6633861   2.5331974e-07
     0.547016       1.6633774   2.5680196e-07
     0.549541       1.6633685   2.6023759e-07
     0.552077       1.6633596   2.6404925e-07
     0.554626       1.6633506   2.6780666e-07
     0.557186       1.6633415   2.7151208e-07
     0.559758       1.6633323   2.7516760e-07
     0.562341       1.6633230   2.7917317e-07
     0.564937       1.6633137   2.8272965e-07
     0.567545       1.6633042   2.8662956e-07
     0.570164       1.6632947   2.9085906e-07
     0.572796       1.6632851   2.9502794e-07
     0.575440       1.6632754   2.9913872e-07
     0.578096       1.6632656   3.0319378e-07
     0.580764       1.6632557   3.0755650e-07
     0.583445       1.6632457   3.1185820e-07
     0.586138       1.6632357   3.1610136e-07
     0.588844       1.6632255   3.2063476e-07
     0.591562       1.6632153   3.2510496e-07
     0.594292       1.6632049   3.2951451e-07
     0.597035       1.6631945   3.3419820e-07
     0.599791       1.6631839   3.3881715e-07
     0.602560       1.6631733   3.4369715e-07
     0.605341       1.6631625   3.4819011e-07
     0.608135       1.6631517   3.5325496e-07
     0.610942       1.6631407   3.5793817e-07
     0.613762       1.6631297   3.6317282e-07
     0.616595       1.6631185   3.6803153e-07
     0.619441       1.6631073   3.7342203e-07
     0.622300       1.6630959   3.7844256e-07
     0.625173       1.6630845   3.8397606e-07
     0.628058       1.6630729   3.8914576e-07
     0.630957       1.6630612   3.9452917e-07
     0.633870       1.6630494   4.0011768e-07
     0.636796       1.6630375   4.0562921e-07
     0.639735       1.6630255   4.1133683e-07
     0.642688       1.6630134   4.1696634e-07
     0.645654       1.6630012   4.2278352e-07
     0.648634       1.6629888   4.2878075e-07
     0.651628       1.6629764   4.3469525e-07
     0.654636       1.6629638   4.4078229e-07
     0.657658       1.6629511   4.4703484e-07
     0.660693       1.6629383   4.5320112e-07
     0.663743       1.6629254   4.5952630e-07
     0.666807       1.6629123   4.6600389e-07
     0.669885       1.6628992   4.7239266e-07
     0.672977       1.6628859   4.7915981e-07
     0.676083       1.6628725   4.8583270e-07
     0.679204       1.6628589   4.9264059e-07
     0.682339       1.6628452   4.9935568e-07
     0.685488       1.6628315   5.0642030e-07
     0.688652       1.6628175   5.1360392e-07
     0.691831       1.6628035   5.2068845e-07
     0.695024       1.6627893   5.2809850e-07
     0.698232       1.6627750   5.3519860e-07
     0.701455       1.6627605   5.4281967e-07
     0.704693       1.6627460   5.5033521e-07
     0.707946       1.6627312   5.5814745e-07
     0.711214       1.6627164   5.6585185e-07
     0.714496       1.6627014   5.7383983e-07
     0.717794       1.6626862   5.8171813e-07
     0.721107       1.6626710   5.8986769e-07
     0.724436       1.6626556   5.9827745e-07
     0.727780       1.6626400   6.0657061e-07
     0.731139       1.6626243   6.1493249e-07
     0.734514       1.6626084   6.2353837e-07
     0.737904       1.6625924   6.3237832e-07
     0.741310       1.6625763   6.4126953e-07
     0.744732       1.6625600   6.5003914e-07
     0.748169       1.6625435   6.5919746e-07
     0.751623       1.6625269   6.6839640e-07
     0.755092       1.6625102   6.7779812e-07
     0.758578       1.6624933   6.8723277e-07
     0.762079       1.6624762   6.9685834e-07
     0.765597       1.6624590   7.0650992e-07
     0.769130       1.6624416   7.1649642e-07
     0.772681       1.6624240   7.2649847e-07
     0.776247       1.6624063   7.3666615e-07
     0.779830       1.6623884   7.4699270e-07
     0.783430       1.6623704   7.5732504e-07
     0.787046       1.6623521   7.6795213e-07
     0.790679       1.6623338   7.7871934e-07
     0.794328       1.6623152   7.8962095e-07
     0.797995       1.6622965   8.0065147e-07
     0.801678       1.6622776   8.1180563e-07
     0.805378       1.6622585   8.2321330e-07
     0.809096       1.6622392   8.3473108e-07
     0.812831       1.6622198   8.4648564e-07
     0.816582       1.6622001   8.5833793e-07
     0.820352       1.6621803   8.7028395e-07
     0.824138       1.6621603   8.8244571e-07
     0.827942       1.6621402   8.9481442e-07
     0.831764       1.6621198   9.0738161e-07
     0.835603       1.6620992   9.2001850e-07
     0.839460       1.6620785   9.3284125e-07
     0.843335       1.6620576   9.4595970e-07
     0.847227       1.6620364   9.5913023e-07
     0.851138       1.6620151   9.7257905e-07
     0.855067       1.6619936   9.8618222e-07
     0.859013       1.6619718   1.0000444e-06
     0.862979       1.6619499   1.0140456e-06
     0.866962       1.6619277   1.0282881e-06
     0.870964       1.6619054   1.0426554e-06
     0.874984       1.6618828   1.0572476e-06
     0.879023       1.6618601   1.0720554e-06
     0.883080       1.6618371   1.0870701e-06
     0.887156       1.6618139   1.1022831e-06
     0.891251       1.6617905   1.1176864e-06
     0.895365       1.6617668   1.1333702e-06
     0.899498       1.6617430   1.1492264e-06
     0.903649       1.6617189   1.1653432e-06
     0.907821       1.6616946   1.1817100e-06
     0.912011       1.6616701   1.1982239e-06
     0.916220       1.6616453   1.2150616e-06
     0.920450       1.6616203   1.2321197e-06
     0.924698       1.6615951   1.2493004e-06
     0.928966       1.6615697   1.2668616e-06
     0.933254       1.6615440   1.2846149e-06
     0.937562       1.6615180   1.3026377e-06
     0.941890       1.6614918   1.3208348e-06
     0.946237       1.6614654   1.3393649e-06
     0.950605       1.6614387   1.3581327e-06
     0.954993       1.6614118   1.3772091e-06
     0.959401       1.6613847   1.3965020e-06
     0.963829       1.6613572   1.4160808e-06
     0.968278       1.6613295   1.4359339e-06
     0.972747       1.6613016   1.4560501e-06
     0.977237       1.6612734   1.4764938e-06
     0.981748       1.6612449   1.4972516e-06
     0.986279       1.6612162   1.5182375e-06
     0.990832       1.6611872   1.5395142e-06
     0.995405       1.6611579   1.5611411e-06
      1.00000       1.6611284   1.5830336e-06
      1.00462       1.6610985   1.6052500e-06
      1.00925       1.6610684   1.6277771e-06
      1.01391       1.6610380   1.6506021e-06
      1.01859       1.6610074   1.6737792e-06
      1.02329       1.6609764   1.6972285e-06
      1.02802       1.6609451   1.7210680e-06
      1.03276       1.6609136   1.7452816e-06
      1.03753       1.6608818   1.7697286e-06
      1.04232       1.6608496   1.7945849e-06
      1.04713       1.6608172   1.8198339e-06
      1.05196       1.6607844   1.8453390e-06
      1.05682       1.6607514   1.8712679e-06
      1.06170       1.6607180   1.8975445e-06
      1.06660       1.6606843   1.9242125e-06
      1.07152       1.6606503   1.9512557e-06
      1.07647       1.6606160   1.9787149e-06
      1.08143       1.6605814   2.0064622e-06
      1.08643       1.6605464   2.0346498e-06
      1.09144       1.6605111   2.0632594e-06
      1.09648       1.6604755   2.0922737e-06
      1.10154       1.6604396   2.1216763e-06
      1.10662       1.6604033   2.1515027e-06
      1.11173       1.6603666   2.1817865e-06
      1.11686       1.6603297   2.2124587e-06
      1.12202       1.6602923   2.2435528e-06
      1.12720       1.6602547   2.2751492e-06
      1.13240       1.6602166   2.3071310e-06
      1.13763       1.6601783   2.3395772e-06
      1.14288       1.6601395   2.3724689e-06
      1.14815       1.6601004   2.4058800e-06
      1.15345       1.6600609   2.4397438e-06
      1.15878       1.6600211   2.4740415e-06
      1.16413       1.6599808   2.5088883e-06
      1.16950       1.6599402   2.5442178e-06
      1.17490       1.6598992   2.5800103e-06
      1.18032       1.6598579   2.6163316e-06
      1.18577       1.6598161   2.6531600e-06
      1.19124       1.6597740   2.6905572e-06
      1.19674       1.6597314   2.7284592e-06
      1.20226       1.6596884   2.7668852e-06
      1.20781       1.6596451   2.8058534e-06
      1.21339       1.6596013   2.8453805e-06
      1.21899       1.6595571   2.8854820e-06
      1.22462       1.6595125   2.9261343e-06
      1.23027       1.6594675   2.9673896e-06
      1.23595       1.6594221   3.0092230e-06
      1.24165       1.6593762   3.0516472e-06
      1.24738       1.6593299   3.0946738e-06
      1.25314       1.6592832   3.1383133e-06
      1.25893       1.6592360   3.1825755e-06
      1.26474       1.6591884   3.2274691e-06
      1.27057       1.6591403   3.2729681e-06
      1.27644       1.6590917   3.3191479e-06
      1.28233       1.6590428   3.3659807e-06
      1.28825       1.6589933   3.4135045e-06
      1.29420       1.6589434   3.4616587e-06
      1.30017       1.6588930   3.5105441e-06
      1.30617       1.6588421   3.5600992e-06
      1.31220       1.6587908   3.6103579e-06
      1.31826       1.6587389   3.6613521e-06
      1.32434       1.6586866   3.7130512e-06
      1.33045       1.6586338   3.7655149e-06
      1.33660       1.6585805   3.8187115e-06
      1.34276       1.6585267   3.8726682e-06
      1.34896       1.6584723   3.9274102e-06
      1.35519       1.6584175   3.9829051e-06
      1.36144       1.6583621   4.0392043e-06
      1.36773       1.6583062   4.0963289e-06
      1.37404       1.6582498   4.1542449e-06
      1.38038       1.6581928   4.2129986e-06
      1.38676       1.6581353   4.2726075e-06
      1.39316       1.6580773   4.3330363e-06
      1.39959       1.6580187   4.3943522e-06
      1.40605       1.6579596   4.4565435e-06
      1.41254       1.6578999   4.5196232e-06
      1.41906       1.6578396   4.5836030e-06
      1.42561       1.6577787   4.6484936e-06
      1.43219       1.6577173   4.7143280e-06
      1.43880       1.6576553   4.7810905e-06
      1.44544       1.6575927   4.8488113e-06
      1.45211       1.6575295   4.9175187e-06
      1.45881       1.6574657   4.9871940e-06
      1.46555       1.6574013   5.0578852e-06
      1.47231       1.6573363   5.1295719e-06
      1.47911       1.6572707   5.2022982e-06
      1.48594       1.6572044   5.2760633e-06
      1.49279       1.6571375   5.3509072e-06
      1.49968       1.6570700   5.4268057e-06
      1.50661       1.6570018   5.5037959e-06
      1.51356       1.6569330   5.5819121e-06
      1.52055       1.6568636   5.6611471e-06
      1.52757       1.6567934   5.7415124e-06
      1.53462       1.6567226   5.8230184e-06
      1.54170       1.6566512   5.9057308e-06
      1.54882       1.6565790   5.9896181e-06
      1.55597       1.6565062   6.0747047e-06
      1.56315       1.6564326   6.1610310e-06
      1.57036       1.6563584   6.2485990e-06
      1.57761       1.6562834   6.3374448e-06
      1.58489       1.6562078   6.4275326e-06
      1.59221       1.6561314   6.5189472e-06
      1.59956       1.6560543   6.6116840e-06
      1.60694       1.6559764   6.7057543e-06
      1.61436       1.6558978   6.8011845e-06
      1.62181       1.6558185   6.8979823e-06
      1.62930       1.6557383   6.9961864e-06
      1.63682       1.6556575   7.0958166e-06
      1.64437       1.6555758   7.1968906e-06
      1.65196       1.6554934   7.2994095e-06
      1.65959       1.6554101   7.4034182e-06
      1.66725       1.6553261   7.5089434e-06
      1.67494       1.6552413   7.6159950e-06
      1.68267       1.6551557   7.7245958e-06
      1.69044       1.6550692   7.8347664e-06
      1.69824       1.6549819   7.9465393e-06
      1.70608       1.6548938   8.0599167e-06
      1.71396       1.6548048   8.1749677e-06
      1.72187       1.6547150   8.2916761e-06
      1.72982       1.6546243   8.4100786e-06
      1.73780       1.6545327   8.5302087e-06
      1.74582       1.6544403   8.6520715e-06
      1.75388       1.6543469   8.7757213e-06
      1.76198       1.6542527   8.9011709e-06
      1.77011       1.6541575   9.0284315e-06
      1.77828       1.6540615   9.1575607e-06
      1.78649       1.6539645   9.2885645e-06
      1.79473       1.6538666   9.4214705e-06
      1.80302       1.6537677   9.5563274e-06
      1.81134       1.6536679   9.6931452e-06
      1.81970       1.6535671   9.8319551e-06
      1.82810       1.6534654   9.9727963e-06
      1.83654       1.6533626   1.0115694e-05
      1.84502       1.6532589   1.0260680e-05
      1.85353       1.6531542   1.0407786e-05
      1.86209       1.6530484   1.0557049e-05
      1.87068       1.6529417   1.0708493e-05
      1.87932       1.6528339   1.0862160e-05
      1.88799       1.6527250   1.1018066e-05
      1.89671       1.6526151   1.1176268e-05
      1.90546       1.6525042   1.1336787e-05
      1.91426       1.6523921   1.1499662e-05
      1.92309       1.6522790   1.1664916e-05
      1.93197       1.6521648   1.1832610e-05
      1.94089       1.6520495   1.2002763e-05
      1.94984       1.6519330   1.2175425e-05
      1.95884       1.6518154   1.2350618e-05
      1.96789       1.6516967   1.2528394e-05
      1.97697       1.6515768   1.2708786e-05
      1.98609       1.6514558   1.2891838e-05
      1.99526       1.6513336   1.3077584e-05
      2.00447       1.6512101   1.3266068e-05
      2.01372       1.6510855   1.3457341e-05
      2.02302       1.6509597   1.3651440e-05
      2.03236       1.6508326   1.3848399e-05
      2.04174       1.6507043   1.4048263e-05
      2.05116       1.6505748   1.4251097e-05
      2.06063       1.6504440   1.4456930e-05
      2.07014       1.6503119   1.4665809e-05
      2.07970       1.6501785   1.4877785e-05
      2.08930       1.6500438   1.5092905e-05
      2.09894       1.6499078   1.5311210e-05
      2.10863       1.6497704   1.5532758e-05
      2.11836       1.6496318   1.5757596e-05
      2.12814       1.6494917   1.5985779e-05
      2.13796       1.6493503   1.6217359e-05
      2.14783       1.6492075   1.6452387e-05
      2.15774       1.6490633   1.6690904e-05
      2.16770       1.6489176   1.6932985e-05
      2.17771       1.6487706   1.7178667e-05
      2.18776       1.6486221   1.7428021e-05
      2.19786       1.6484721   1.7681099e-05
      2.20800       1.6483206   1.7937953e-05
      2.21820       1.6481677   1.8198650e-05
      2.22844       1.6480132   1.8463248e-05
      2.23872       1.6478573   1.8731809e-05
      2.24905       1.6476998   1.9004397e-05
      2.25944       1.6475407   1.9281066e-05
      2.26986       1.6473800   1.9561888e-05
      2.28034       1.6472178   1.9846931e-05
      2.29087       1.6470540   2.0136255e-05
      2.30144       1.6468885   2.0429927e-05
      2.31206       1.6467214   2.0728019e-05
      2.32274       1.6465527   2.1030596e-05
      2.33346       1.6463822   2.1337745e-05
      2.34423       1.6462101   2.1649510e-05
      2.35505       1.6460363   2.1966000e-05
      2.36592       1.6458607   2.2287256e-05
      2.37684       1.6456834   2.2613385e-05
      2.38781       1.6455043   2.2944430e-05
      2.39883       1.6453234   2.3280502e-05
      2.40991       1.6451408   2.3621664e-05
      2.42103       1.6449563   2.3968002e-05
      2.43220       1.6447699   2.4319599e-05
      2.44343       1.6445817   2.4676539e-05
      2.45471       1.6443917   2.5038900e-05
      2.46604       1.6441997   2.5406786e-05
      2.47742       1.6440058   2.5780266e-05
      2.48886       1.6438099   2.6159446e-05
      2.50035       1.6436121   2.6544414e-05
      2.51189       1.6434123   2.6935258e-05
      2.52348       1.6432105   2.7332085e-05
      2.53513       1.6430067   2.7734976e-05
      2.54683       1.6428008   2.8144049e-05
      2.55859       1.6425928   2.8559377e-05
      2.57040       1.6423827   2.8981084e-05
      2.58226       1.6421706   2.9409275e-05
      2.59418       1.6419562   2.9844046e-05
      2.60615       1.6417398   3.0285506e-05
      2.61818       1.6415211   3.0733767e-05
      2.63027       1.6413002   3.1188949e-05
      2.64241       1.6410770   3.1651150e-05
      2.65461       1.6408516   3.2120492e-05
      2.66686       1.6406240   3.2597093e-05
      2.67917       1.6403940   3.3081068e-05
      2.69153       1.6401616   3.3572554e-05
      2.70396       1.6399269   3.4071670e-05
      2.71644       1.6396898   3.4578523e-05
      2.72898       1.6394503   3.5093272e-05
      2.74157       1.6392083   3.5616029e-05
      2.75423       1.6389639   3.6146919e-05
      2.76694       1.6387170   3.6686102e-05
      2.77971       1.6384675   3.7233717e-05
      2.79254       1.6382155   3.7789882e-05
      2.80543       1.6379609   3.8354747e-05
      2.81838       1.6377037   3.8928479e-05
      2.83139       1.6374438   3.9511209e-05
      2.84446       1.6371813   4.0103095e-05
      2.85759       1.6369160   4.0704275e-05
      2.87078       1.6366481   4.1314944e-05
      2.88403       1.6363773   4.1935225e-05
      2.89734       1.6361038   4.2565302e-05
      2.91072       1.6358274   4.3205330e-05
      2.92415       1.6355482   4.3855500e-05
      2.93765       1.6352660   4.4515969e-05
      2.95121       1.6349810   4.5186916e-05
      2.96483       1.6346929   4.5868512e-05
      2.97852       1.6344019   4.6560957e-05
      2.99226       1.6341079   4.7264430e-05
      3.00608       1.6338108   4.7979134e-05
      3.01995       1.6335105   4.8705236e-05
      3.03389       1.6332072   4.9442967e-05
      3.04789       1.6329006   5.0192502e-05
      3.06196       1.6325909   5.0954056e-05
      3.07610       1.6322779   5.1727850e-05
      3.09030       1.6319616   5.2514081e-05
      3.10456       1.6316420   5.3312990e-05
      3.11889       1.6313190   5.4124769e-05
      3.13329       1.6309926   5.4949670e-05
      3.14775       1.6306628   5.5787906e-05
      3.16228       1.6303295   5.6639737e-05
      3.17687       1.6299927   5.7505388e-05
      3.19154       1.6296522   5.8385098e-05
      3.20627       1.6293082   5.9279129e-05
      3.22107       1.6289605   6.0187747e-05
      3.23594       1.6286091   6.1111195e-05
      3.25087       1.6282540   6.2049747e-05
      3.26588       1.6278951   6.3003657e-05
      3.28095       1.6275323   6.3973241e-05
      3.29610       1.6271656   6.4958747e-05
      3.31131       1.6267951   6.5960493e-05
      3.32660       1.6264205   6.6978749e-05
      3.34195       1.6260419   6.8013826e-05
      3.35738       1.6256592   6.9066029e-05
      3.37287       1.6252724   7.0135679e-05
      3.38844       1.6248815   7.1223092e-05
      3.40408       1.6244863   7.2328589e-05
      3.41979       1.6240868   7.3452512e-05
      3.43558       1.6236830   7.4595216e-05
      3.45144       1.6232747   7.5757024e-05
      3.46737       1.6228621   7.6938301e-05
      3.48337       1.6224449   7.8139405e-05
      3.49945       1.6220232   7.9360718e-05
      3.51560       1.6215969   8.0602627e-05
      3.53183       1.6211658   8.1865499e-05
      3.54813       1.6207301   8.3149735e-05
      3.56451       1.6202896   8.4455753e-05
      3.58096       1.6198442   8.5783957e-05
      3.59749       1.6193939   8.7134782e-05
      3.61410       1.6189386   8.8508631e-05
      3.63078       1.6184782   8.9905975e-05
      3.64754       1.6180128   9.1327278e-05
      3.66438       1.6175421   9.2772951e-05
      3.68129       1.6170663   9.4243495e-05
      3.69828       1.6165851   9.5739406e-05
      3.71535       1.6160985   9.7261168e-05
      3.73250       1.6156065   9.8809272e-05
      3.74973       1.6151089   0.00010038427
      3.76704       1.6146058   0.00010198665
      3.78443       1.6140970   0.00010361695
      3.80189       1.6135824   0.00010527578
      3.81944       1.6130620   0.00010696366
      3.83707       1.6125357   0.00010868119
      3.85478       1.6120034   0.00011042892
      3.87258       1.6114651   0.00011220752
      3.89045       1.6109206   0.00011401757
      3.90841       1.6103698   0.00011585974
      3.92645       1.6098128   0.00011773462
      3.94457       1.6092493   0.00011964294
      3.96278       1.6086794   0.00012158536
      3.98107       1.6081029   0.00012356260
      3.99945       1.6075197   0.00012557535
      4.01791       1.6069297   0.00012762434
      4.03645       1.6063329   0.00012971032
      4.05509       1.6057291   0.00013183410
      4.07380       1.6051183   0.00013399649
      4.09261       1.6045003   0.00013619819
      4.11150       1.6038750   0.00013844016
      4.13048       1.6032424   0.00014072314
      4.14954       1.6026023   0.00014304807
      4.16869       1.6019547   0.00014541586
      4.18794       1.6012993   0.00014782737
      4.20727       1.6006362   0.00015028355
      4.22669       1.5999652   0.00015278539
      4.24620       1.5992861   0.00015533394
      4.26580       1.5985989   0.00015793010
      4.28549       1.5979034   0.00016057499
      4.30527       1.5971996   0.00016326962
      4.32514       1.5964872   0.00016601517
      4.34510       1.5957662   0.00016881278
      4.36516       1.5950364   0.00017166347
      4.38531       1.5942977   0.00017456859
      4.40555       1.5935500   0.00017752930
      4.42588       1.5927931   0.00018054685
      4.44631       1.5920269   0.00018362256
      4.46684       1.5912512   0.00018675768
      4.48745       1.5904659   0.00018995366
      4.50817       1.5896709   0.00019321183
      4.52898       1.5888659   0.00019653378
      4.54988       1.5880509   0.00019992079
      4.57088       1.5872257   0.00020337454
      4.59198       1.5863901   0.00020689651
      4.61318       1.5855439   0.00021048842
      4.63447       1.5846870   0.00021415176
      4.65586       1.5838192   0.00021788842
      4.67735       1.5829403   0.00022170007
      4.69894       1.5820501   0.00022558853
      4.72063       1.5811486   0.00022955559
      4.74242       1.5802354   0.00023360333
      4.76431       1.5793103   0.00023773366
      4.78630       1.5783733   0.00024194863
      4.80839       1.5774240   0.00024625023
      4.83059       1.5764623   0.00025064073
      4.85288       1.5754880   0.00025512237
      4.87528       1.5745008   0.00025969745
      4.89779       1.5735005   0.00026436834
      4.92040       1.5724869   0.00026913750
      4.94311       1.5714597   0.00027400745
      4.96592       1.5704188   0.00027898070
      4.98884       1.5693639   0.00028406005
      5.01187       1.5682948   0.00028924826
      5.03501       1.5672110   0.00029454822
      5.05825       1.5661126   0.00029996287
      5.08159       1.5649990   0.00030549529
      5.10505       1.5638702   0.00031114863
      5.12861       1.5627257   0.00031692616
      5.15229       1.5615653   0.00032283126
      5.17607       1.5603888   0.00032886742
      5.19996       1.5591957   0.00033503838
      5.22396       1.5579859   0.00034134762
      5.24807       1.5567589   0.00034779925
      5.27230       1.5555145   0.00035439730
      5.29663       1.5542523   0.00036114563
      5.32108       1.5529719   0.00036804894
      5.34564       1.5516731   0.00037511141
      5.37032       1.5503554   0.00038233777
      5.39511       1.5490185   0.00038973280
      5.42001       1.5476619   0.00039730146
      5.44503       1.5462854   0.00040504873
      5.47016       1.5448885   0.00041298023
      5.49541       1.5434707   0.00042110133
      5.52077       1.5420317   0.00042941794
      5.54626       1.5405709   0.00043793585
      5.57186       1.5390880   0.00044666142
      5.59758       1.5375825   0.00045560107
      5.62341       1.5360539   0.00046476131
      5.64937       1.5345017   0.00047414944
      5.67545       1.5329253   0.00048377252
      5.70164       1.5313244   0.00049363806
      5.72796       1.5296982   0.00050375406
      5.75440       1.5280463   0.00051412870
      5.78096       1.5263680   0.00052477045
      5.80764       1.5246628   0.00053568816
      5.83445       1.5229301   0.00054689105
      5.86138       1.5211693   0.00055838874
      5.88844       1.5193796   0.00057019167
      5.91562       1.5175604   0.00058230990
      5.94292       1.5157110   0.00059475455
      5.97035       1.5138306   0.00060753728
      5.99791       1.5119186   0.00062066979
      6.02560       1.5099741   0.00063416454
      6.05341       1.5079964   0.00064803505
      6.08135       1.5059846   0.00066229472
      6.10942       1.5039379   0.00067695811
      6.13762       1.5018553   0.00069203990
      6.16595       1.4997360   0.00070755605
      6.19441       1.4975790   0.00072352324
      6.22300       1.4953833   0.00073995845
      6.25173       1.4931479   0.00075688004
      6.28058       1.4908717   0.00077430672
      6.30957       1.4885537   0.00079225901
      6.33870       1.4861926   0.00081075788
      6.36796       1.4837872   0.00082982540
      6.39735       1.4813364   0.00084948475
      6.42688       1.4788388   0.00086976037
      6.45654       1.4762931   0.00089067864
      6.48634       1.4736980   0.00091226601
      6.51628       1.4710518   0.00093455176
      6.54636       1.4683532   0.00095756611
      6.57658       1.4656006   0.00098134093
      6.60693       1.4627922    0.0010059099
      6.63743       1.4599264    0.0010313090
      6.66807       1.4570014    0.0010575764
      6.69885       1.4540154    0.0010847511
      6.72977       1.4509662    0.0011128767
      6.76083       1.4478519    0.0011419982
      6.79204       1.4446703    0.0011721625
      6.82339       1.4414193    0.0012034204
      6.85488       1.4380963    0.0012358269
      6.88652       1.4346990    0.0012694383
      6.91831       1.4312248    0.0013043164
      6.95024       1.4276709    0.0013405257
      6.98232       1.4240344    0.0013781363
      7.01455       1.4203125    0.0014172216
      7.04693       1.4165018    0.0014578611
      7.07946       1.4125991    0.0015001392
      7.11213       1.4086008    0.0015441470
      7.14496       1.4045033    0.0015899818
      7.17794       1.4003026    0.0016377471
      7.21107       1.3959945    0.0016875558
      7.24436       1.3915749    0.0017395273
      7.27780       1.3870388    0.0017937922
      7.31139       1.3823817    0.0018504891
      7.34514       1.3775981    0.0019097691
      7.37904       1.3726826    0.0019717953
      7.41310       1.3676293    0.0020367444
      7.44732       1.3624320    0.0021048049
      7.48170       1.3570841    0.0021761872
      7.51623       1.3515785    0.0022511126
      7.55092       1.3459075    0.0023298297
      7.58578       1.3400633    0.0024126024
      7.62079       1.3340372    0.0024997225
      7.65597       1.3278197    0.0025915102
      7.69130       1.3214013    0.0026883113
      7.72681       1.3147710    0.0027905120
      7.76247       1.3079174    0.0028985327
      7.79830       1.3008282    0.0030128369
      7.83430       1.2934901    0.0031339362
      7.87046       1.2858885    0.0032624021
      7.90679       1.2780079    0.0033988598
      7.94328       1.2698314    0.0035440099
      7.97995       1.2613404    0.0036986381
      8.01678       1.2525149    0.0038636125
      8.05378       1.2433329    0.0040399128
      8.09096       1.2337705    0.0042286415
      8.12831       1.2238010    0.0044310482
      8.16582       1.2133957    0.0046485320
      8.20352       1.2025227    0.0048826942
      8.24138       1.1911460    0.0051353759
      8.27942       1.1792270    0.0054086540
      8.31764       1.1667216    0.0057049477
      8.35603       1.1535806    0.0060270582
      8.39460       1.1397496    0.0063782192
      8.43335       1.1251663    0.0067622418
      8.47227       1.1097611    0.0071835956
      8.51138       1.0934538    0.0076476038
      8.55067       1.0761535    0.0081606065
      8.59014       1.0577547    0.0087302744
      8.62979       1.0381367    0.0093659006
      8.66962       1.0171569     0.010078968
      8.70964      0.99464803     0.010883765
      8.74984      0.97041101     0.011798344
      8.79023      0.94420729     0.012845857
      8.83080      0.91574493     0.014056650
      8.87156      0.88466442     0.015471270
      8.91251      0.85051236     0.017145482
      8.95365      0.81270431     0.019158557
      8.99498      0.77046921     0.021627728
      9.03649      0.72275132     0.024735891
      9.07821      0.66803366     0.028789347
      9.12011      0.60400656     0.034352403
      9.16220      0.52681800     0.042624968
      9.20450      0.42911275     0.056826802
      9.24698      0.29408205     0.090377728
      9.28966      0.13004649      0.22366147
      9.33254     0.079686459      0.40122638
      9.37562     0.065353172      0.54039615
      9.41890     0.059275782      0.66169222
      9.46237     0.056585752      0.77445570
      9.50605     0.055800477      0.88341595
      9.54993     0.056349281      0.99155706
      9.59401     0.058012827       1.1011359
      9.63829     0.060752230       1.2141355
      9.68278     0.064654818       1.3325418
      9.72747     0.069929458       1.4585569
      9.77237     0.076935742       1.5948157
      9.81748     0.086254743       1.7446901
      9.86279     0.098829180       1.9127401
      9.90832      0.11624232       2.1054565
      9.95405      0.14131325       2.3326366
      10.0000      0.17948943       2.6100846
      10.0462      0.24256090       2.9654767
      10.0925      0.36059347       3.4528625
      10.1391      0.63220977       4.1930306
      10.1859       1.5465417       5.4581473
      10.2329       5.3942719       5.3103860
      10.2802       4.9001384       1.6111911
      10.3276       3.2290607      0.98107802
      10.3753       1.6606563       2.2176668
      10.4232       5.1385255       5.0642338
      10.4713       5.1825039      0.71073774
      10.5196       4.1511279      0.27631986
      10.5682       3.6518337      0.16500660
      10.6170       3.3403569      0.11614933
      10.6660       3.1198862     0.088819906
      10.7152       2.9521412     0.071374607
      10.7647       2.8184430     0.059299118
      10.8143       2.7083661     0.050476610
      10.8643       2.6155221     0.043778800
      10.9144       2.5357241     0.038547355
      10.9648       2.4660879     0.034371819
      11.0154       2.4045443     0.030982982
      11.0662       2.3495603     0.028197387
      11.1173       2.2999694     0.025886488
      11.1686       2.2548599     0.023958481
      11.2202       2.2135033     0.022347555
      11.2720       2.1753107     0.021007722
      11.3240       2.1397834     0.019908944
      11.3763       2.1064942     0.019036774
      11.4288       2.0750562     0.018394477
      11.4815       2.0450986     0.018010510
      11.5345       2.0162315     0.017956175
      11.5878       1.9879947     0.018387769
      11.6413       1.9597612     0.019655125
      11.6950       1.9305463     0.022620316
      11.7490       1.8987023     0.029769546
      11.8032       1.8627016     0.049895931
      11.8577       1.8453373      0.11133437
      11.9124       1.9314256      0.12330436
      11.9674       1.9271759     0.054995541
      12.0226       1.8939811     0.030627353
      12.0781       1.8658617     0.021676886
      12.1339       1.8420505     0.017566799
      12.1899       1.8209154     0.015349660
      12.2462       1.8015113     0.014015809
      12.3027       1.7833027     0.013152392
      12.3595       1.7659637     0.012566431
      12.4165       1.7492835     0.012158252
      12.4738       1.7331157     0.011872199
      12.5314       1.7173533     0.011675243
      12.5893       1.7019141     0.011546828
      12.6474       1.6867321     0.011473675
      12.7057       1.6717516     0.011446980
      12.7644       1.6569259     0.011460819
      12.8233       1.6422128     0.011511198
      12.8825       1.6275746     0.011595474
      12.9420       1.6129765     0.011711990
      13.0017       1.5983854     0.011859844
      13.0617       1.5837695     0.012038739
      13.1220       1.5690988     0.012248878
      13.1826       1.5543426     0.012490924
      13.2434       1.5394707     0.012765961
      13.3045       1.5244526     0.013075474
      13.3660       1.5092575     0.013421359
      13.4277       1.4938531     0.013805965
      13.4896       1.4782065     0.014232088
      13.5519       1.4622819     0.014703078
      13.6144       1.4460426     0.015222851
      13.6773       1.4294486     0.015796009
      13.7404       1.4124571     0.016427943
      13.8038       1.3950225     0.017124929
      13.8676       1.3770937     0.017894369
      13.9316       1.3586147     0.018744974
      13.9959       1.3395244     0.019686971
      14.0605       1.3197542     0.020732528
      14.1254       1.2992271     0.021896142
      14.1906       1.2778552     0.023195246
      14.2561       1.2555395     0.024650878
      14.3219       1.2321659     0.026288670
      14.3880       1.2076026     0.028140145
      14.4544       1.1816952     0.030244501
      14.5211       1.1542624     0.032650988
      14.5881       1.1250874     0.035422439
      14.6555       1.0939114     0.038639920
      14.7231       1.0604149     0.042410652
      14.7911       1.0242080     0.046878234
      14.8594      0.98479863     0.052240860
      14.9279      0.94155666     0.058780091
      14.9968      0.89366327     0.066909909
      15.0661      0.84002271     0.077268457
      15.1356      0.77913974     0.090896344
      15.2055      0.70892856      0.10962265
      15.2757      0.62652922      0.13697637
      15.3462      0.52873532      0.18050686
      15.4170      0.41724039      0.25640760
      15.4882      0.31751176      0.38109729
      15.5597      0.26035183      0.53107283
      15.6315      0.23558361      0.67857306
      15.7036      0.22828510      0.82077445
      15.7761      0.23208331      0.96158026
      15.8489      0.24509179       1.1053835
      15.9221      0.26781281       1.2566336
      15.9956      0.30275681       1.4202913
      16.0694      0.35511297       1.6024064
      16.1436      0.43475253       1.8107243
      16.2181      0.56095086       2.0547646
      16.2930      0.77338792       2.3422980
      16.3682       1.1552634       2.6569121
      16.4437       1.8400207       2.8555842
      16.5196       2.7184735       2.5184115
      16.5959       3.0907479       1.6823701
      16.6725       2.9457824       1.0382768
      16.7494       2.6897131      0.68059491
      16.8267       2.4569503      0.48181022
      16.9044       2.2634289      0.36362588
      16.9824       2.1025020      0.28866656
      17.0608       1.9658729      0.23866104
      17.1396       1.8469324      0.20407509
      17.2187       1.7407910      0.17961116
      17.2982       1.6438262      0.16216967
      17.3780       1.5532849      0.14987171
      17.4582       1.4669768      0.14156204
      17.5388       1.3830776      0.13655207
      17.6198       1.2999604      0.13448565
      17.7011       1.2160654      0.13528488
      17.7828       1.1297709      0.13916005
      17.8649       1.0392499      0.14669866
      17.9473      0.94227864      0.15909699
      18.0302      0.83601457      0.17870943
      18.1134      0.71688026      0.21041854
      18.1970      0.58201619      0.26502716
      18.2810      0.43973900      0.36322928
      18.3654      0.32768901      0.51110084
      18.4502      0.26507903      0.67093191
      18.5353      0.23304750      0.82094020
      18.6209      0.21702989      0.96108712
      18.7068      0.21060235       1.0951724
      18.7932      0.21106757       1.2267597
      18.8799      0.21745643       1.3589773
      18.9671      0.22981256       1.4947716
      19.0546      0.24901331       1.6372396
      19.1426      0.27689551       1.7899243
      19.2309      0.31670241       1.9572074
      19.3197      0.37404303       2.1447577
      19.4089      0.45889917       2.3600445
      19.4984      0.58996371       2.6124559
      19.5884      0.80439450       2.9107346
      19.6789       1.1785320       3.2464103
      19.7697       1.8485846       3.5167241
      19.8609       2.8374176       3.3372627
      19.9526       3.4992127       2.4471671
      20.0447       3.4468930       1.5575176
      20.1372       3.1328811       1.0236311
      20.2302       2.8118488      0.72576189
      20.3236       2.5328419      0.55124415
      20.4174       2.2936408      0.44277321
      20.5116       2.0843687      0.37232225
      20.6063       1.8959445      0.32554947
      20.7014       1.7210431      0.29479786
      20.7970       1.5536424      0.27599567
      20.8930       1.3883923      0.26732746
      20.9894       1.2199427      0.26889439
      21.0863       1.0422438      0.28337661
      21.1836      0.84816663      0.31878798
      21.2814      0.63392355      0.39644180
      21.3796      0.42995121      0.55089958
      21.4783      0.30033290      0.75292977
      21.5774      0.23196019      0.94192335
      21.6770      0.19254924       1.1087529
      21.7771      0.16748114       1.2587801
      21.8776      0.15051520       1.3970800
      21.9786      0.13864251       1.5273104
      22.0800      0.13024651       1.6521062
      22.1820      0.12438757       1.7734507
      22.2844      0.12049091       1.8929098
      22.3872      0.11819558       2.0117956
      22.4905      0.11727675       2.1312627
      22.5944      0.11760334       2.2523861
      22.6986      0.11911493       2.3762093
      22.8034      0.12181042       2.5038099
      22.9087      0.12574429       2.6363313
      23.0144      0.13102984       2.7750466
      23.1206      0.13784878       2.9214122
      23.2274      0.14646936       3.0771481
      23.3346      0.15727656       3.2443450
      23.4423      0.17081977       3.4255967
      23.5505      0.18789354       3.6242366
      23.6592      0.20966721       3.8446216
      23.7684      0.23791643       4.0926537
      23.8781      0.27544047       4.3765737
      23.9883      0.32686860       4.7083171
      24.0991      0.40034405       5.1059815
      24.2103      0.51136121       5.5984725
      24.3220      0.69264520       6.2349612
      24.4343       1.0239293       7.1049281
      24.5471       1.7427520       8.3748006
      24.6604       3.7558542       10.184101
      24.7742       9.1307047       9.5994241
      24.8886       9.9706008       4.0956429
      25.0035       8.0396001       1.9533497
      25.1189       6.6161935       1.2203357
      25.2348       5.5696225      0.92215072
      25.3513       4.7059687      0.81743831
      25.4683       3.8969590      0.85515168
      25.5859       3.0393885       1.0970850
      25.7040       2.1491375       1.8055820
      25.8226       1.7260785       3.0863805
      25.9418       1.9460695       4.5605079
      26.0615       3.0015576       6.2521531
      26.1818       6.0564244       7.3847277
      26.3027       8.9463468       4.4899533
      26.4241       8.2183966       2.0012606
      26.5461       7.2500398       1.0816492
      26.6686       6.5621075      0.68734798
      26.7917       6.0690832      0.48449525
      26.9153       5.6980485      0.36581940
      27.0396       5.4064471      0.28981995
      27.1644       5.1692483      0.23783110
      27.2898       4.9710083      0.20045116
      27.4157       4.8017111      0.17251521
      27.5423       4.6545768      0.15098743
      27.6694       4.5248316      0.13398249
      27.7971       4.4090066      0.12027674
      27.9254       4.3045099      0.10904629
      28.0543       4.2093533     0.099718794
      28.1838       4.1219800     0.091886651
      28.3139       4.0411391     0.085252925
      28.4446       3.9658101     0.079598132
      28.5759       3.8951408     0.074758014
      28.7078       3.8284029     0.070608994
      28.8403       3.7649601     0.067058700
      28.9734       3.7042392     0.064039577
      29.1072       3.6457092     0.061505260
      29.2415       3.5888530     0.059428690
      29.3765       3.5331507     0.057802876
      29.5121       3.4780469     0.056643789
      29.6483       3.4229125     0.055997377
      29.7852       3.3669908     0.055953153
      29.9226       3.3093113     0.056670037
      30.0608       3.2485424     0.058427136
      30.1995       3.1827271     0.061729517
      30.3389       3.1087641     0.067547859
      30.4790       3.0213007     0.077925153
      30.6196       2.9100880     0.097763685
      30.7610       2.7527292      0.14136406
      30.9030       2.4923778      0.26580453
      31.0456       2.0476178      0.84089097
      31.1889       3.3016087       2.2994767
      31.3329       4.1493307      0.64577849
      31.4775       3.7019513      0.23091863
      31.6228       3.4573483      0.13372989
      31.7687       3.2990352     0.099566464
      31.9154       3.1775503     0.085836019
      32.0627       3.0722250     0.081378743
      32.2107       2.9722388     0.082649275
      32.3594       2.8702335     0.088796246
      32.5087       2.7595397      0.10049747
      32.6588       2.6322839      0.12006218
      32.8095       2.4770971      0.15268410
      32.9610       2.2750398      0.21037629
      33.1131       1.9912756      0.32564023
      33.2660       1.5705178      0.61176410
      33.4195       1.1645581       1.3883961
      33.5738       1.2916611       2.5685734
      33.7287       2.3129583       4.0078003
      33.8844       5.3243348       3.9389572
      34.0408       5.6902312       1.4346323
      34.1979       4.9819328      0.61449286
      34.3558       4.5261537      0.34090880
      34.5144       4.2325987      0.22099676
      34.6737       4.0273577      0.15853326
      34.8337       3.8731488      0.12240491
      34.9945       3.7499334      0.10034318
      35.1560       3.6456360     0.086969969
      35.3183       3.5517510     0.080100233
      35.4813       3.4606608     0.079796183
      35.6451       3.3628097     0.089416151
      35.8096       3.2413033      0.12192212
      35.9749       3.0607944      0.23586219
      36.1410       2.9249000      0.77523518
      36.3078       3.9521389      0.79580082
      36.4754       3.8311061      0.23145805
      36.6438       3.6621536      0.10826591
      36.8129       3.5607186     0.068062814
      36.9828       3.4920317     0.050007114
      37.1535       3.4406694     0.040146037
      37.3250       3.3996197     0.034017989
      37.4973       3.3653039     0.029849665
      37.6704       3.3357017     0.026821324
      37.8443       3.3095809     0.024509907
      38.0189       3.2861390     0.022677579
      38.1944       3.2648279     0.021181448
      38.3707       3.2452558     0.019930752
      38.5478       3.2271334     0.018865174
      38.7258       3.2102409     0.017943128
      38.9045       3.1944072     0.017134952
      39.0841       3.1794953     0.016418894
      39.2645       3.1653953     0.015778658
      39.4457       3.1520163     0.015201752
      39.6278       3.1392816     0.014678391
      39.8107       3.1271276     0.014200868
      39.9945       3.1154994     0.013762972
      40.1791       3.1043498     0.013359651
      40.3645       3.0936374     0.012986743
      40.5509       3.0833262     0.012640812
      40.7380       3.0733842     0.012318973
      40.9261       3.0637830     0.012018807
      41.1150       3.0544971     0.011738266
      41.3047       3.0455033     0.011475605
      41.4954       3.0367805     0.011229342
      41.6869       3.0283096     0.010998220
      41.8794       3.0200730     0.010781172
      42.0727       3.0120543     0.010577292
      42.2669       3.0042379     0.010385824
      42.4620       2.9966095     0.010206148
      42.6580       2.9891553     0.010037770
      42.8549       2.9818622    0.0098803142
      43.0527       2.9747171    0.0097335205
      43.2514       2.9677078    0.0095972535
      43.4510       2.9608218    0.0094714993
      43.6516       2.9540466    0.0093563762
      43.8531       2.9473697    0.0092521568
      44.0555       2.9407778    0.0091592809
      44.2588       2.9342572    0.0090783909
      44.4631       2.9277935    0.0090103765
      44.6684       2.9213708    0.0089564213
      44.8745       2.9149715    0.0089180846
      45.0817       2.9085763    0.0088974063
      45.2898       2.9021628    0.0088970478
      45.4988       2.8957050    0.0089204946
      45.7088       2.8891723    0.0089723408
      45.9198       2.8825281    0.0090586977
      46.1318       2.8757271    0.0091878049
      46.3447       2.8687128    0.0093709332
      46.5586       2.8614135    0.0096237792
      46.7735       2.8537357    0.0099686955
      46.9894       2.8455549     0.010438309
      47.2063       2.8367012     0.011081693
      47.4242       2.8269351     0.011975329
      47.6431       2.8159089     0.013243560
      47.8630       2.8030969     0.015099267
      48.0839       2.7876657     0.017931279
      48.3059       2.7682185     0.022510349
      48.5289       2.7422526     0.030537387
      48.7528       2.7049296     0.046358422
      48.9779       2.6464862     0.083619891
      49.2040       2.5552535      0.19869177
      49.4311       2.6319690      0.57897745
      49.6592       3.1698028      0.42037724
      49.8885       3.1165012      0.14435512
      50.1187       3.0366155     0.067679005
      50.3501       2.9873063     0.040002874
      50.5825       2.9551292     0.027292773
      50.8159       2.9323940     0.020459567
      51.0505       2.9152700     0.016368261
      51.2861       2.9017226     0.013720351
      51.5229       2.8905894     0.011902568
      51.7607       2.8811633     0.010595567
      51.9996       2.8729905    0.0096198987
      52.2396       2.8657674    0.0088686221
      52.4807       2.8592836    0.0082747698
      52.7230       2.8533881    0.0077946903
      52.9663       2.8479702    0.0073989342
      53.2108       2.8429468    0.0070670701
      53.4564       2.8382543    0.0067845559
      53.7032       2.8338430    0.0065408014
      53.9511       2.8296736    0.0063279508
      54.2001       2.8257146    0.0061400786
      54.4503       2.8219404    0.0059726432
      54.7016       2.8183298    0.0058221136
      54.9541       2.8148655    0.0056857132
      55.2077       2.8115327    0.0055612308
      55.4626       2.8083191    0.0054468914
      55.7186       2.8052140    0.0053412488
      55.9758       2.8022084    0.0052431216
      56.2341       2.7992945    0.0051515340
      56.4937       2.7964654    0.0050656740
      56.7545       2.7937151    0.0049848596
      57.0164       2.7910383    0.0049085155
      57.2796       2.7884304    0.0048361545
      57.5440       2.7858872    0.0047673593
      57.8096       2.7834049    0.0047017736
      58.0764       2.7809804    0.0046390870
      58.3445       2.7786104    0.0045790329
      58.6138       2.7762924    0.0045213765
      58.8844       2.7740237    0.0044659137
      59.1562       2.7718022    0.0044124651
      59.4292       2.7696258    0.0043608717
      59.7035       2.7674925    0.0043109924
      59.9791       2.7654006    0.0042627032
      60.2560       2.7633485    0.0042158914
      60.5341       2.7613346    0.0041704573
      60.8135       2.7593576    0.0041263114
      61.0942       2.7574162    0.0040833723
      61.3762       2.7555091    0.0040415660
      61.6595       2.7536353    0.0040008274
      61.9441       2.7517935    0.0039610954
      62.2300       2.7499829    0.0039223147
      62.5173       2.7482024    0.0038844357
      62.8058       2.7464513    0.0038474116
      63.0957       2.7447286    0.0038112003
      63.3870       2.7430335    0.0037757626
      63.6796       2.7413653    0.0037410627
      63.9735       2.7397232    0.0037070669
      64.2688       2.7381066    0.0036737453
      64.5654       2.7365148    0.0036410679
      64.8634       2.7349472    0.0036090092
      65.1628       2.7334032    0.0035775433
      65.4636       2.7318823    0.0035466487
      65.7658       2.7303838    0.0035163017
      66.0693       2.7289072    0.0034864837
      66.3743       2.7274521    0.0034571746
      66.6807       2.7260180    0.0034283564
      66.9885       2.7246044    0.0034000129
      67.2977       2.7232109    0.0033721281
      67.6083       2.7218370    0.0033446868
      67.9204       2.7204823    0.0033176748
      68.2339       2.7191464    0.0032910786
      68.5488       2.7178290    0.0032648860
      68.8652       2.7165296    0.0032390842
      69.1831       2.7152479    0.0032136618
      69.5024       2.7139836    0.0031886083
      69.8232       2.7127363    0.0031639134
      70.1455       2.7115057    0.0031395670
      70.4693       2.7102915    0.0031155596
      70.7946       2.7090933    0.0030918823
      71.1214       2.7079109    0.0030685263
      71.4496       2.7067440    0.0030454840
      71.7794       2.7055923    0.0030227467
      72.1107       2.7044555    0.0030003070
      72.4436       2.7033334    0.0029781581
      72.7780       2.7022257    0.0029562930
      73.1139       2.7011321    0.0029347044
      73.4514       2.7000525    0.0029133864
      73.7904       2.6989865    0.0028923327
      74.1310       2.6979339    0.0028715371
      74.4732       2.6968946    0.0028509945
      74.8169       2.6958683    0.0028306990
      75.1623       2.6948547    0.0028106449
      75.5092       2.6938537    0.0027908278
      75.8578       2.6928651    0.0027712423
      76.2079       2.6918886    0.0027518836
      76.5597       2.6909241    0.0027327471
      76.9130       2.6899714    0.0027138283
      77.2681       2.6890303    0.0026951232
      77.6247       2.6881006    0.0026766272
      77.9830       2.6871822    0.0026583363
      78.3430       2.6862747    0.0026402465
      78.7046       2.6853782    0.0026223539
      79.0679       2.6844924    0.0026046553
      79.4328       2.6836172    0.0025871467
      79.7995       2.6827524    0.0025698246
      80.1678       2.6818978    0.0025526855
      80.5378       2.6810533    0.0025357267
      80.9096       2.6802188    0.0025189441
      81.2831       2.6793940    0.0025023354
      81.6582       2.6785790    0.0024858972
      82.0352       2.6777734    0.0024696262
      82.4138       2.6769772    0.0024535203
      82.7942       2.6761903    0.0024375763
      83.1764       2.6754124    0.0024217912
      83.5603       2.6746436    0.0024061628
      83.9460       2.6738836    0.0023906884
      84.3335       2.6731323    0.0023753655
      84.7227       2.6723896    0.0023601915
      85.1138       2.6716554    0.0023451639
      85.5067       2.6709296    0.0023302810
      85.9014       2.6702121    0.0023155398
      86.2979       2.6695027    0.0023009385
      86.6962       2.6688013    0.0022864745
      87.0964       2.6681078    0.0022721463
      87.4984       2.6674221    0.0022579514
      87.9023       2.6667442    0.0022438878
      88.3080       2.6660738    0.0022299537
      88.7156       2.6654110    0.0022161471
      89.1251       2.6647555    0.0022024661
      89.5365       2.6641074    0.0021889087
      89.9498       2.6634664    0.0021754732
      90.3649       2.6628326    0.0021621582
      90.7821       2.6622058    0.0021489614
      91.2011       2.6615859    0.0021358814
      91.6220       2.6609728    0.0021229164
      92.0450       2.6603665    0.0021100649
      92.4698       2.6597669    0.0020973254
      92.8966       2.6591738    0.0020846963
      93.3254       2.6585872    0.0020721758
      93.7562       2.6580070    0.0020597627
      94.1890       2.6574331    0.0020474557
      94.6237       2.6568655    0.0020352529
      95.0605       2.6563040    0.0020231533
      95.4993       2.6557486    0.0020111552
      95.9401       2.6551993    0.0019992575
      96.3829       2.6546558    0.0019874588
      96.8278       2.6541183    0.0019757578
      97.2747       2.6535865    0.0019641535
      97.7237       2.6530604    0.0019526440
      98.1748       2.6525400    0.0019412286
      98.6280       2.6520251    0.0019299060
      99.0832       2.6515158    0.0019186753
      99.5405       2.6510119    0.0019075346
      100.000       2.6505134    0.0018964834
      100.462       2.6500201    0.0018855204
      100.925       2.6495321    0.0018746444
      101.391       2.6490493    0.0018638546
      101.859       2.6485716    0.0018531498
      102.329       2.6480990    0.0018425289
      102.802       2.6476313    0.0018319910
      103.276       2.6471686    0.0018215350
      103.753       2.6467108    0.0018111600
      104.232       2.6462578    0.0018008649
      104.713       2.6458095    0.0017906489
      105.196       2.6453659    0.0017805110
      105.682       2.6449270    0.0017704505
      106.170       2.6444927    0.0017604659
      106.660       2.6440629    0.0017505573
      107.152       2.6436376    0.0017407229
      107.647       2.6432167    0.0017309623
      108.143       2.6428002    0.0017212744
      108.643       2.6423881    0.0017116589
      109.144       2.6419802    0.0017021146
      109.648       2.6415765    0.0016926405
      110.154       2.6411770    0.0016832361
      110.662       2.6407817    0.0016739007
      111.173       2.6403904    0.0016646334
      111.686       2.6400032    0.0016554336
      112.202       2.6396200    0.0016463001
      112.720       2.6392407    0.0016372327
      113.240       2.6388653    0.0016282305
      113.763       2.6384937    0.0016192929
      114.288       2.6381260    0.0016104193
      114.815       2.6377620    0.0016016085
      115.345       2.6374018    0.0015928602
      115.878       2.6370453    0.0015841738
      116.413       2.6366924    0.0015755487
      116.950       2.6363430    0.0015669838
      117.490       2.6359973    0.0015584790
      118.032       2.6356551    0.0015500336
      118.577       2.6353163    0.0015416467
      119.124       2.6349810    0.0015333179
      119.674       2.6346491    0.0015250465
      120.226       2.6343206    0.0015168321
      120.781       2.6339953    0.0015086739
      121.339       2.6336734    0.0015005714
      121.899       2.6333548    0.0014925244
      122.462       2.6330393    0.0014845318
      123.027       2.6327270    0.0014765933
      123.595       2.6324179    0.0014687085
      124.165       2.6321119    0.0014608766
      124.738       2.6318090    0.0014530973
      125.314       2.6315091    0.0014453700
      125.893       2.6312122    0.0014376942
      126.474       2.6309184    0.0014300694
      127.057       2.6306274    0.0014224951
      127.644       2.6303394    0.0014149708
      128.233       2.6300542    0.0014074961
      128.825       2.6297719    0.0014000705
      129.420       2.6294925    0.0013926936
      130.017       2.6292158    0.0013853649
      130.617       2.6289419    0.0013780837
      131.220       2.6286707    0.0013708500
      131.826       2.6284022    0.0013636631
      132.434       2.6281364    0.0013565226
      133.045       2.6278732    0.0013494278
      133.660       2.6276126    0.0013423789
      134.277       2.6273546    0.0013353748
      134.896       2.6270992    0.0013284157
      135.519       2.6268464    0.0013215009
      136.144       2.6265960    0.0013146299
      136.773       2.6263481    0.0013078026
      137.404       2.6261026    0.0013010182
      138.038       2.6258596    0.0012942767
      138.676       2.6256190    0.0012875776
      139.316       2.6253807    0.0012809206
      139.959       2.6251448    0.0012743051
      140.605       2.6249113    0.0012677308
      141.254       2.6246800    0.0012611975
      141.906       2.6244510    0.0012547047
      142.561       2.6242242    0.0012482521
      143.219       2.6239997    0.0012418393
      143.880       2.6237774    0.0012354661
      144.544       2.6235573    0.0012291322
      145.211       2.6233393    0.0012228369
      145.881       2.6231235    0.0012165803
      146.555       2.6229098    0.0012103618
      147.231       2.6226981    0.0012041812
      147.911       2.6224886    0.0011980380
      148.594       2.6222811    0.0011919322
      149.279       2.6220756    0.0011858633
      149.968       2.6218721    0.0011798310
      150.661       2.6216706    0.0011738349
      151.356       2.6214711    0.0011678749
      152.055       2.6212735    0.0011619506
      152.757       2.6210779    0.0011560617
      153.462       2.6208841    0.0011502079
      154.170       2.6206923    0.0011443891
      154.882       2.6205023    0.0011386048
      155.597       2.6203141    0.0011328548
      156.315       2.6201278    0.0011271388
      157.036       2.6199433    0.0011214564
      157.761       2.6197606    0.0011158076
      158.489       2.6195796    0.0011101920
      159.221       2.6194004    0.0011046094
      159.956       2.6192230    0.0010990595
      160.694       2.6190472    0.0010935418
      161.436       2.6188732    0.0010880564
      162.181       2.6187008    0.0010826030
      162.930       2.6185301    0.0010771813
      163.682       2.6183611    0.0010717909
      164.437       2.6181937    0.0010664318
      165.196       2.6180279    0.0010611035
      165.959       2.6178637    0.0010558059
      166.725       2.6177011    0.0010505390
      167.494       2.6175401    0.0010453021
      168.267       2.6173806    0.0010400953
      169.044       2.6172226    0.0010349184
      169.824       2.6170662    0.0010297708
      170.608       2.6169113    0.0010246526
      171.396       2.6167578    0.0010195636
      172.187       2.6166059    0.0010145035
      172.982       2.6164554    0.0010094721
      173.780       2.6163063    0.0010044692
      174.582       2.6161587   0.00099949445
      175.388       2.6160125   0.00099454780
      176.198       2.6158677   0.00098962898
      177.011       2.6157243   0.00098473779
      177.828       2.6155822   0.00097987403
      178.649       2.6154416   0.00097503752
      179.473       2.6153022   0.00097022808
      180.302       2.6151642   0.00096544544
      181.134       2.6150276   0.00096068949
      181.970       2.6148922   0.00095595989
      182.810       2.6147581   0.00095125673
      183.654       2.6146253   0.00094657956
      184.502       2.6144938   0.00094192823
      185.353       2.6143635   0.00093730264
      186.209       2.6142345   0.00093270263
      187.068       2.6141067   0.00092812795
      187.932       2.6139801   0.00092357836
      188.799       2.6138548   0.00091905385
      189.671       2.6137306   0.00091455411
      190.546       2.6136076   0.00091007907
      191.426       2.6134858   0.00090562848
      192.309       2.6133651   0.00090120212
      193.197       2.6132456   0.00089679999
      194.089       2.6131272   0.00089242171
      194.984       2.6130100   0.00088806729
      195.884       2.6128938   0.00088373651
      196.789       2.6127788   0.00087942923
      197.697       2.6126649   0.00087514529
      198.609       2.6125520   0.00087088443
      199.526       2.6124402   0.00086664663
      200.447       2.6123295   0.00086243163
      201.372       2.6122198   0.00085823937
      202.302       2.6121112   0.00085406956
      203.236       2.6120036   0.00084992222
      204.174       2.6118970   0.00084579707
      205.116       2.6117915   0.00084169400
      206.063       2.6116869   0.00083761294
      207.014       2.6115833   0.00083355363
      207.970       2.6114807   0.00082951596
      208.930       2.6113791   0.00082549979
      209.894       2.6112784   0.00082150495
      210.863       2.6111787   0.00081753144
      211.836       2.6110799   0.00081357896
      212.814       2.6109821   0.00080964738
      213.796       2.6108852   0.00080573667
      214.783       2.6107892   0.00080184658
      215.774       2.6106941   0.00079797706
      216.770       2.6105999   0.00079412794
      217.771       2.6105066   0.00079029911
      218.776       2.6104142   0.00078649047
      219.786       2.6103226   0.00078270173
      220.800       2.6102320   0.00077893297
      221.820       2.6101421   0.00077518395
      222.844       2.6100531   0.00077145459
      223.872       2.6099650   0.00076774466
      224.905       2.6098777   0.00076405418
      225.944       2.6097912   0.00076038294
      226.986       2.6097055   0.00075673079
      228.034       2.6096206   0.00075309774
      229.087       2.6095366   0.00074948353
      230.144       2.6094533   0.00074588817
      231.206       2.6093708   0.00074231142
      232.274       2.6092891   0.00073875324
      233.346       2.6092081   0.00073521347
      234.423       2.6091279   0.00073169204
      235.505       2.6090485   0.00072818881
      236.592       2.6089698   0.00072470367
      237.684       2.6088919   0.00072123647
      238.781       2.6088146   0.00071778719
      239.883       2.6087382   0.00071435567
      240.991       2.6086624   0.00071094176
      242.103       2.6085873   0.00070754540
      243.220       2.6085130   0.00070416649
      244.343       2.6084393   0.00070080486
      245.471       2.6083663   0.00069746053
      246.604       2.6082940   0.00069413328
      247.742       2.6082224   0.00069082303
      248.886       2.6081515   0.00068752971
      250.035       2.6080812   0.00068425315
      251.189       2.6080116   0.00068099336
      252.348       2.6079427   0.00067775014
      253.513       2.6078743   0.00067452346
      254.683       2.6078067   0.00067131316
      255.859       2.6077396   0.00066811917
      257.040       2.6076732   0.00066494142
      258.226       2.6076074   0.00066177980
      259.418       2.6075423   0.00065863415
      260.615       2.6074777   0.00065550446
      261.818       2.6074137   0.00065239060
      263.027       2.6073504   0.00064929248
      264.241       2.6072876   0.00064620999
      265.461       2.6072254   0.00064314302
      266.686       2.6071638   0.00064009156
      267.917       2.6071028   0.00063705549
      269.153       2.6070423   0.00063403472
      270.396       2.6069824   0.00063102907
      271.644       2.6069231   0.00062803859
      272.898       2.6068643   0.00062506312
      274.157       2.6068061   0.00062210254
      275.423       2.6067484   0.00061915678
      276.694       2.6066913   0.00061622588
      277.971       2.6066346   0.00061330952
      279.254       2.6065786   0.00061040784
      280.543       2.6065230   0.00060752067
      281.838       2.6064680   0.00060464791
      283.139       2.6064134   0.00060178948
      284.446       2.6063594   0.00059894530
      285.759       2.6063059   0.00059611526
      287.078       2.6062529   0.00059329936
      288.403       2.6062003   0.00059049751
      289.734       2.6061483   0.00058770949
      291.072       2.6060968   0.00058493541
      292.415       2.6060457   0.00058217506
      293.765       2.6059951   0.00057942842
      295.121       2.6059450   0.00057669548
      296.483       2.6058953   0.00057397596
      297.852       2.6058461   0.00057126998
      299.226       2.6057974   0.00056857739
      300.608       2.6057491   0.00056589811
      301.995       2.6057013   0.00056323207
      303.389       2.6056539   0.00056057919
      304.789       2.6056069   0.00055793946
      306.196       2.6055604   0.00055531268
      307.610       2.6055144   0.00055269890
      309.030       2.6054687   0.00055009798
      310.456       2.6054235   0.00054750986
      311.889       2.6053787   0.00054493451
      313.329       2.6053343   0.00054237176
      314.775       2.6052903   0.00053982165
      316.228       2.6052468   0.00053728405
      317.687       2.6052036   0.00053475895
      319.154       2.6051608   0.00053224623
      320.627       2.6051185   0.00052974581
      322.107       2.6050765   0.00052725764
      323.594       2.6050349   0.00052478165
      325.087       2.6049937   0.00052231778
      326.588       2.6049529   0.00051986600
      328.095       2.6049125   0.00051742621
      329.610       2.6048724   0.00051499829
      331.131       2.6048328   0.00051258223
      332.660       2.6047934   0.00051017802
      334.195       2.6047545   0.00050778550
      335.738       2.6047159   0.00050540466
      337.287       2.6046777   0.00050303539
      338.844       2.6046398   0.00050067773
      340.408       2.6046023   0.00049833147
      341.979       2.6045651   0.00049599671
      343.558       2.6045283   0.00049367323
      345.144       2.6044918   0.00049136109
      346.737       2.6044556   0.00048906017
      348.337       2.6044198   0.00048677042
      349.945       2.6043843   0.00048449179
      351.560       2.6043492   0.00048222423
      353.183       2.6043143   0.00047996763
      354.813       2.6042798   0.00047772198
      356.451       2.6042456   0.00047548720
      358.096       2.6042118   0.00047326326
      359.749       2.6041782   0.00047105009
      361.410       2.6041450   0.00046884762
      363.078       2.6041120   0.00046665576
      364.754       2.6040794   0.00046447455
      366.438       2.6040471   0.00046230386
      368.129       2.6040151   0.00046014364
      369.828       2.6039833   0.00045799383
      371.535       2.6039519   0.00045585444
      373.250       2.6039207   0.00045372533
      374.973       2.6038899   0.00045160650
      376.704       2.6038593   0.00044949786
      378.443       2.6038290   0.00044739941
      380.189       2.6037990   0.00044531102
      381.944       2.6037693   0.00044323269
      383.707       2.6037398   0.00044116437
      385.478       2.6037106   0.00043910598
      387.258       2.6036817   0.00043705752
      389.045       2.6036531   0.00043501886
      390.841       2.6036247   0.00043298998
      392.645       2.6035965   0.00043097089
      394.457       2.6035687   0.00042896145
      396.278       2.6035411   0.00042696168
      398.107       2.6035137   0.00042497145
      399.945       2.6034866   0.00042299078
      401.791       2.6034598   0.00042101963
      403.645       2.6034332   0.00041905790
      405.509       2.6034069   0.00041710554
      407.380       2.6033807   0.00041516255
      409.261       2.6033549   0.00041322886
      411.150       2.6033293   0.00041130440
      413.047       2.6033039   0.00040938916
      414.954       2.6032787   0.00040748304
      416.869       2.6032538   0.00040558604
      418.794       2.6032291   0.00040369809
      420.727       2.6032046   0.00040181918
      422.669       2.6031804   0.00039994922
      424.620       2.6031564   0.00039808817
      426.580       2.6031326   0.00039623600
      428.549       2.6031090   0.00039439267
      430.527       2.6030857   0.00039255813
      432.514       2.6030625   0.00039073232
      434.510       2.6030396   0.00038891520
      436.516       2.6030169   0.00038710673
      438.531       2.6029944   0.00038530688
      440.555       2.6029721   0.00038351559
      442.588       2.6029500   0.00038173281
      444.631       2.6029281   0.00037995853
      446.684       2.6029064   0.00037819266
      448.745       2.6028850   0.00037643519
      450.817       2.6028637   0.00037468607
      452.898       2.6028426   0.00037294526
      454.988       2.6028217   0.00037121270
      457.088       2.6028010   0.00036948838
      459.198       2.6027805   0.00036777225
      461.318       2.6027602   0.00036606424
      463.447       2.6027400   0.00036436433
      465.586       2.6027201   0.00036267249
      467.735       2.6027003   0.00036098867
      469.894       2.6026807   0.00035931282
      472.063       2.6026613   0.00035764490
      474.242       2.6026421   0.00035598488
      476.431       2.6026231   0.00035433273
      478.630       2.6026042   0.00035268840
      480.839       2.6025855   0.00035105185
      483.059       2.6025670   0.00034942304
      485.289       2.6025486   0.00034780193
      487.529       2.6025304   0.00034618848
      489.779       2.6025124   0.00034458268
      492.040       2.6024946   0.00034298443
      494.311       2.6024769   0.00034139376
      496.592       2.6024594   0.00033981061
      498.884       2.6024420   0.00033823491
      501.187       2.6024248   0.00033666666
      503.501       2.6024078   0.00033510581
      505.825       2.6023909   0.00033355233
      508.159       2.6023742   0.00033200616
      510.505       2.6023576   0.00033046730
      512.861       2.6023412   0.00032893569
      515.229       2.6023249   0.00032741131
      517.607       2.6023088   0.00032589411
      519.996       2.6022928   0.00032438406
      522.396       2.6022770   0.00032288110
      524.807       2.6022613   0.00032138525
      527.230       2.6022458   0.00031989641
      529.663       2.6022304   0.00031841459
      532.108       2.6022151   0.00031693975
      534.564       2.6022000   0.00031547188
      537.032       2.6021850   0.00031401087
      539.511       2.6021702   0.00031255675
      542.001       2.6021555   0.00031110945
      544.503       2.6021410   0.00030966900
      547.016       2.6021265   0.00030823530
      549.541       2.6021122   0.00030680830
      552.077       2.6020981   0.00030538803
      554.626       2.6020840   0.00030397444
      557.186       2.6020701   0.00030256750
      559.758       2.6020564   0.00030116713
      562.341       2.6020427   0.00029977338
      564.937       2.6020292   0.00029838615
      567.545       2.6020158   0.00029700541
      570.164       2.6020025   0.00029563119
      572.796       2.6019894   0.00029426338
      575.440       2.6019764   0.00029290199
      578.096       2.6019634   0.00029154699
      580.764       2.6019507   0.00029019836
      583.445       2.6019380   0.00028885602
      586.138       2.6019254   0.00028751999
      588.844       2.6019130   0.00028619022
      591.562       2.6019007   0.00028486669
      594.292       2.6018884   0.00028354934
      597.035       2.6018763   0.00028223818
      599.791       2.6018644   0.00028093315
      602.560       2.6018525   0.00027963424
      605.341       2.6018407   0.00027834138
      608.135       2.6018290   0.00027705459
      610.942       2.6018175   0.00027577383
      613.762       2.6018060   0.00027449904
      616.595       2.6017947   0.00027323025
      619.441       2.6017835   0.00027196735
      622.300       2.6017723   0.00027071039
      625.173       2.6017613   0.00026945930
      628.058       2.6017504   0.00026821405
      630.957       2.6017395   0.00026697462
      633.870       2.6017288   0.00026574100
      636.796       2.6017182   0.00026451311
      639.735       2.6017076   0.00026329097
      642.688       2.6016972   0.00026207455
      645.654       2.6016869   0.00026086381
      648.634       2.6016766   0.00025965872
      651.628       2.6016665   0.00025845926
      654.636       2.6016564   0.00025726541
      657.658       2.6016464   0.00025607711
      660.693       2.6016366   0.00025489438
      663.743       2.6016268   0.00025371716
      666.807       2.6016171   0.00025254542
      669.885       2.6016075   0.00025137916
      672.977       2.6015980   0.00025021831
      676.083       2.6015885   0.00024906290
      679.204       2.6015792   0.00024791290
      682.339       2.6015699   0.00024676823
      685.488       2.6015608   0.00024562890
      688.652       2.6015517   0.00024449489
      691.831       2.6015427   0.00024336615
      695.024       2.6015338   0.00024224270
      698.232       2.6015249   0.00024112445
      701.455       2.6015162   0.00024001142
      704.693       2.6015075   0.00023890360
      707.946       2.6014989   0.00023780091
      711.214       2.6014904   0.00023670337
      714.496       2.6014819   0.00023561093
      717.794       2.6014736   0.00023452359
      721.107       2.6014653   0.00023344130
      724.436       2.6014571   0.00023236406
      727.780       2.6014489   0.00023129183
      731.139       2.6014409   0.00023022458
      734.514       2.6014329   0.00022916231
      737.904       2.6014250   0.00022810497
      741.310       2.6014171   0.00022705256
      744.732       2.6014094   0.00022600503
      748.169       2.6014017   0.00022496240
      751.623       2.6013941   0.00022392460
      755.092       2.6013865   0.00022289162
      758.578       2.6013790   0.00022186345
      762.079       2.6013716   0.00022084007
      765.597       2.6013643   0.00021982143
      769.130       2.6013570   0.00021880754
      772.681       2.6013498   0.00021779834
      776.247       2.6013426   0.00021679385
      779.830       2.6013355   0.00021579402
      783.430       2.6013285   0.00021479885
      787.046       2.6013216   0.00021380829
      790.679       2.6013147   0.00021282232
      794.328       2.6013079   0.00021184095
      797.995       2.6013011   0.00021086413
      801.678       2.6012944   0.00020989185
      805.378       2.6012878   0.00020892408
      809.096       2.6012812   0.00020796080
      812.831       2.6012747   0.00020700200
      816.582       2.6012682   0.00020604764
      820.352       2.6012618   0.00020509771
      824.138       2.6012555   0.00020415220
      827.942       2.6012492   0.00020321108
      831.764       2.6012430   0.00020227431
      835.603       2.6012368   0.00020134190
      839.460       2.6012307   0.00020041382
      843.335       2.6012246   0.00019949003
      847.227       2.6012186   0.00019857054
      851.138       2.6012127   0.00019765530
      855.067       2.6012068   0.00019674432
      859.014       2.6012010   0.00019583755
      862.979       2.6011952   0.00019493499
      866.962       2.6011895   0.00019403663
      870.964       2.6011838   0.00019314243
      874.984       2.6011782   0.00019225236
      879.023       2.6011726   0.00019136642
      883.080       2.6011671   0.00019048459
      887.156       2.6011616   0.00018960685
      891.251       2.6011562   0.00018873318
      895.365       2.6011508   0.00018786356
      899.498       2.6011455   0.00018699796
      903.649       2.6011402   0.00018613637
      907.821       2.6011350   0.00018527877
      912.011       2.6011298   0.00018442515
      916.221       2.6011247   0.00018357548
      920.450       2.6011196   0.00018272975
      924.698       2.6011146   0.00018188794
      928.966       2.6011096   0.00018105003
      933.254       2.6011047   0.00018021600
      937.562       2.6010998   0.00017938582
      941.890       2.6010949   0.00017855949
      946.237       2.6010901   0.00017773698
      950.605       2.6010854   0.00017691829
      954.993       2.6010806   0.00017610338
      959.401       2.6010760   0.00017529225
      963.829       2.6010713   0.00017448487
      968.278       2.6010667   0.00017368124
      972.747       2.6010622   0.00017288132
      977.237       2.6010577   0.00017208509
      981.748       2.6010532   0.00017129256
      986.279       2.6010488   0.00017050368
      990.832       2.6010444   0.00016971846
      995.405       2.6010401   0.00016893688
      1000.00       2.6010358   0.00016815891
