109 .False. # Number of lines, conductive flag
# 5 line header for n-k original data
# Silicate perovskite (glassy) -  Mg(0.5)Fe(0.5)SiO3 Dorschner et al. (1995) - (Glassy)
# Taken from: http://www.astro.uni-jena.de/Laboratory/OCDB/amsilicates.html
# wl(um)      n                k
     0.20000    1.692000    0.126100
     0.22000    1.682000    0.159452
     0.24000    1.682660    0.170723
     0.26000    1.692130    0.172362
     0.28000    1.703120    0.165792
     0.30000    1.712640    0.155402
     0.32000    1.721980    0.139879
     0.34000    1.725580    0.120936
     0.36000    1.723350    0.104020
     0.38000    1.718970    0.090612
     0.40000    1.714000    0.080011
     0.42000    1.709080    0.070935
     0.45000    1.701920    0.0596
     0.50000    1.688490    0.0448
     0.55000    1.683470    0.0340
     0.60000    1.679620    0.0271
     0.65000    1.674910    0.0212
     0.70000    1.671140    0.0173
     0.75000    1.670420    0.0150
     0.80000    1.670830    0.0130
     0.90000    1.673480    0.0110
     1.00000    1.664740    0.0106
     1.10000    1.664060    0.00929
     1.20000    1.663450    0.00763
     1.30000    1.658600    0.00562
     1.40000    1.658510    0.004574
     1.50000    1.653110    0.004185
     1.60000    1.651540    0.003988
     1.70000    1.648910    0.003924
     1.80000    1.643000    0.003901
     1.90000    1.640890    0.003803
     2.00000    1.639610    0.003687
     2.20000    1.634210    0.003177
     2.40000    1.631390    0.002771
     2.60000    1.630400    0.002549
     2.80000    1.625720    0.002496
     3.00000    1.620720    0.002435
     3.50000    1.610050    0.002355
     4.00000    1.602400    0.002325
     4.50000    1.590070    0.002415
     5.00000    1.571980    0.003943
     5.50000    1.549600    0.005595
     6.00000    1.514450    0.005292
     6.50000    1.474820    0.005530
     7.00000    1.426390    0.006873
     7.50000    1.341700    0.010152
     8.00000    1.179000    0.080000
     8.20000    1.099710    0.174299
     8.40000    1.049420    0.283574
     8.60000    1.022520    0.402287
     8.80000    1.023970    0.550100
     9.00000    1.111650    0.690516
     9.20000    1.194830    0.764587
     9.40000    1.282460    0.837277
     9.60000    1.391600    0.891191
     9.80000    1.503020    0.906286
    10.00000    1.591460    0.899745
    10.20000    1.670030    0.894592
    10.40000    1.749130    0.883678
    10.60000    1.831280    0.865377
    10.80000    1.915290    0.830937
    11.00000    1.992430    0.774737
    11.20000    2.054980    0.701662
    11.40000    2.096540    0.617208
    11.60000    2.121380    0.526409
    11.80000    2.117260    0.430532
    12.00000    2.091500    0.343929
    12.50000    1.953380    0.222494
    13.00000    1.828130    0.192467
    13.50000    1.734260    0.209341
    14.00000    1.676440    0.237457
    14.50000    1.622530    0.258699
    15.00000    1.556110    0.286465
    15.50000    1.470870    0.332634
    16.00000    1.407740    0.431476
    16.50000    1.383020    0.549423
    17.00000    1.392010    0.662267
    17.50000    1.430800    0.768590
    18.00000    1.490150    0.859168
    18.50000    1.562330    0.923043
    19.00000    1.628610    0.966874
    19.50000    1.685030    1.004350
    20.00000    1.737780    1.049290
    21.00000    1.917910    1.171880
    22.00000    2.173520    1.097130
    23.00000    2.260700    0.958625
    24.00000    2.277060    0.876735
    25.00000    2.284900    0.835082
    26.00000    2.292000    0.814357
    27.00000    2.313730    0.807300
    28.00000    2.339530    0.801926
    29.00000    2.371060    0.796287
    30.00000    2.406380    0.785840
    32.00000    2.475860    0.753022
    34.00000    2.535270    0.706568
    36.00000    2.576780    0.652521
    38.00000    2.604350    0.598526
    40.00000    2.617070    0.552510
    45.00000    2.626870    0.477036
    50.00000    2.639420    0.423418
    55.00000    2.650230    0.380857
    60.00000    2.653620    0.363516
    65.00000    2.661760    0.326641
    70.00000    2.671680    0.304631
    75.00000    2.671220    0.289556
    80.00000    2.686160    0.269921
   100.00000    2.690350    0.22
   200.00000    2.690350    0.11
   500.00000    2.690350    0.044
