482 .False. # Number of lines, conductive flag
# 5 line header for n-k original data
# Periclase MgO - Palik (1985) - (cubic)
#
# wl(um)      n                k
0.01653   0.951   0.070
0.01675   0.952   0.070
0.01698   0.954   0.069
0.01722   0.954   0.069
0.01771   0.952   0.074
0.01823   0.952   0.077
0.01879   0.958   0.076
0.01907   0.962   0.073
0.01937   0.964   0.064
0.01968   0.965   0.063
0.02000   0.960   0.064
0.02033   0.950   0.067
0.02066   0.938   0.071
0.02101   0.925   0.081
0.02138   0.926   0.113
0.02175   0.954   0.117
0.02214   0.964   0.105
0.02254   0.964   0.105
0.02275   0.965   0.104
0.02296   0.966   0.106
0.02339   0.975   0.109
0.02384   0.985   0.094
0.02407   0.981   0.082
0.02431   0.972   0.079
0.02480   0.963   0.084
0.02530   0.960   0.083
0.02583   0.955   0.085
0.02638   0.950   0.084
0.02695   0.943   0.090
0.02755   0.940   0.088
0.02818   0.930   0.094
0.02883   0.926   0.103
0.02952   0.924   0.106
0.03024   0.918   0.113
0.03100   0.915   0.123
0.03179   0.916   0.129
0.03263   0.915   0.133
0.03351   0.912   0.138
0.03444   0.909   0.140
0.03493   0.903   0.143
0.03542   0.898   0.153
0.03647   0.902   0.165
0.03757   0.908   0.169
0.03875   0.913   0.166
0.03936   0.913   0.160
0.03999   0.909   0.153
0.04065   0.901   0.145
0.04133   0.887   0.142
0.04275   0.862   0.142
0.04428   0.830   0.142
0.04509   0.806   0.146
0.04592   0.781   0.155
0.04679   0.754   0.168
0.04769   0.724   0.188
0.04862   0.694   0.221
0.04959   0.677   0.264
0.04979   0.675   0.275
0.04999   0.675   0.287
0.05061   0.689   0.303
0.05102   0.692   0.304
0.05145   0.684   0.309
0.05166   0.680   0.313
0.05188   0.678   0.319
0.05231   0.677   0.325
0.05276   0.669   0.328
0.05321   0.658   0.334
0.05391   0.636   0.348
0.05462   0.612   0.365
0.05510   0.589   0.382
0.05585   0.553   0.423
0.05636   0.531   0.464
0.05687   0.522   0.511
0.05740   0.519   0.507
0.05767   0.522   0.586
0.05794   0.526   0.614
0.05821   0.535   0.642
0.05848   0.550   0.669
0.05876   0.568   0.693
0.05904   0.592   0.716
0.05932   0.624   0.723
0.05961   0.645   0.720
0.05990   0.659   0.723
0.06019   0.676   0.710
0.06048   0.673   0.704
0.06078   0.669   0.704
0.06108   0.661   0.707
0.06138   0.651   0.716
0.06199   0.632   0.752
0.06230   0.625   0.786
0.06262   0.635   0.820
0.06294   0.652   0.847
0.06326   0.670   0.871
0.06358   0.691   0.892
0.06391   0.714   0.911
0.06424   0.743   0.930
0.06458   0.776   0.918
0.06491   0.780   0.929
0.06508   0.792   0.929
0.06525   0.798   0.929
0.06560   0.807   0.935
0.06595   0.817   0.944
0.06630   0.828   0.955
0.06666   0.842   0.969
0.06702   0.859   0.982
0.06757   0.887   0.996
0.06812   0.915   1.007
0.06850   0.931   1.014
0.06888   0.947   1.023
0.06926   0.964   1.034
0.06965   0.984   1.049
0.07005   1.009   1.064
0.07025   1.025   1.074
0.07045   1.046   1.082
0.07085   1.087   1.074
0.07126   1.119   1.081
0.07167   1.166   1.074
0.07208   1.203   1.043
0.07251   1.224   1.023
0.07293   1.241   1.001
0.07315   1.248   1.001
0.07336   1.265   1.000
0.07380   1.301   0.976
0.07424   1.333   0.941
0.07469   1.341   0.883
0.07514   1.344   0.862
0.07560   1.346   0.810
0.07606   1.337   0.774
0.07653   1.301   0.714
0.07701   1.247   0.705
0.07749   1.214   0.724
0.07798   1.195   0.727
0.07847   1.173   0.736
0.07897   1.160   0.760
0.07999   1.149   0.773
0.08051   1.141   0.788
0.08104   1.135   0.798
0.08157   1.131   0.819
0.08211   1.139   0.835
0.08266   1.147   0.841
0.08321   1.149   0.843
0.08377   1.150   0.852
0.08434   1.149   0.847
0.08492   1.137   0.851
0.08551   1.120   0.864
0.08610   1.115   0.883
0.08670   1.110   0.903
0.08731   1.106   0.919
0.08793   1.094   0.929
0.08856   1.065   0.947
0.08920   1.023   0.994
0.08984   0.990   1.087
0.09017   0.984   1.133
0.09050   0.980   1.218
0.09116   1.054   1.350
0.09150   1.111   1.418
0.09184   1.191   1.471
0.09218   1.283   1.499
0.09253   1.374   1.507
0.09287   1.463   1.503
0.09322   1.549   1.479
0.09357   1.632   1.446
0.09393   1.702   1.380
0.09428   1.744   1.312
0.09464   1.768   1.248
0.09501   1.779   1.193
0.09537   1.786   1.147
0.09574   1.789   1.103
0.09611   1.788   1.065
0.09686   1.779   0.997
0.09840   1.745   0.894
0.09919   1.723   0.858
0.1000   1.694   0.824
0.1025   1.603   0.770
0.1033   1.565   0.765
0.1042   1.520   0.767
0.1051   1.473   0.787
0.1064   1.397   0.839
0.1069   1.370   0.890
0.1078   1.371   1.000
0.1088   1.409   1.081
0.1097   1.468   1.161
0.1107   1.555   1.210
0.1112   1.601   1.220
0.1117   1.646   1.230
0.1127   1.735   1.228
0.1137   1.814   1.202
0.1148   1.877   1.166
0.1181   1.999   1.041
0.1216   2.045   0.921
0.1240   2.061   0.867
0.1265   2.074   0.819
0.1278   2.079   0.798
0.1305   2.091   0.761
0.1333   2.103   0.728
0.1378   2.130   0.679
0.1409   2.147   0.642
0.1459   2.160   0.587
0.1512   2.171   0.545
0.1531   2.168   0.532
0.1550   2.154   0.530
0.1560   2.145   0.539
0.1569   2.137   0.558
0.1579   2.127   0.589
0.1583   2.126   0.611
0.1590   2.132   0.651
0.1600   2.180   0.731
0.1610   2.270   0.813
0.1614   2.327   0.851
0.1619   2.389   0.885
0.1623   2.498   0.936
0.1625   2.574   0.949
0.1627   2.665   0.944
0.1629   2.753   0.912
0.1631   2.839   0.866
0.1634   2.922   0.800
0.1636   2.994   0.711
0.1638   3.048   0.600
0.1640   3.061   0.474
0.1642   3.035   0.360
0.1644   2.999   0.272
0.1647   2.944   0.204
0.1649   2.892   0.149
0.1653   2.793 7.6E-02
0.1658   2.701 3.9E-02
0.1664   2.603 1.8E-02
0.1675   2.494  2.E-03
0.1687   2.419 0.000
0.1698   2.363 0.000
0.1703   2.346 1.36E-04
0.1710   2.319 0.000
0.1722   2.281 7.6E-05
0.1726   2.269 6.87E-05
0.1734   2.248 0.000
0.1737   2.241 5.53E-05
0.1746   2.220 0.000
0.1757   2.198 4.19E-05
0.1759   2.196 0.000
0.1771   2.176 3.7E-05
0.1797   2.141 0.000
0.1800   2.138 2.86E-05
0.1823   2.110 0.000
0.1851   2.084 2.00E-05
0.1879   2.060 0.000
0.1907   2.039 1.39E-05
0.1937   2.020 0.000
0.2000   1.986 1.11E-05
0.2066   1.958 1.0E-05
0.2138   1.933 8.5E-06
0.2214   1.911 7.0E-06
0.2254   1.901 6.0E-06
0.2296   1.892 5.0E-06
0.2384   1.874 3.7E-06
0.2436   1.865 3.2E-06
0.2480   1.858 3.1E-06
0.2610   1.840 0.000
0.2755   1.824 0.000
0.2917   1.810 0.000
0.3100   1.798 0.000
0.3306   1.785 0.000
0.3511  1.7768 0.000
0.3556  1.7755 8.5E-07
0.3609  1.7732 5.75E-07
0.36117 1.77318 5.65E-07
0.36502 1.77186 4.9E-07
0.3821  1.7668 2.75E-07
0.3867  1.7655 2.45E-07
0.3934  1.7638 2.2E-07
0.4047 1.76104 1.95E-07
0.4310  1.7557 1.7E-07
0.4358 1.75471 1.65E-07
0.4579  1.7512 1.45E-07
0.4780  1.7483 1.15E-07
0.4861 1.74711 1.0E-07
0.4880  1.7469 9.75E-08
0.5  1.7454 8.25E-08
0.5024  1.7453 8.0E-08
0.5085 1.74446 7.0E-08
0.5145  1.7439 6.55E-08
0.5461 1.74077 0.000
0.5893 1.73737 0.000
0.6328  1.7346 0.000
0.6438 1.73400 0.000
0.6563 1.73335 0.000
0.6678 1.73277 0.000
0.6907 1.73191 0.000
0.7065 1.73101 0.000
0.7679 1.72872 0.000
1.0  1.7229 0.000
1.01398 1.72259 0.000
1.06  1.7217 0.000
1.12866 1.72059 0.000
1.319  1.7177 7.1E-08
1.36728 1.71715 0.000
1.5  1.7153 0.000
1.52952 1.71496 0.000
1.55  1.7147 0.000
1.6932 1.71281 0.000
1.7092 1.71258 0.000
1.81307 1.71108 0.000
1.97009 1.70885 0.000
2.0  1.7085 0.000
2.24929 1.70470 0.000
2.32542 1.70350 0.000
2.5  1.7007 0.000
2.7  1.6973 1.1E-07
2.8  1.6954 0.000
3.0  1.6915 0.000
3.3033 1.68526 0.000
3.333  1.6846 0.000
3.448  1.6820 0.000
3.5  1.6806 0.000
3.5078 1.68055 0.000
3.571  1.6791 0.000
3.704  1.6758 0.000
3.8  1.6734 2.0E-08
3.846  1.6722 0.000
4.0  1.6679 3.7E-08
4.167  1.6634 7.4E-08
4.258 1.66039 1.0E-07
4.348  1.6581 1.5E-07
4.5  1.6533 2.5E-07
4.545  1.6520 2.9E-07
4.762  1.6450 5.8E-07
5.0  1.6373 1.2E-06
5.128  1.6328 1.63E-06
5.208  1.6299 2.0E-06
5.263  1.6278 2.3E-06
5.319  1.6256 2.7E-06
5.376  1.6233 3.1E-06
5.435  1.6210 3.5E-06
5.495  1.6186 4.0E-06
5.555  1.6161 4.6E-06
5.618  1.6135 5.3E-06
5.682  1.6108 6.1E-06
5.747  1.6080 7.1E-06
5.814  1.6051 8.1E-06
5.882  1.6021 9.0E-06
5.952  1.5989 1.1E-05
6.024  1.5957 1.2E-05
6.098  1.5922 1.4E-05
6.172  1.5887 1.6E-05
6.250  1.5849 1.83E-05
6.329  1.5811 2.2E-05
6.410  1.5770 2.5E-05
6.494  1.5727 2.9E-05
6.579  1.5683 3.3E-05
6.667  1.5636 4.60E-05
6.757  1.5510 5.38E-05
6.849  1.5536 5.98E-05
6.944   1.548 7.00E-05
7.042   1.543 7.89E-05
7.143   1.537 8.59E-05
7.246   1.530 9.30E-05
7.352   1.524 1.03E-04
7.463   1.517 1.15E-04
7.576   1.509 1.31E-04
7.692   1.502 1.54E-04
7.812   1.493 1.84E-04
7.936   1.485 2.11E-04
8.065   1.475 2.47E-04
8.197   1.465 2.73E-04
8.333   1.455 3.09E-04
8.475   1.443 3.26E-04
8.621   1.431 3.52E-04
8.772   1.418 4.14E-04
8.929   1.404 5.76E-04
9.091   1.389 6.27E-04
9.259   1.373 8.47E-04
9.434   1.355 1.07E-03
9.524   1.346 1.33E-03
9.615   1.336 1.58E-03
9.709   1.326 1.92E-03
9.804   1.315 2.44E-03
9.901   1.304 3.02E-03
10.00   1.292 3.90E-03
10.10   1.280 4.70E-03
10.20   1.267 5.13E-03
10.31   1.253 4.29E-03
10.42   1.239 3.55E-03
10.53   1.224 3.40E-03
10.64   1.209 3.70E-03
10.75   1.191 4.58E-03
10.87   1.174 5.91E-03
10.99   1.155 7.80E-03
11.11   1.135 1.02E-02
11.24   1.114 1.37E-02
11.36   1.091 1.62E-02
11.49   1.067 1.96E-02
11.63   1.041 2.23E-02
11.70   1.027 2.29E-02
11.76   1.013 2.27E-02
11.90   0.982 2.05E-02
12.05   0.949 1.71E-02
12.20   0.913 1.47E-02
12.27   0.893 1.43E-02
12.35   0.873 1.46E-02
12.50   0.829 1.67E-02
12.66   0.780 2.36E-02
12.82   0.724 2.95E-02
12.99   0.660 3.46E-02
13.33   0.503 4.75E-02
13.51   0.393 9.13E-02
13.70   0.267   0.172
13.89   0.156   0.317
14.08   0.139   0.478
14.29   0.132   0.595
14.49   0.134   0.692
14.71   0.136   0.787
14.93   0.143   0.877
15.15   0.154   0.955
15.38   0.155    1.03
15.63   0.151    1.09
15.87   0.135    1.17
16.13   0.116    1.26
16.39   0.108    1.35
16.67   0.098    1.45
16.95   0.086    1.56
17.24   0.087    1.67
17.54   0.086    1.78
17.86   0.088    1.90
18.18   0.089    2.03
18.52   0.091    2.16
18.87   0.093    2.31
19.23   0.097    2.47
19.61   0.102    2.64
20.00   0.109    2.84
20.41   0.119    3.06
20.83   0.131    3.31
21.28   0.148    3.60
21.74   0.170    3.95
22.22   0.207    4.39
22.73   0.261    4.95
23.26   0.362    5.71
23.81   0.543    6.86
24.39    1.01    8.97
25.00    5.05   15.20
25.64   13.50    4.06
26.32    9.28    1.02
27.03    7.44    0.56
27.78    6.46   0.379
28.57    5.83   0.266
29.41    5.35   0.208
30.30    5.03   0.168
31.25    4.74   0.129
32.26    4.51   0.126
33.33    4.36   0.113
37.04    3.97 2.9E-02
38.46    3.87 2.76E-02
40.00    3.78 2.65E-02
41.67    3.71 2.54E-02
43.47    3.64 2.33E-02
45.46    3.58 2.15E-02
47.62    3.53 2.14E-02
50.00    3.48 2.18E-02
52.63    3.44 2.20E-02
55.56    3.40 2.36E-02
58.82    3.37 2.55E-02
62.50    3.34 2.46E-02
66.67    3.31 2.80E-02
71.43    3.28 2.99E-02
76.92    3.26 3.13E-02
83.33    3.24 3.38E-02
90.91    3.22 3.87E-02
95.24    3.21 4.55E-02
100.0    3.20 3.56E-02
105.2    3.20 2.36E-02
111.1    3.19 1.46E-02
117.6    3.18 6.2E-03
125.0   3.178 4.8E-03
133.3   3.172 3.9E-03
142.9   3.167 3.42E-03
153.8   3.162 3.15E-03
166.7   3.157 2.80E-03
181.8   3.153 2.53E-03
200.0   3.149 2.28E-03
222.2   3.146 2.00E-03
250.0   3.143 1.79E-03
285.7   3.140 1.51E-03
333.3   3.138 1.21E-03
400.0   3.136 9.8E-04
500.0   3.134 7.3E-04
625.0   3.133 5.8E-04
