109 .False. # Number of lines, conductive flag
# 5 line header for n-k original data
# Enstatite MgSiO3 Dorschner et al. (1995) - (Glassy)
# Taken from: http://www.astro.uni-jena.de/Laboratory/OCDB/amsilicates.html
# wl(um)      n                k
0.20000    1.691660    0.000000
0.22000    1.659980    0.000000
0.24000    1.641870    0.000000
0.26000    1.626080    0.000000
0.28000    1.614980    0.000000
0.30000    1.606160    0.000000
0.32000    1.597520    0.000120
0.34000    1.592440    0.000056
0.36000    1.591220    0.000032
0.38000    1.590040    0.000023
0.40000    1.587470    0.000020
0.42000    1.586250    0.000020
0.45000    1.583310    0.000020
0.50000    1.577110    0.000021
0.55000    1.576120    0.000022
0.60000    1.573010    0.000024
0.65000    1.569460    0.000026
0.70000    1.566110    0.000027
0.75000    1.566630    0.000029
0.80000    1.564450    0.000031
0.90000    1.561760    0.000034
1.00000    1.559450    0.000037
1.10000    1.554720    0.000039
1.20000    1.550700    0.000041
1.30000    1.545800    0.000043
1.40000    1.549020    0.000045
1.50000    1.540370    0.000046
1.60000    1.540050    0.000048
1.70000    1.538530    0.000049
1.80000    1.536620    0.000051
1.90000    1.530530    0.000053
2.00000    1.527990    0.000055
2.20000    1.533060    0.000058
2.40000    1.524470    0.000059
2.60000    1.523660    0.000062
2.80000    1.522770    0.000065
3.00000    1.518440    0.000069
3.50000    1.512460    0.000077
4.00000    1.508120    0.000098
4.50000    1.498900    0.000254
5.00000    1.483130    0.001717
5.50000    1.459750    0.002991
6.00000    1.427430    0.003063
6.50000    1.389900    0.003618
7.00000    1.347360    0.004679
7.50000    1.272890    0.007576
8.00000    1.126110    0.080000
8.20000    1.033590    0.172919
8.40000    0.964029    0.282479
8.60000    0.934795    0.405138
8.80000    0.927277    0.537180
9.00000    0.945610    0.683368
9.20000    1.020900    0.838377
9.40000    1.135630    0.969920
9.60000    1.291830    1.063660
9.80000    1.467980    1.107110
10.00000    1.638530    1.089670
10.20000    1.781790    1.036500
10.40000    1.901560    0.963028
10.60000    1.995230    0.880221
10.80000    2.075640    0.781747
11.00000    2.120220    0.664483
11.20000    2.144470    0.550649
11.40000    2.141060    0.439305
11.60000    2.115190    0.325975
11.80000    2.053960    0.233126
12.00000    1.967420    0.172564
12.50000    1.795160    0.156462
13.00000    1.709430    0.180131
13.50000    1.658380    0.191791
14.00000    1.599840    0.202059
14.50000    1.542100    0.207884
15.00000    1.463710    0.227195
15.50000    1.362800    0.288365
16.00000    1.276000    0.400827
16.50000    1.244420    0.540814
17.00000    1.262770    0.687301
17.50000    1.323300    0.812235
18.00000    1.409770    0.913193
18.50000    1.513960    0.978202
19.00000    1.616130    1.013190
19.50000    1.713230    1.023110
20.00000    1.793820    1.016330
21.00000    1.915920    0.976749
22.00000    1.992500    0.935388
23.00000    2.049500    0.904287
24.00000    2.094950    0.884255
25.00000    2.141630    0.866796
26.00000    2.182450    0.847426
27.00000    2.224080    0.831598
28.00000    2.263380    0.812555
29.00000    2.298870    0.795010
30.00000    2.333170    0.773947
32.00000    2.395390    0.726950
34.00000    2.444040    0.672697
36.00000    2.470350    0.618677
38.00000    2.493830    0.572154
40.00000    2.503970    0.531511
45.00000    2.517130    0.462887
50.00000    2.528010    0.416075
55.00000    2.542010    0.377017
60.00000    2.549340    0.349009
65.00000    2.557520    0.317048
70.00000    2.561610    0.300762
75.00000    2.571840    0.281830
80.00000    2.579850    0.255008
100.00000    2.580000    0.200000
200.00000    2.580000    0.100000
500.00000    2.580000    0.040000
