998 .False.
#Refractive index of Na2S[s]; Khachai et al. (2009) J. Phys. Condens. Matter; Vol 21:095404; Montaner et al. (1979) Phys. Status Solidi Appl. Res., Vol. 52:597
#Data points: 998
#
#Wavelength (micron) n  k
4.132806e-02	9.003719e-01	6.390426e-02
4.170889e-02	9.536118e-01	8.101556e-02
4.209323e-02	9.162739e-01	5.272255e-02
4.248110e-02	8.673853e-01	3.148461e-02
4.287256e-02	8.671651e-01	4.099658e-02
4.326761e-02	8.754627e-01	4.662567e-02
4.366631e-02	8.834714e-01	4.797688e-02
4.406869e-02	8.776189e-01	3.969142e-02
4.447477e-02	8.658229e-01	3.154143e-02
4.488459e-02	8.557518e-01	2.660649e-02
4.529819e-02	8.480366e-01	2.325344e-02
4.571560e-02	8.366639e-01	1.814233e-02
4.613686e-02	8.301470e-01	1.828476e-02
4.656200e-02	8.256621e-01	1.838408e-02
4.699105e-02	8.231773e-01	1.843957e-02
4.742406e-02	8.128063e-01	1.308836e-02
4.786106e-02	8.040008e-01	1.323170e-02
4.830209e-02	8.034565e-01	1.889217e-02
4.874718e-02	8.010436e-01	1.894907e-02
4.919637e-02	7.971440e-01	1.904177e-02
4.964971e-02	7.928906e-01	1.914392e-02
5.010721e-02	7.880839e-01	1.926068e-02
5.056894e-02	7.826833e-01	1.939358e-02
5.103492e-02	7.758568e-01	1.956422e-02
5.150519e-02	7.751034e-01	2.544147e-02
5.197980e-02	7.728217e-01	2.551658e-02
5.245878e-02	7.683029e-01	2.566666e-02
5.294217e-02	7.632028e-01	2.583818e-02
5.343002e-02	7.570404e-01	2.604850e-02
5.392236e-02	7.485627e-01	2.634351e-02
5.441924e-02	7.449809e-01	3.293543e-02
5.492070e-02	7.455904e-01	3.873717e-02
5.542678e-02	7.457276e-01	4.101765e-02
5.593752e-02	7.434337e-01	4.074768e-02
5.645297e-02	7.351049e-01	3.715019e-02
5.697317e-02	7.266243e-01	3.758378e-02
5.749817e-02	7.172178e-01	3.807671e-02
5.802800e-02	7.060757e-01	4.023605e-02
5.856271e-02	6.995036e-01	4.979809e-02
5.910235e-02	7.026991e-01	6.279815e-02
5.964696e-02	7.109714e-01	7.034453e-02
6.019659e-02	7.103757e-01	6.602045e-02
6.075129e-02	6.976483e-01	5.908618e-02
6.131109e-02	6.844726e-01	6.022884e-02
6.187606e-02	6.746915e-01	6.508344e-02
6.244623e-02	6.649224e-01	7.040368e-02
6.302166e-02	6.610695e-01	8.103861e-02
6.360238e-02	6.573493e-01	8.781800e-02
6.418846e-02	6.535220e-01	9.498127e-02
6.477994e-02	6.502700e-01	1.030371e-01
6.537687e-02	6.498685e-01	1.113415e-01
6.597930e-02	6.456077e-01	1.157228e-01
6.658728e-02	6.418000e-01	1.221417e-01
6.720087e-02	6.355732e-01	1.282999e-01
6.782011e-02	6.291502e-01	1.378369e-01
6.844505e-02	6.374249e-01	1.552292e-01
6.907575e-02	6.428922e-01	1.582362e-01
6.971227e-02	6.434243e-01	1.593127e-01
7.035465e-02	6.328160e-01	1.556113e-01
7.100295e-02	6.204383e-01	1.609087e-01
7.165722e-02	6.210572e-01	1.730120e-01
7.231752e-02	6.157482e-01	1.729187e-01
7.298391e-02	6.053453e-01	1.751611e-01
7.365644e-02	5.925439e-01	1.801472e-01
7.433516e-02	5.890069e-01	1.905135e-01
7.502014e-02	5.760847e-01	1.897485e-01
7.571143e-02	5.559060e-01	1.943650e-01
7.640909e-02	5.379858e-01	2.063385e-01
7.711318e-02	5.217550e-01	2.216190e-01
7.782376e-02	5.138878e-01	2.410296e-01
7.854088e-02	5.021895e-01	2.553702e-01
7.926462e-02	4.811893e-01	2.751861e-01
7.999502e-02	4.795563e-01	3.131637e-01
8.073215e-02	5.182875e-01	3.459568e-01
8.147608e-02	5.404885e-01	3.429229e-01
8.222686e-02	5.319698e-01	3.323626e-01
8.298455e-02	4.867206e-01	3.314377e-01
8.374923e-02	4.569215e-01	3.657381e-01
8.452096e-02	4.591193e-01	4.043944e-01
8.529980e-02	4.610874e-01	4.294917e-01
8.608581e-02	4.635437e-01	4.546887e-01
8.687907e-02	4.588476e-01	4.806965e-01
8.767964e-02	4.649235e-01	5.128588e-01
8.848758e-02	4.593102e-01	5.431485e-01
8.930297e-02	4.573805e-01	5.916136e-01
9.012588e-02	4.966998e-01	6.475647e-01
9.095636e-02	5.485597e-01	6.908633e-01
9.179450e-02	6.470833e-01	7.254040e-01
9.264036e-02	7.614995e-01	7.184930e-01
9.349402e-02	8.405757e-01	6.693335e-01
9.435554e-02	8.312726e-01	6.041755e-01
9.522500e-02	7.923489e-01	5.824225e-01
9.610248e-02	7.777584e-01	5.934252e-01
9.698803e-02	7.865404e-01	6.050276e-01
9.788175e-02	8.110564e-01	6.065724e-01
9.878371e-02	8.208346e-01	5.898704e-01
9.969397e-02	8.096270e-01	5.725460e-01
1.006126e-01	7.887346e-01	5.658162e-01
1.015397e-01	7.669551e-01	5.703815e-01
1.024754e-01	7.650038e-01	5.834125e-01
1.034197e-01	7.557584e-01	5.848228e-01
1.043727e-01	7.456582e-01	5.929195e-01
1.053344e-01	7.433370e-01	6.030184e-01
1.063051e-01	7.398905e-01	6.060970e-01
1.072846e-01	7.249417e-01	6.074520e-01
1.082732e-01	7.052455e-01	6.161313e-01
1.092710e-01	6.876903e-01	6.312592e-01
1.102779e-01	6.724670e-01	6.488999e-01
1.112940e-01	6.540850e-01	6.695703e-01
1.123196e-01	6.374069e-01	6.995156e-01
1.133546e-01	6.423412e-01	7.361398e-01
1.143991e-01	6.635650e-01	7.595729e-01
1.154533e-01	6.634931e-01	7.686967e-01
1.165171e-01	6.604624e-01	7.883273e-01
1.175908e-01	6.682033e-01	8.090741e-01
1.186744e-01	6.695421e-01	8.213568e-01
1.197679e-01	6.614941e-01	8.343354e-01
1.208716e-01	6.408922e-01	8.540352e-01
1.219854e-01	6.196592e-01	8.878655e-01
1.231094e-01	6.052609e-01	9.327606e-01
1.242438e-01	6.053645e-01	9.840774e-01
1.253887e-01	6.191675e-01	1.034667e+00
1.265441e-01	6.462645e-01	1.080313e+00
1.277102e-01	6.787927e-01	1.117140e+00
1.288870e-01	7.158053e-01	1.146316e+00
1.300747e-01	7.455913e-01	1.168092e+00
1.312733e-01	7.670549e-01	1.190902e+00
1.324829e-01	7.927779e-01	1.215765e+00
1.337037e-01	8.040936e-01	1.239113e+00
1.349358e-01	8.110343e-01	1.276006e+00
1.361792e-01	8.275396e-01	1.324723e+00
1.374340e-01	8.558331e-01	1.378624e+00
1.387004e-01	8.957406e-01	1.437250e+00
1.399785e-01	9.727689e-01	1.489968e+00
1.412684e-01	1.025363e+00	1.525983e+00
1.425701e-01	1.111065e+00	1.575409e+00
1.438839e-01	1.188084e+00	1.612019e+00
1.452097e-01	1.305455e+00	1.658698e+00
1.465478e-01	1.463817e+00	1.675217e+00
1.478982e-01	1.626428e+00	1.635807e+00
1.492611e-01	1.693900e+00	1.551545e+00
1.506365e-01	1.723822e+00	1.514862e+00
1.520245e-01	1.788720e+00	1.518398e+00
1.534254e-01	1.930043e+00	1.508246e+00
1.548392e-01	2.038817e+00	1.410115e+00
1.562660e-01	2.057229e+00	1.282641e+00
1.577059e-01	2.043398e+00	1.189118e+00
1.591591e-01	1.983493e+00	1.100459e+00
1.606257e-01	1.904095e+00	1.057083e+00
1.621059e-01	1.834876e+00	1.054430e+00
1.635996e-01	1.783755e+00	1.077339e+00
1.651072e-01	1.743323e+00	1.123171e+00
1.666286e-01	1.770918e+00	1.207293e+00
1.681640e-01	1.834507e+00	1.264631e+00
1.697136e-01	1.959658e+00	1.310798e+00
1.712775e-01	2.076625e+00	1.285622e+00
1.728557e-01	2.180992e+00	1.235213e+00
1.744486e-01	2.253840e+00	1.147043e+00
1.760561e-01	2.272688e+00	1.037258e+00
1.776784e-01	2.245191e+00	9.376121e-01
1.793156e-01	2.192365e+00	8.645191e-01
1.809680e-01	2.139589e+00	8.216949e-01
1.826355e-01	2.090461e+00	7.932438e-01
1.843185e-01	2.057990e+00	7.817439e-01
1.860169e-01	2.040638e+00	7.622419e-01
1.877310e-01	1.986948e+00	7.153866e-01
1.894609e-01	1.915823e+00	7.061364e-01
1.912067e-01	1.851787e+00	7.255727e-01
1.929687e-01	1.796432e+00	7.675646e-01
1.947468e-01	1.786302e+00	8.449611e-01
1.965414e-01	1.814436e+00	9.065709e-01
1.983524e-01	1.864809e+00	9.474963e-01
2.001802e-01	1.907455e+00	9.579787e-01
2.020248e-01	1.940763e+00	9.635794e-01
2.038864e-01	1.963907e+00	9.655349e-01
2.057652e-01	1.982906e+00	9.748946e-01
2.076612e-01	2.017206e+00	9.945228e-01
2.095748e-01	2.054715e+00	1.001229e+00
2.115060e-01	2.095980e+00	1.007667e+00
2.134549e-01	2.137503e+00	1.007662e+00
2.154219e-01	2.185601e+00	1.007771e+00
2.174069e-01	2.233648e+00	9.973709e-01
2.194103e-01	2.285063e+00	9.846609e-01
2.214321e-01	2.337564e+00	9.620019e-01
2.234725e-01	2.396092e+00	9.308064e-01
2.255317e-01	2.432746e+00	8.718994e-01
2.276100e-01	2.456985e+00	8.220821e-01
2.297073e-01	2.482004e+00	7.719583e-01
2.318240e-01	2.497833e+00	7.079629e-01
2.339602e-01	2.495388e+00	6.367722e-01
2.361161e-01	2.467168e+00	5.661179e-01
2.382918e-01	2.436192e+00	5.218475e-01
2.404876e-01	2.399720e+00	4.773604e-01
2.427037e-01	2.363912e+00	4.519842e-01
2.449401e-01	2.336114e+00	4.346130e-01
2.471972e-01	2.313602e+00	4.191391e-01
2.494750e-01	2.294442e+00	4.054096e-01
2.517739e-01	2.276875e+00	3.921845e-01
2.540939e-01	2.263328e+00	3.821789e-01
2.564353e-01	2.249349e+00	3.673672e-01
2.587983e-01	2.233707e+00	3.556852e-01
2.611831e-01	2.219794e+00	3.472845e-01
2.635898e-01	2.207985e+00	3.395165e-01
2.660187e-01	2.197663e+00	3.322572e-01
2.684700e-01	2.188387e+00	3.248539e-01
2.709439e-01	2.179509e+00	3.175112e-01
2.734405e-01	2.171133e+00	3.106845e-01
2.759602e-01	2.163434e+00	3.044773e-01
2.785031e-01	2.156719e+00	2.984605e-01
2.810695e-01	2.150566e+00	2.923770e-01
2.836594e-01	2.144810e+00	2.863391e-01
2.862733e-01	2.139315e+00	2.803913e-01
2.889112e-01	2.134418e+00	2.745423e-01
2.915734e-01	2.130049e+00	2.691183e-01
2.942602e-01	2.126220e+00	2.637540e-01
2.969718e-01	2.123304e+00	2.578825e-01
2.997083e-01	2.120224e+00	2.511671e-01
3.024700e-01	2.116840e+00	2.442650e-01
3.052572e-01	2.113670e+00	2.374862e-01
3.080700e-01	2.110343e+00	2.308141e-01
3.109088e-01	2.107272e+00	2.241470e-01
3.137738e-01	2.104274e+00	2.174542e-01
3.166651e-01	2.101315e+00	2.106914e-01
3.195831e-01	2.098604e+00	2.037946e-01
3.225280e-01	2.095934e+00	1.967468e-01
3.255000e-01	2.093282e+00	1.895171e-01
3.284994e-01	2.090703e+00	1.820741e-01
3.315264e-01	2.088034e+00	1.744123e-01
3.345813e-01	2.085173e+00	1.665273e-01
3.376644e-01	2.082323e+00	1.583984e-01
3.407759e-01	2.079198e+00	1.500530e-01
3.439161e-01	2.075675e+00	1.415127e-01
3.470851e-01	2.071916e+00	1.327892e-01
3.502834e-01	2.068023e+00	1.239106e-01
3.535112e-01	2.063597e+00	1.149450e-01
3.567687e-01	2.058855e+00	1.059317e-01
3.600563e-01	2.053984e+00	9.692326e-02
3.633741e-01	2.049764e+00	8.795751e-02
3.667225e-01	2.042678e+00	7.458575e-02
3.701017e-01	2.033048e+00	6.491043e-02
3.735121e-01	2.022275e+00	5.534087e-02
3.769539e-01	2.011568e+00	4.921041e-02
3.804275e-01	1.999923e+00	4.236644e-02
3.839330e-01	1.989131e+00	4.017661e-02
3.874708e-01	1.980981e+00	3.857485e-02
3.910413e-01	1.973795e+00	3.554044e-02
3.946446e-01	1.965828e+00	3.193545e-02
3.982812e-01	1.957090e+00	2.948753e-02
4.019512e-01	1.949925e+00	2.944205e-02
4.056551e-01	1.943914e+00	2.776770e-02
4.093931e-01	1.937204e+00	2.581708e-02
4.131655e-01	1.931032e+00	2.545847e-02
4.169727e-01	1.925623e+00	2.435540e-02
4.208150e-01	1.920041e+00	2.308533e-02
4.246927e-01	1.914249e+00	2.216193e-02
4.286062e-01	1.908966e+00	2.222326e-02
4.325557e-01	1.904763e+00	2.227230e-02
4.365415e-01	1.900397e+00	2.099414e-02
4.405642e-01	1.895694e+00	2.077059e-02
4.446238e-01	1.891679e+00	2.081467e-02
4.487209e-01	1.888556e+00	2.084909e-02
4.528558e-01	1.884990e+00	1.915674e-02
4.570287e-01	1.880727e+00	1.852153e-02
4.612401e-01	1.877047e+00	1.855784e-02
4.654903e-01	1.874315e+00	1.858489e-02
4.697797e-01	1.871061e+00	1.677372e-02
4.741086e-01	1.866915e+00	1.622634e-02
4.784774e-01	1.863293e+00	1.625788e-02
4.828864e-01	1.860069e+00	1.628606e-02
4.873361e-01	1.857064e+00	1.631241e-02
4.918267e-01	1.854331e+00	1.633646e-02
4.963588e-01	1.851661e+00	1.636001e-02
5.009326e-01	1.849201e+00	1.638178e-02
5.055486e-01	1.847283e+00	1.639060e-02
5.102071e-01	1.844779e+00	1.495994e-02
5.149085e-01	1.841784e+00	1.482763e-02
5.196532e-01	1.839165e+00	1.484875e-02
5.244417e-01	1.836832e+00	1.486760e-02
5.292743e-01	1.834646e+00	1.488532e-02
5.341514e-01	1.832595e+00	1.490198e-02
5.390735e-01	1.830650e+00	1.491781e-02
5.440409e-01	1.828929e+00	1.493185e-02
5.490541e-01	1.827737e+00	1.494159e-02
5.541135e-01	1.825932e+00	1.342835e-02
5.592195e-01	1.823410e+00	1.248542e-02
5.643725e-01	1.820899e+00	1.250028e-02
5.695731e-01	1.818931e+00	1.251143e-02
5.748215e-01	1.816859e+00	1.252330e-02
5.801184e-01	1.814986e+00	1.253379e-02
5.854640e-01	1.813214e+00	1.254360e-02
5.908589e-01	1.811564e+00	1.255255e-02
5.963035e-01	1.809832e+00	1.256206e-02
6.017983e-01	1.808233e+00	1.257065e-02
6.073437e-01	1.806670e+00	1.257898e-02
6.129402e-01	1.805150e+00	1.258700e-02
6.185883e-01	1.803690e+00	1.259460e-02
6.242884e-01	1.802257e+00	1.260199e-02
6.300411e-01	1.800938e+00	1.260857e-02
6.358467e-01	1.799586e+00	1.261537e-02
6.417059e-01	1.798334e+00	1.262146e-02
6.476190e-01	1.797023e+00	1.262795e-02
6.535867e-01	1.795830e+00	1.263359e-02
6.596093e-01	1.794832e+00	1.263784e-02
6.656874e-01	1.793414e+00	1.264503e-02
6.718215e-01	1.792324e+00	1.264990e-02
6.780122e-01	1.791258e+00	1.265457e-02
6.842599e-01	1.790180e+00	1.265931e-02
6.905652e-01	1.789160e+00	1.266363e-02
6.969285e-01	1.788141e+00	1.266791e-02
7.033505e-01	1.787157e+00	1.267193e-02
7.098317e-01	1.786200e+00	1.267572e-02
7.163726e-01	1.785251e+00	1.267945e-02
7.229738e-01	1.784323e+00	1.268300e-02
7.296358e-01	1.783427e+00	1.268629e-02
7.363592e-01	1.782540e+00	1.268950e-02
7.431446e-01	1.781729e+00	1.269215e-02
7.499925e-01	1.780881e+00	1.269503e-02
7.569035e-01	1.780083e+00	1.269754e-02
7.638781e-01	1.779272e+00	1.270011e-02
7.709170e-01	1.778475e+00	1.270256e-02
7.780208e-01	1.777702e+00	1.270481e-02
7.851901e-01	1.776962e+00	1.270679e-02
7.924254e-01	1.776198e+00	1.270892e-02
7.997274e-01	1.775494e+00	1.271059e-02
8.070967e-01	1.774812e+00	1.271208e-02
8.145339e-01	1.774061e+00	1.271403e-02
8.220396e-01	1.773473e+00	1.271478e-02
8.296144e-01	1.772795e+00	1.271616e-02
8.372591e-01	1.772189e+00	1.271698e-02
8.449742e-01	1.771582e+00	1.271779e-02
8.527604e-01	1.770954e+00	1.271872e-02
8.606184e-01	1.770360e+00	1.271936e-02
8.685488e-01	1.769773e+00	1.271993e-02
8.765522e-01	1.769227e+00	1.272017e-02
8.846294e-01	1.768754e+00	1.271985e-02
8.927810e-01	1.768230e+00	1.271987e-02
9.010078e-01	1.767661e+00	1.272018e-02
9.093103e-01	1.767196e+00	1.271972e-02
9.176894e-01	1.766745e+00	1.271911e-02
9.261456e-01	1.766287e+00	1.271853e-02
9.346798e-01	1.765845e+00	1.271778e-02
9.432926e-01	1.765368e+00	1.271727e-02
9.519848e-01	1.764935e+00	1.271640e-02
9.607571e-01	1.764442e+00	1.271593e-02
9.696102e-01	1.764077e+00	1.271450e-02
9.785449e-01	1.763636e+00	1.271358e-02
9.875620e-01	1.763248e+00	1.271224e-02
9.966621e-01	1.762832e+00	1.271107e-02
1.005846e+00	1.762316e+00	1.271059e-02
1.015115e+00	1.762006e+00	1.270858e-02
1.024469e+00	1.761643e+00	1.270692e-02
1.033909e+00	1.761262e+00	1.270535e-02
1.043436e+00	1.760910e+00	1.270353e-02
1.053051e+00	1.760587e+00	1.270147e-02
1.062755e+00	1.760222e+00	1.269967e-02
1.072548e+00	1.759840e+00	1.269795e-02
1.082431e+00	1.759552e+00	1.269552e-02
1.092405e+00	1.759230e+00	1.269330e-02
1.102471e+00	1.758929e+00	1.269088e-02
1.112630e+00	1.758622e+00	1.268847e-02
1.122883e+00	1.758299e+00	1.268613e-02
1.133230e+00	1.759830e+00	1.267038e-02
1.143672e+00	1.757819e+00	1.268013e-02
1.154211e+00	1.757578e+00	1.267708e-02
1.164847e+00	1.757330e+00	1.267403e-02
1.175581e+00	1.757080e+00	1.267096e-02
1.186413e+00	1.756826e+00	1.266788e-02
1.197346e+00	1.756599e+00	1.266456e-02
1.208379e+00	1.756229e+00	1.266222e-02
1.219514e+00	1.756092e+00	1.265817e-02
1.230751e+00	1.755863e+00	1.265473e-02
1.242092e+00	1.755623e+00	1.265133e-02
1.253538e+00	1.755323e+00	1.264831e-02
1.265089e+00	1.755080e+00	1.264485e-02
1.276746e+00	1.754896e+00	1.264091e-02
1.288511e+00	1.754654e+00	1.263734e-02
1.300385e+00	1.754510e+00	1.263303e-02
1.312367e+00	1.754268e+00	1.262936e-02
1.324460e+00	1.754143e+00	1.262482e-02
1.336665e+00	1.753944e+00	1.262076e-02
1.348982e+00	1.753813e+00	1.261617e-02
1.361412e+00	1.753600e+00	1.261211e-02
1.373958e+00	1.753486e+00	1.260730e-02
1.386618e+00	1.753341e+00	1.260266e-02
1.399395e+00	1.753184e+00	1.259806e-02
1.412291e+00	1.753018e+00	1.259348e-02
1.425304e+00	1.752917e+00	1.258838e-02
1.438438e+00	1.752694e+00	1.258411e-02
1.451693e+00	1.752530e+00	1.257936e-02
1.465070e+00	1.752404e+00	1.257429e-02
1.478570e+00	1.752178e+00	1.256989e-02
1.492195e+00	1.752076e+00	1.256455e-02
1.505945e+00	1.751950e+00	1.255933e-02
1.519822e+00	1.751792e+00	1.255429e-02
1.533827e+00	1.751648e+00	1.254909e-02
1.547960e+00	1.751565e+00	1.254341e-02
1.562225e+00	1.751497e+00	1.253756e-02
1.576620e+00	1.751366e+00	1.253212e-02
1.591148e+00	1.751269e+00	1.252638e-02
1.605810e+00	1.751158e+00	1.252068e-02
1.620607e+00	1.751005e+00	1.251523e-02
1.635541e+00	1.750919e+00	1.250925e-02
1.650612e+00	1.750788e+00	1.250354e-02
1.665822e+00	1.750675e+00	1.249763e-02
1.681172e+00	1.750597e+00	1.249143e-02
1.696663e+00	1.750485e+00	1.248541e-02
1.712298e+00	1.750415e+00	1.247904e-02
1.728076e+00	1.750425e+00	1.247204e-02
1.744000e+00	1.750045e+00	1.246776e-02
1.760070e+00	1.750167e+00	1.245985e-02
1.776289e+00	1.750076e+00	1.245340e-02
1.792657e+00	1.749922e+00	1.244734e-02
1.809176e+00	1.749907e+00	1.244022e-02
1.825847e+00	1.749867e+00	1.243324e-02
1.842672e+00	1.749743e+00	1.242678e-02
1.859651e+00	1.749678e+00	1.241985e-02
1.876787e+00	1.749644e+00	1.241264e-02
1.894082e+00	1.749571e+00	1.240564e-02
1.911535e+00	1.749536e+00	1.239832e-02
1.929149e+00	1.749444e+00	1.239134e-02
1.946926e+00	1.749345e+00	1.238434e-02
1.964866e+00	1.749248e+00	1.237727e-02
1.982972e+00	1.749188e+00	1.236987e-02
2.001245e+00	1.749205e+00	1.236187e-02
2.019685e+00	1.749234e+00	1.235371e-02
2.038296e+00	1.749185e+00	1.234605e-02
2.057079e+00	1.748998e+00	1.233930e-02
2.076034e+00	1.748869e+00	1.233207e-02
2.095164e+00	1.748880e+00	1.232379e-02
2.114471e+00	1.748786e+00	1.231619e-02
2.133955e+00	1.748797e+00	1.230778e-02
2.153619e+00	1.748835e+00	1.229911e-02
2.173464e+00	1.748926e+00	1.229000e-02
2.193492e+00	1.748656e+00	1.228337e-02
2.213704e+00	1.748601e+00	1.227516e-02
2.234103e+00	1.748633e+00	1.226626e-02
2.254689e+00	1.748670e+00	1.225728e-02
2.275466e+00	1.748666e+00	1.224850e-02
2.296434e+00	1.748403e+00	1.224147e-02
2.317595e+00	1.748446e+00	1.223223e-02
2.338951e+00	1.748450e+00	1.222319e-02
2.360503e+00	1.748331e+00	1.221494e-02
2.382255e+00	1.748241e+00	1.220642e-02
2.404207e+00	1.748329e+00	1.219658e-02
2.426361e+00	1.748080e+00	1.218902e-02
2.448719e+00	1.748185e+00	1.217893e-02
2.471283e+00	1.748126e+00	1.216990e-02
2.494056e+00	1.748163e+00	1.216013e-02
2.517038e+00	1.748148e+00	1.215065e-02
2.540231e+00	1.747997e+00	1.214205e-02
2.563639e+00	1.748195e+00	1.213095e-02
2.587262e+00	1.748165e+00	1.212135e-02
2.611103e+00	1.747857e+00	1.211360e-02
2.635164e+00	1.747934e+00	1.210311e-02
2.659446e+00	1.747832e+00	1.209379e-02
2.683952e+00	1.747864e+00	1.208346e-02
2.708684e+00	1.747887e+00	1.207312e-02
2.733644e+00	1.747920e+00	1.206263e-02
2.758834e+00	1.747765e+00	1.205337e-02
2.784256e+00	1.747755e+00	1.204302e-02
2.809912e+00	1.747783e+00	1.203234e-02
2.835804e+00	1.747677e+00	1.202249e-02
2.861936e+00	1.747614e+00	1.201228e-02
2.888308e+00	1.747536e+00	1.200209e-02
2.914923e+00	1.747600e+00	1.199084e-02
2.941783e+00	1.747858e+00	1.197818e-02
2.968890e+00	1.747842e+00	1.196732e-02
2.996248e+00	1.747409e+00	1.195923e-02
3.023858e+00	1.747449e+00	1.194783e-02
3.051722e+00	1.747466e+00	1.193649e-02
3.079842e+00	1.747386e+00	1.192574e-02
3.108222e+00	1.747308e+00	1.191490e-02
3.136864e+00	1.747402e+00	1.190279e-02
3.165769e+00	1.747401e+00	1.189125e-02
3.194941e+00	1.747222e+00	1.188084e-02
3.224381e+00	1.747262e+00	1.186885e-02
3.254093e+00	1.747293e+00	1.185685e-02
3.284079e+00	1.747185e+00	1.184569e-02
3.314341e+00	1.747133e+00	1.183407e-02
3.344882e+00	1.747186e+00	1.182166e-02
3.375704e+00	1.747443e+00	1.180778e-02
3.406810e+00	1.747013e+00	1.179845e-02
3.438203e+00	1.746947e+00	1.178659e-02
3.469885e+00	1.746904e+00	1.177447e-02
3.501859e+00	1.746960e+00	1.176160e-02
3.534128e+00	1.746934e+00	1.174920e-02
3.566694e+00	1.746861e+00	1.173701e-02
3.599560e+00	1.746724e+00	1.172518e-02
3.632729e+00	1.746695e+00	1.171253e-02
3.666203e+00	1.746693e+00	1.169960e-02
3.699987e+00	1.746633e+00	1.168697e-02
3.734081e+00	1.746631e+00	1.167387e-02
3.768489e+00	1.746570e+00	1.166106e-02
3.803215e+00	1.746488e+00	1.164831e-02
3.838261e+00	1.746395e+00	1.163553e-02
3.873629e+00	1.746906e+00	1.161865e-02
3.909324e+00	1.746282e+00	1.160922e-02
3.945347e+00	1.746229e+00	1.159590e-02
3.981702e+00	1.746231e+00	1.158213e-02
4.018393e+00	1.746124e+00	1.156898e-02
4.055421e+00	1.746047e+00	1.155553e-02
4.092791e+00	1.746036e+00	1.154155e-02
4.130505e+00	1.745962e+00	1.152791e-02
4.168566e+00	1.745978e+00	1.151357e-02
4.206978e+00	1.745858e+00	1.150003e-02
4.245745e+00	1.745723e+00	1.148649e-02
4.284868e+00	1.745734e+00	1.147189e-02
4.324352e+00	1.745673e+00	1.145767e-02
4.364200e+00	1.746122e+00	1.144002e-02
4.404415e+00	1.745527e+00	1.142911e-02
4.445000e+00	1.745409e+00	1.141497e-02
4.485960e+00	1.745293e+00	1.140072e-02
4.527297e+00	1.745345e+00	1.138528e-02
4.569014e+00	1.745170e+00	1.137121e-02
4.611117e+00	1.745028e+00	1.135684e-02
4.653607e+00	1.744999e+00	1.134163e-02
4.696489e+00	1.744913e+00	1.132669e-02
4.739765e+00	1.744814e+00	1.131173e-02
4.783441e+00	1.744892e+00	1.129553e-02
4.827519e+00	1.744623e+00	1.128148e-02
4.872004e+00	1.744541e+00	1.126611e-02
4.916898e+00	1.744369e+00	1.125122e-02
4.962206e+00	1.744256e+00	1.123585e-02
5.007931e+00	1.744156e+00	1.122030e-02
5.054078e+00	1.744258e+00	1.120335e-02
5.100650e+00	1.743908e+00	1.118920e-02
5.147651e+00	1.743807e+00	1.117334e-02
5.195085e+00	1.743695e+00	1.115746e-02
5.242956e+00	1.743618e+00	1.114124e-02
5.291269e+00	1.743769e+00	1.112348e-02
5.340027e+00	1.743379e+00	1.110906e-02
5.389233e+00	1.743156e+00	1.109347e-02
5.438894e+00	1.743125e+00	1.107656e-02
5.489012e+00	1.742933e+00	1.106056e-02
5.539592e+00	1.742711e+00	1.104465e-02
5.590637e+00	1.742701e+00	1.102729e-02
5.642154e+00	1.742465e+00	1.101126e-02
5.694145e+00	1.742297e+00	1.099470e-02
5.746615e+00	1.742157e+00	1.097786e-02
5.799568e+00	1.742003e+00	1.096100e-02
5.853010e+00	1.741905e+00	1.094367e-02
5.906943e+00	1.741669e+00	1.092712e-02
5.961374e+00	1.741481e+00	1.091015e-02
6.016307e+00	1.741514e+00	1.089170e-02
6.071746e+00	1.741131e+00	1.087575e-02
6.127695e+00	1.740976e+00	1.085827e-02
6.184160e+00	1.740807e+00	1.084077e-02
6.241145e+00	1.740528e+00	1.082384e-02
6.298656e+00	1.740314e+00	1.080641e-02
6.356696e+00	1.740171e+00	1.078843e-02
6.415272e+00	1.739912e+00	1.077106e-02
6.474387e+00	1.739630e+00	1.075373e-02
6.534046e+00	1.739461e+00	1.073560e-02
6.594256e+00	1.739333e+00	1.071710e-02
6.655020e+00	1.738914e+00	1.070030e-02
6.716344e+00	1.738816e+00	1.068141e-02
6.778234e+00	1.738437e+00	1.066414e-02
6.840693e+00	1.738288e+00	1.064536e-02
6.903729e+00	1.737983e+00	1.062742e-02
6.967345e+00	1.737718e+00	1.060915e-02
7.031547e+00	1.737455e+00	1.059074e-02
7.096341e+00	1.737175e+00	1.057234e-02
7.161731e+00	1.736974e+00	1.055335e-02
7.227725e+00	1.736589e+00	1.053537e-02
7.294326e+00	1.733332e+00	1.053471e-02
7.361542e+00	1.735969e+00	1.049819e-02
7.429376e+00	1.735682e+00	1.047930e-02
7.497836e+00	1.735411e+00	1.046022e-02
7.566927e+00	1.735017e+00	1.044176e-02
7.636654e+00	1.734749e+00	1.042245e-02
7.707024e+00	1.734390e+00	1.040358e-02
7.778042e+00	1.734021e+00	1.038466e-02
7.849714e+00	1.733694e+00	1.036539e-02
7.922047e+00	1.733311e+00	1.034635e-02
7.995047e+00	1.733000e+00	1.032678e-02
8.068719e+00	1.732557e+00	1.030788e-02
8.143070e+00	1.732158e+00	1.028863e-02
8.218106e+00	1.731796e+00	1.026905e-02
8.293834e+00	1.731296e+00	1.025018e-02
8.370260e+00	1.731012e+00	1.022994e-02
8.447389e+00	1.730527e+00	1.021079e-02
8.525230e+00	1.730155e+00	1.019086e-02
8.603787e+00	1.729594e+00	1.017194e-02
8.683069e+00	1.729174e+00	1.015210e-02
8.763081e+00	1.728691e+00	1.013252e-02
8.843831e+00	1.728267e+00	1.011250e-02
8.925324e+00	1.727673e+00	1.009336e-02
9.007569e+00	1.727245e+00	1.007317e-02
9.090571e+00	1.726643e+00	1.005388e-02
9.174338e+00	1.726180e+00	1.003369e-02
9.258877e+00	1.725665e+00	1.001371e-02
9.344195e+00	1.725099e+00	9.993916e-03
9.430300e+00	1.724397e+00	9.974816e-03
9.517197e+00	1.723893e+00	9.954477e-03
9.604896e+00	1.723345e+00	9.934292e-03
9.693402e+00	1.722760e+00	9.914222e-03
9.782724e+00	1.722162e+00	9.894137e-03
9.872870e+00	1.721520e+00	9.874208e-03
9.963845e+00	1.720922e+00	9.853928e-03
1.005566e+01	1.720211e+00	9.834211e-03
1.014832e+01	1.719675e+00	9.813391e-03
1.024183e+01	1.718557e+00	9.795801e-03
1.033621e+01	1.717834e+00	9.775867e-03
1.043145e+01	1.717126e+00	9.755752e-03
1.052758e+01	1.716372e+00	9.735811e-03
1.062459e+01	1.715909e+00	9.714129e-03
1.072249e+01	1.715152e+00	9.694027e-03
1.082129e+01	1.714296e+00	9.674392e-03
1.092101e+01	1.713622e+00	9.653645e-03
1.102164e+01	1.712753e+00	9.633912e-03
1.112321e+01	1.711756e+00	9.614808e-03
1.122570e+01	1.711109e+00	9.593651e-03
1.132914e+01	1.710181e+00	9.573988e-03
1.143354e+01	1.709256e+00	9.554224e-03
1.153890e+01	1.708362e+00	9.534204e-03
1.164522e+01	1.707454e+00	9.514181e-03
1.175253e+01	1.706394e+00	9.494918e-03
1.186083e+01	1.705443e+00	9.474969e-03
1.197012e+01	1.704431e+00	9.455281e-03
1.208042e+01	1.703408e+00	9.435576e-03
1.219174e+01	1.702398e+00	9.415720e-03
1.230409e+01	1.701278e+00	9.396391e-03
1.241746e+01	1.700197e+00	9.376777e-03
1.253189e+01	1.698991e+00	9.357769e-03
1.264737e+01	1.697891e+00	9.338109e-03
1.276391e+01	1.696689e+00	9.318940e-03
1.288152e+01	1.695521e+00	9.299505e-03
1.300022e+01	1.694210e+00	9.280784e-03
1.312002e+01	1.692974e+00	9.261584e-03
1.324092e+01	1.691630e+00	9.242909e-03
1.336293e+01	1.690420e+00	9.223434e-03
1.348606e+01	1.688960e+00	9.205250e-03
1.361033e+01	1.687540e+00	9.186789e-03
1.373575e+01	1.686198e+00	9.167834e-03
1.386232e+01	1.684641e+00	9.149990e-03
1.399006e+01	1.683172e+00	9.131602e-03
1.411897e+01	1.681636e+00	9.113520e-03
1.424907e+01	1.680006e+00	9.095889e-03
1.438038e+01	1.678479e+00	9.077640e-03
1.451289e+01	1.676811e+00	9.060098e-03
1.464662e+01	1.674686e+00	9.044972e-03
1.478158e+01	1.672962e+00	9.027622e-03
1.491779e+01	1.671177e+00	9.010548e-03
1.505526e+01	1.669343e+00	8.993692e-03
1.519399e+01	1.667826e+00	8.975076e-03
1.533400e+01	1.666083e+00	8.957633e-03
1.547529e+01	1.663974e+00	8.942115e-03
1.561789e+01	1.661995e+00	8.925853e-03
1.576181e+01	1.659951e+00	8.909895e-03
1.590705e+01	1.657857e+00	8.894171e-03
1.605363e+01	1.655647e+00	8.879024e-03
1.620156e+01	1.653416e+00	8.863959e-03
1.635085e+01	1.651071e+00	8.849467e-03
1.650152e+01	1.648703e+00	8.835067e-03
1.665358e+01	1.646422e+00	8.820170e-03
1.680704e+01	1.644009e+00	8.805949e-03
1.696191e+01	1.641751e+00	8.790876e-03
1.711821e+01	1.638788e+00	8.779553e-03
1.727595e+01	1.636076e+00	8.766868e-03
1.743514e+01	1.633355e+00	8.754212e-03
1.759580e+01	1.630504e+00	8.742235e-03
1.775794e+01	1.627610e+00	8.730474e-03
1.792158e+01	1.625239e+00	8.715900e-03
1.808672e+01	1.621498e+00	8.708666e-03
1.825338e+01	1.618469e+00	8.697611e-03
1.842158e+01	1.615236e+00	8.687649e-03
1.859133e+01	1.611798e+00	8.678798e-03
1.876265e+01	1.608358e+00	8.669958e-03
1.893554e+01	1.604742e+00	8.662083e-03
1.911003e+01	1.601205e+00	8.653798e-03
1.928612e+01	1.597496e+00	8.646458e-03
1.946384e+01	1.593608e+00	8.640113e-03
1.964319e+01	1.589657e+00	8.634142e-03
1.982420e+01	1.585555e+00	8.629018e-03
2.000687e+01	1.581507e+00	8.623649e-03
2.019123e+01	1.576979e+00	8.620945e-03
2.037729e+01	1.572502e+00	8.618013e-03
2.056506e+01	1.567920e+00	8.615719e-03
2.075456e+01	1.563208e+00	8.614212e-03
2.094581e+01	1.558548e+00	8.612490e-03
2.113882e+01	1.553126e+00	8.615069e-03
2.133361e+01	1.547855e+00	8.616912e-03
2.153019e+01	1.542438e+00	8.619684e-03
2.172858e+01	1.536829e+00	8.623646e-03
2.192881e+01	1.531040e+00	8.628747e-03
2.213088e+01	1.525028e+00	8.635262e-03
2.233481e+01	1.518900e+00	8.642594e-03
2.254061e+01	1.512322e+00	8.652669e-03
2.274832e+01	1.505604e+00	8.663764e-03
2.295794e+01	1.498731e+00	8.675967e-03
2.316949e+01	1.491505e+00	8.690465e-03
2.338299e+01	1.484129e+00	8.706112e-03
2.359846e+01	1.476326e+00	8.724573e-03
2.381591e+01	1.468300e+00	8.744692e-03
2.403537e+01	1.459916e+00	8.767324e-03
2.425685e+01	1.451195e+00	8.792406e-03
2.448037e+01	1.442150e+00	8.819921e-03
2.470595e+01	1.432693e+00	8.850485e-03
2.493361e+01	1.422821e+00	8.884204e-03
2.516337e+01	1.412489e+00	8.921467e-03
2.539524e+01	1.401432e+00	8.964087e-03
2.562925e+01	1.390341e+00	9.007775e-03
2.586542e+01	1.378534e+00	9.057046e-03
2.610376e+01	1.366165e+00	9.111109e-03
2.634430e+01	1.353239e+00	9.170127e-03
2.658706e+01	1.339594e+00	9.235427e-03
2.683205e+01	1.325262e+00	9.307102e-03
2.707930e+01	1.310010e+00	9.387153e-03
2.732883e+01	1.293923e+00	9.475402e-03
2.758065e+01	1.276953e+00	9.572732e-03
2.783480e+01	1.258922e+00	9.681054e-03
2.809129e+01	1.239687e+00	9.802286e-03
2.835015e+01	1.219397e+00	9.936176e-03
2.861139e+01	1.197295e+00	1.009010e-02
2.887503e+01	1.173741e+00	1.026276e-02
2.914111e+01	1.148211e+00	1.046075e-02
2.940963e+01	1.120424e+00	1.068953e-02
2.968064e+01	1.090004e+00	1.095665e-02
2.995414e+01	1.056175e+00	1.127570e-02
3.023016e+01	1.017858e+00	1.166742e-02
3.050872e+01	9.705775e-01	1.220180e-02
3.067485e+01	9.369319e-01	1.965238e-02
3.076923e+01	9.184986e-01	2.621180e-02
3.086420e+01	9.009773e-01	3.300645e-02
3.095975e+01	8.837105e-01	4.005906e-02
3.105590e+01	8.665991e-01	4.738428e-02
3.115265e+01	8.493356e-01	5.501445e-02
3.125000e+01	8.320385e-01	6.284048e-02
3.134796e+01	8.153141e-01	7.078199e-02
3.144654e+01	7.964066e-01	7.927276e-02
3.154574e+01	7.781229e-01	8.810587e-02
3.164557e+01	7.593099e-01	9.743195e-02
3.174603e+01	7.401858e-01	1.072769e-01
3.184713e+01	7.204746e-01	1.177400e-01
3.194888e+01	7.004231e-01	1.288543e-01
3.205128e+01	6.797764e-01	1.406106e-01
3.215434e+01	6.588855e-01	1.531462e-01
3.225806e+01	6.364644e-01	1.669031e-01
3.236246e+01	6.143324e-01	1.815792e-01
3.246753e+01	5.911872e-01	1.976905e-01
3.257329e+01	5.677733e-01	2.152165e-01
3.267974e+01	5.437752e-01	2.345019e-01
3.278689e+01	5.197674e-01	2.555728e-01
3.289474e+01	4.957521e-01	2.791046e-01
3.300330e+01	4.724974e-01	3.048256e-01
3.311258e+01	4.505282e-01	3.322586e-01
3.322259e+01	4.291871e-01	3.619736e-01
3.333333e+01	4.097563e-01	3.929578e-01
3.344482e+01	3.920041e-01	4.251984e-01
3.355705e+01	3.757312e-01	4.586844e-01
3.367003e+01	3.614309e-01	4.924997e-01
3.378378e+01	3.484593e-01	5.270837e-01
3.389831e+01	3.370467e-01	5.617315e-01
3.401361e+01	3.267189e-01	5.968197e-01
3.412969e+01	3.175162e-01	6.319516e-01
3.424658e+01	3.091254e-01	6.674230e-01
3.436426e+01	3.012792e-01	7.035998e-01
3.448276e+01	2.934103e-01	7.417687e-01
3.460208e+01	2.906765e-01	7.828356e-01
3.472222e+01	2.920472e-01	8.222588e-01
3.484321e+01	2.943763e-01	8.585097e-01
3.496503e+01	2.970427e-01	8.931758e-01
3.508772e+01	2.999429e-01	9.265025e-01
3.521127e+01	3.029866e-01	9.587370e-01
3.533569e+01	3.062132e-01	9.897384e-01
3.546099e+01	3.073351e-01	1.019487e+00
3.558719e+01	3.080051e-01	1.050051e+00
3.571429e+01	3.084638e-01	1.081223e+00
3.584229e+01	3.087702e-01	1.112850e+00
3.597122e+01	3.088893e-01	1.145109e+00
3.610108e+01	3.087998e-01	1.178138e+00
3.623188e+01	3.083596e-01	1.212564e+00
3.636364e+01	3.072679e-01	1.249733e+00
3.649635e+01	3.107119e-01	1.290223e+00
3.663004e+01	3.176851e-01	1.329421e+00
3.676471e+01	3.246778e-01	1.366853e+00
3.690037e+01	3.314802e-01	1.403513e+00
3.703704e+01	3.378769e-01	1.440425e+00
3.717472e+01	3.436321e-01	1.478721e+00
3.731343e+01	3.527575e-01	1.519083e+00
3.745318e+01	3.631196e-01	1.558123e+00
3.759398e+01	3.731464e-01	1.596431e+00
3.773585e+01	3.824079e-01	1.636002e+00
3.787879e+01	3.945712e-01	1.677341e+00
3.802281e+01	4.093748e-01	1.717764e+00
3.816794e+01	4.240027e-01	1.756093e+00
3.831418e+01	4.382120e-01	1.793577e+00
3.846154e+01	4.520366e-01	1.830262e+00
3.861004e+01	4.632345e-01	1.866488e+00
3.875969e+01	4.716739e-01	1.903478e+00
3.891051e+01	4.770119e-01	1.951776e+00
3.906250e+01	4.968796e-01	2.004876e+00
3.921569e+01	5.171244e-01	2.053423e+00
3.937008e+01	5.433785e-01	2.101093e+00
3.952569e+01	5.697374e-01	2.142275e+00
3.968254e+01	5.899157e-01	2.180358e+00
3.984064e+01	6.086621e-01	2.221135e+00
4.000000e+01	6.261060e-01	2.264175e+00
4.016064e+01	6.414484e-01	2.312434e+00
4.032258e+01	6.634781e-01	2.367992e+00
4.048583e+01	6.934164e-01	2.423552e+00
4.065041e+01	7.230576e-01	2.475528e+00
4.081633e+01	7.517511e-01	2.530093e+00
4.098361e+01	7.908749e-01	2.587514e+00
4.115226e+01	8.303159e-01	2.638514e+00
4.132231e+01	8.689492e-01	2.687384e+00
4.149378e+01	9.063009e-01	2.735957e+00
4.166667e+01	9.417115e-01	2.786416e+00
4.184100e+01	9.725606e-01	2.847803e+00
4.201681e+01	1.036187e+00	2.920104e+00
4.219409e+01	1.102320e+00	2.968471e+00
4.237288e+01	1.160347e+00	3.002990e+00
4.255319e+01	1.209036e+00	3.032167e+00
4.273504e+01	1.243733e+00	3.063680e+00
4.291845e+01	1.277713e+00	3.108162e+00
4.310345e+01	1.308262e+00	3.163492e+00
4.329004e+01	1.351658e+00	3.232740e+00
4.347826e+01	1.380866e+00	3.318109e+00
4.366812e+01	1.495055e+00	3.426488e+00
4.385965e+01	1.551165e+00	3.481503e+00
4.405286e+01	1.682739e+00	3.573619e+00
4.424779e+01	1.771906e+00	3.597432e+00
4.444444e+01	1.852953e+00	3.640112e+00
4.464286e+01	1.926748e+00	3.698441e+00
4.484305e+01	2.036237e+00	3.781458e+00
4.504505e+01	2.164280e+00	3.848023e+00
4.524887e+01	2.291750e+00	3.908400e+00
4.545455e+01	2.498833e+00	3.964261e+00
4.566210e+01	2.646571e+00	3.914190e+00
4.587156e+01	2.773701e+00	3.882666e+00
4.608295e+01	2.885384e+00	3.861570e+00
4.629630e+01	3.019768e+00	3.869542e+00
4.651163e+01	3.193296e+00	3.869506e+00
4.672897e+01	3.378778e+00	3.826415e+00
4.694836e+01	3.574653e+00	3.751547e+00
4.716981e+01	3.766422e+00	3.634238e+00
4.739336e+01	3.946543e+00	3.489216e+00
4.761905e+01	4.137321e+00	3.331814e+00
4.784689e+01	4.346181e+00	3.135637e+00
4.807692e+01	4.676306e+00	2.859677e+00
4.830918e+01	4.723892e+00	2.213674e+00
4.854369e+01	4.562258e+00	1.850716e+00
4.878049e+01	4.434518e+00	1.712996e+00
4.901961e+01	4.342688e+00	1.565123e+00
4.926108e+01	4.254921e+00	1.466572e+00
4.950495e+01	4.225688e+00	1.413035e+00
4.975124e+01	4.214395e+00	1.282489e+00
5.000000e+01	4.163154e+00	1.146592e+00
5.025126e+01	4.105797e+00	1.059496e+00
5.050505e+01	4.037950e+00	9.594685e-01
5.076142e+01	3.970551e+00	9.102317e-01
5.102041e+01	3.925677e+00	8.569752e-01
5.128205e+01	3.866936e+00	7.828697e-01
5.154639e+01	3.802548e+00	7.536883e-01
5.181347e+01	3.756392e+00	7.264718e-01
5.208333e+01	3.714385e+00	6.924900e-01
5.235602e+01	3.673613e+00	6.674337e-01
5.263158e+01	3.640357e+00	6.452468e-01
5.291005e+01	3.613629e+00	6.196614e-01
5.319149e+01	3.586382e+00	5.882163e-01
5.347594e+01	3.557145e+00	5.614555e-01
5.376344e+01	3.529763e+00	5.366408e-01
5.405405e+01	3.503215e+00	5.113160e-01
5.434783e+01	3.476295e+00	4.877448e-01
5.464481e+01	3.450497e+00	4.666476e-01
5.494505e+01	3.425472e+00	4.451318e-01
5.524862e+01	3.400932e+00	4.257438e-01
5.555556e+01	3.377167e+00	4.060435e-01
5.586592e+01	3.351586e+00	3.862731e-01
5.617978e+01	3.325245e+00	3.718882e-01
5.649718e+01	3.300932e+00	3.592669e-01
5.681818e+01	3.277675e+00	3.473580e-01
5.714286e+01	3.255999e+00	3.380400e-01
5.747126e+01	3.236684e+00	3.283575e-01
5.780347e+01	3.218271e+00	3.184695e-01
5.813953e+01	3.201014e+00	3.096419e-01
5.847953e+01	3.185650e+00	3.005849e-01
5.882353e+01	3.171531e+00	2.901538e-01
5.917160e+01	3.156826e+00	2.784788e-01
5.952381e+01	3.141695e+00	2.687034e-01
5.988024e+01	3.127509e+00	2.590315e-01
6.024096e+01	3.113954e+00	2.492209e-01
6.060606e+01	3.100979e+00	2.392799e-01
6.097561e+01	3.088011e+00	2.283535e-01
6.134969e+01	3.074447e+00	2.170438e-01
6.172840e+01	3.058639e+00	2.057846e-01
6.211180e+01	3.040779e+00	1.982088e-01
6.250000e+01	3.024457e+00	1.951570e-01
6.289308e+01	3.011867e+00	1.918340e-01
6.329114e+01	3.002820e+00	1.873862e-01
6.369427e+01	2.994210e+00	1.767000e-01
6.410256e+01	2.981146e+00	1.662003e-01
6.451613e+01	2.965892e+00	1.603745e-01
6.493506e+01	2.952136e+00	1.568994e-01
6.535948e+01	2.940250e+00	1.532941e-01
6.578947e+01	2.929425e+00	1.493977e-01
6.622517e+01	2.919194e+00	1.450337e-01
6.666667e+01	2.909201e+00	1.406275e-01
6.711409e+01	2.899479e+00	1.361781e-01
6.756757e+01	2.889935e+00	1.316908e-01
6.802721e+01	2.880270e+00	1.271790e-01
6.849315e+01	2.870547e+00	1.234515e-01
6.896552e+01	2.861437e+00	1.203692e-01
6.944444e+01	2.853222e+00	1.172305e-01
6.993007e+01	2.846201e+00	1.140258e-01
7.042254e+01	2.840407e+00	1.093606e-01
7.092199e+01	2.834292e+00	1.025228e-01
7.142857e+01	2.826693e+00	9.570576e-02
7.194245e+01	2.817685e+00	8.889633e-02
7.246377e+01	2.806654e+00	8.337639e-02
7.299270e+01	2.795683e+00	8.149677e-02
7.352941e+01	2.786164e+00	7.956083e-02
7.407407e+01	2.777354e+00	7.759184e-02
7.462687e+01	2.768997e+00	7.559793e-02
7.518797e+01	2.760958e+00	7.358347e-02
7.575758e+01	2.753059e+00	7.155360e-02
7.633588e+01	2.745277e+00	6.989361e-02
7.692308e+01	2.737833e+00	6.845596e-02
7.751938e+01	2.730818e+00	6.699992e-02
7.812500e+01	2.724107e+00	6.552907e-02
7.874016e+01	2.717654e+00	6.404490e-02
7.936508e+01	2.711444e+00	6.254801e-02
8.000000e+01	2.705455e+00	6.103928e-02
8.064516e+01	2.699697e+00	5.951878e-02
8.130081e+01	2.694211e+00	5.798592e-02
8.196721e+01	2.688996e+00	5.625997e-02
8.264463e+01	2.683914e+00	5.432791e-02
8.333333e+01	2.678840e+00	5.238836e-02
8.403361e+01	2.673808e+00	5.044064e-02
8.474576e+01	2.668858e+00	4.848411e-02
8.547009e+01	2.663948e+00	4.651960e-02
8.620690e+01	2.659088e+00	4.454701e-02
8.695652e+01	2.654146e+00	4.257109e-02
8.771930e+01	2.649190e+00	4.096856e-02
8.849558e+01	2.644492e+00	3.935618e-02
8.928571e+01	2.639933e+00	3.773609e-02
9.009009e+01	2.635505e+00	3.610858e-02
9.090909e+01	2.631192e+00	3.447409e-02
9.174312e+01	2.626979e+00	3.283299e-02
9.259259e+01	2.622871e+00	3.118537e-02
9.345794e+01	2.618909e+00	2.953092e-02
9.433962e+01	2.615171e+00	2.786909e-02
9.523810e+01	2.611564e+00	2.586286e-02
9.615385e+01	2.607885e+00	2.380132e-02
9.708738e+01	2.604182e+00	2.173415e-02
9.803922e+01	2.600431e+00	1.966147e-02
9.900990e+01	2.596641e+00	1.758306e-02
1.000000e+02	2.592839e+00	1.549864e-02
1.010101e+02	2.588954e+00	1.340853e-02
1.020408e+02	2.584939e+00	1.142662e-02
1.030928e+02	2.580843e+00	9.611853e-03
1.041667e+02	2.576822e+00	7.791088e-03
1.052632e+02	2.572756e+00	5.964735e-03
1.063830e+02	2.568580e+00	4.132780e-03
1.075269e+02	2.564280e+00	2.294968e-03
1.086957e+02	2.558789e+00	4.511916e-04
1.098901e+02	2.552867e+00	4.277026e-04
1.111111e+02	2.547963e+00	4.063032e-04
1.123596e+02	2.543412e+00	3.868773e-04
1.136364e+02	2.539121e+00	3.692335e-04
1.149425e+02	2.535014e+00	3.532002e-04
1.162791e+02	2.531057e+00	3.386206e-04
1.176471e+02	2.527251e+00	3.253512e-04
1.190476e+02	2.523586e+00	3.132667e-04
1.204819e+02	2.520030e+00	3.022587e-04
1.219512e+02	2.516609e+00	2.922243e-04
1.234568e+02	2.513214e+00	2.830873e-04
1.250000e+02	2.509980e+00	2.747524e-04
1.265823e+02	2.506802e+00	2.671605e-04
1.282051e+02	2.503694e+00	2.602468e-04
1.298701e+02	2.500721e+00	2.539476e-04
1.315789e+02	2.497789e+00	2.482211e-04
1.333333e+02	2.494935e+00	2.430175e-04
1.351351e+02	2.492176e+00	2.382935e-04
1.369863e+02	2.489443e+00	2.340182e-04
1.388889e+02	2.486808e+00	2.301501e-04
1.408451e+02	2.484229e+00	2.266621e-04
1.428571e+02	2.481722e+00	2.235240e-04
1.449275e+02	2.479271e+00	2.207116e-04
1.470588e+02	2.476824e+00	2.182052e-04
1.492537e+02	2.474532e+00	2.159693e-04
1.515152e+02	2.472245e+00	2.139966e-04
1.538462e+02	2.470007e+00	2.122639e-04
1.562500e+02	2.467838e+00	2.107517e-04
1.587302e+02	2.465702e+00	2.094465e-04
1.612903e+02	2.463635e+00	2.083287e-04
1.639344e+02	2.461602e+00	2.073867e-04
1.666667e+02	2.459632e+00	2.066037e-04
1.694915e+02	2.457697e+00	2.059676e-04
1.724138e+02	2.455821e+00	2.054637e-04
1.754386e+02	2.453971e+00	2.050812e-04
1.785714e+02	2.452143e+00	2.048082e-04
1.818182e+02	2.450436e+00	2.046238e-04
1.851852e+02	2.448707e+00	2.045277e-04
1.886792e+02	2.447063e+00	2.044990e-04
1.923077e+02	2.445408e+00	2.045336e-04
1.960784e+02	2.443836e+00	2.046115e-04
2.000000e+02	2.442292e+00	2.047257e-04
