557 .False. # Number of lines, conductive flag
# 5 line header for n-k original data
# Sodium Chloride Salt NaCl -  Palik (1985), Querry (1987) - (cubic NaCl)
# Taken from:
# wl(um)      n                k
0.04769    0.83    0.15
0.04842    0.82    0.17
0.04880    0.83    0.17
0.04919    0.83    0.18
0.04959    0.83    0.18
0.04979    0.82    0.18
0.05019    0.82    0.18
0.05101    0.81    0.21
0.05144    0.81    0.22
0.05166    0.82    0.23
0.05187    0.82    0.23
0.05209    0.83    0.24
0.05298    0.85    0.23
0.05320    0.85    0.22
0.05343    0.85    0.21
0.05366    0.83    0.21
0.05391    0.82    0.21
0.05437    0.80    0.23
0.05485    0.79    0.26
0.05510    0.80    0.27
0.05559    0.81    0.29
0.05584    0.82    0.30
0.05636    0.83    0.31
0.05661    0.84    0.32
0.05687    0.85    0.32
0.05766    0.87    0.32
0.05875    0.88    0.31
0.05931    0.88    0.30
0.05960    0.88    0.30
0.06018    0.88    0.30
0.06048    0.87    0.31
0.06137    0.87    0.33
0.06168    0.88    0.33
0.06199    0.88    0.34
0.06230    0.89    0.34
0.06261    0.91    0.34
0.06325    0.92    0.32
0.06358    0.92    0.31
0.06390    0.91    0.30
0.06423    0.90    0.29
0.06457    0.88    0.29
0.06490    0.87    0.30
0.06559    0.86    0.33
0.06594    0.86    0.34
0.06629    0.87    0.35
0.06666    0.88    0.35
0.06702    0.89    0.35
0.06737    0.90    0.35
0.06774    0.90    0.34
0.06811    0.90    0.33
0.06888    0.89    0.33
0.07085    0.85    0.33
0.07166    0.84    0.34
0.07250    0.82    0.36
0.07293    0.82    0.37
0.07335    0.82    0.38
0.07379    0.82    0.38
0.07423    0.82    0.38
0.07514    0.80    0.38
0.07559    0.79    0.39
0.07601    0.77    0.40
0.07652    0.74    0.43
0.07700    0.74    0.45
0.07797    0.74    0.49
0.07896    0.74    0.53
0.07999    0.75    0.57
0.08050    0.76    0.59
0.08103    0.76    0.60
0.08156    0.77    0.62
0.08320    0.77    0.67
0.08376    0.76    0.71
0.08433    0.78    0.75
0.08460    0.79    0.77
0.08491    0.81    0.78
 0.08520    0.82    0.79
0.08551    0.84    0.80
 0.08570    0.85    0.81
0.08609    0.86    0.82
0.08669    0.88    0.84
 0.08700    0.89    0.85
0.08730    0.91    0.86
0.08792    0.94    0.88
0.08856    0.98    0.89
0.08919    1.02    0.90
0.08983    1.06    0.90
0.09049    1.10    0.89
0.09184    1.16    0.85
 0.09255  1.096   0.916
 0.09322    1.20    0.81
 0.09390 1.197   0.868
0.09464    1.21    0.74
 0.09500     1.169   0.759
0.09537    1.19    0.71
 0.09574    1.17    0.70
 0.09587     1.104   0.765
 0.09611    1.16    0.70
 0.09626     1.088   0.794
 0.09648    1.14    0.71
0.09686    1.12    0.71
 0.09712     1.083   0.834
0.09762    1.10    0.75
 0.09802     1.082   0.896
 0.09840    1.10    0.81
 0.09879    1.14    0.83
 0.09907     1.119   0.967
 0.09958    1.15    0.84
 0.09998    1.17    0.85
  0.1003     1.197    1.02
  0.1004    1.19    0.85
  0.1007     1.230    1.02
  0.1008    1.21    0.85
  0.1016    1.24    0.83
  0.1025    1.24    0.79
  0.1025     1.320   0.940
 0.1033    1.22    0.79
  0.1034     1.290   0.921
  0.1040     1.272   0.931
  0.1042    1.20    0.79
  0.1047     1.234   0.937
  0.1051    1.16    0.80
  0.1052     1.209   0.987
  0.1058     1.204    1.05
  0.1060    1.12    0.86
  0.1064    1.10    0.89
0.1065     1.219    1.14
0.1069    1.07    0.96
0.1071     1.255   1.205
0.1073    1.09    1.06
0.1077     1.338    1.28
0.1078    1.15    1.14
0.1082     1.422    1.34
0.1083    1.24    1.19
0.1085     1.491    1.36
0.1088    1.32    1.21
0.1090     1.588    1.35
0.1092    1.40    1.23
0.1095     1.682    1.34
0.1097    1.49    1.22
0.1102    1.809    1.29
0.1104     1.864    1.27
0.1107    1.918    1.21
0.1117    1.75    1.04
0.1119     2.002    1.02
0.1124     2.003   0.938
0.1127    1.82    0.93
0.1133     1.990   0.834
0.1137    1.82    0.78
0.1146     1.975   0.706
0.1151     1.947   0.650
0.1161     1.873   0.569
0.1166     1.821   0.543
0.1170    1.67    0.56
0.1175     1.730   0.546
0.1181    1.707   0.563
0.1186    1.54    0.54
0.1189     1.654   0.575
0.1192    1.51    0.56
0.1198    1.637   0.623
0.1205     1.637   0.645
0.1216     1.640   0.673
0.1221    1.50    0.70
0.1224     1.664   0.694
0.1227    1.52    0.71
0.1230     1.673   0.687
0.1232    1.54    0.71
0.1240    1.678   0.697
0.1251     1.711   0.715
0.1262     1.742   0.700
0.1265    1.59    0.70
 0.1271     1.751   0.681
 0.1283     1.764   0.670
0.1291    1.63    0.68
 0.1293     1.770   0.658
 0.1297     1.779   0.655
 0.1300     1.776   0.647
 0.1313     1.787   0.623
0.1319    1.65    0.65
 0.1325     1.780   0.617
 0.1345     1.792   0.597
0.1348    1.66    0.63
 0.1363     1.791   0.585
0.1378    1.67    0.60
 0.1386     1.804   0.564
0.1393    1.66    0.59
 0.1394     1.792   0.549
 0.1402     1.789   0.552
0.1409    1.66    0.60
 0.1413     1.789   0.546
0.1417    1.66    0.59
0.1425    1.66    0.59
 0.1433     1.776   0.529
0.1442     1.765   0.521
 0.1450     1.749   0.534
0.1459    1.64    0.58
 0.1460     1.745   0.539
0.1467     1.746   0.539
 0.1474     1.735   0.531
0.1476    1.63    0.58
 0.1482     1.719   0.531
0.1485    1.61    0.57
 0.1489     1.695   0.534
0.1494    1.59    0.58
 0.1496     1.682   0.542
 0.1500     1.665   0.542
0.1503    1.55    0.58
 0.1505  1.638   0.550
0.1512   1.604   0.567
 0.1517  1.547   0.598
0.1521    1.44    0.65
 0.1525  1.483   0.691
0.1531    1.38    0.74
 0.1532  1.461   0.784
0.1534   1.451   0.829
 0.1538  1.446   0.878
0.1540    1.33    0.89
 0.1542   1.470   0.974
0.1544    1.34    0.99
 0.1545  1.490    1.01
0.1550    1.38    1.10
0.1554    1.550    1.20
0.1560    1.51    1.29
0.1563    1.727    1.40
 0.1566  1.809    1.45
0.1569   1.929    1.51
 0.1572  2.025    1.53
0.1573    1.84    1.46
 0.1577   2.206    1.52
0.1579    2.00    1.49
0.1583    2.12    1.49
 0.1589   2.563    1.45
0.1594    2.695    1.39
 0.1596  2.778    1.37
0.1600   2.911    1.31
 0.1602  3.019    1.21
0.1604    3.078    1.12
 0.1608   3.161   0.991
0.1610    2.91    1.05
 0.1613  3.252   0.737
0.1621   3.180   0.383
 0.1628  3.019   0.151
0.1631    2.974   0.126
 0.1634  2.902 8.67E-2
 0.1638  2.827 2.76E-2
0.1722    2.17 2.02E-6
 0.1743 2.081 4.43E-7
        0.2200 1.660 0.000
        0.2400 1.709 0.000
        0.2600 1.683 0.000
        0.2800 1.644 0.000
        0.3000 1.625 0.000
        0.3200 1.614 0.000
        0.3400 1.606 0.000
        0.3600 1.596 0.000
        0.3800 1.589 0.000
        0.4000 1.583 0.000
        0.4200 1.575 0.000
        0.4400 1.569 0.000
        0.4600 1.564 0.000
        0.4800 1.559 0.000
        0.5000 1.554 0.000
        0.5200 1.552 0.000
        0.5400 1.550 0.000
        0.5600 1.547 0.000
        0.5800 1.545 0.000
        0.6000 1.544 0.000
        0.6200 1.543 0.000
        0.6400 1.542 0.000
        0.6600 1.542 0.000
        0.6800 1.541 0.000
        0.7000 1.540 0.000
        0.7200 1.540 0.000
        0.7400 1.540 0.000
        0.7600 1.541 0.000
        0.7800 1.541 0.000
        0.8000 1.542 0.000
        0.8200 1.543 0.000
        0.8400 1.543 0.000
        0.8600 1.543 0.000
        0.8800 1.542 0.000
        0.9000 1.542 0.000
        0.9200 1.542 0.000
        0.9400 1.542 0.000
        0.9600 1.542 0.000
        0.9800 1.542 0.000
        1.0000 1.542 0.000
        1.0200 1.543 0.000
        1.0400 1.543 0.000
        1.0600 1.543 0.000
        1.0800 1.543 0.000
        1.1000 1.543 0.000
        1.1200 1.543 0.000
        1.1400 1.542 0.000
        1.1600 1.542 0.000
        1.1800 1.542 0.000
        1.2000 1.542 0.000
        1.2200 1.542 0.000
        1.2400 1.542 0.000
        1.2600 1.541 0.000
        1.2800 1.541 0.000
        1.3000 1.541 0.000
        1.3200 1.540 0.000
        1.3400 1.540 0.000
        1.3600 1.540 0.000
        1.3800 1.539 0.000
        1.4000 1.539 0.000
        1.4200 1.539 0.000
        1.4400 1.539 0.000
        1.4600 1.538 0.000
        1.4800 1.538 0.000
        1.5000 1.538 0.000
        1.5200 1.538 0.000
        1.5400 1.537 0.000
        1.5600 1.537 0.000
        1.5800 1.537 0.000
        1.6000 1.537 0.000
        1.6200 1.537 0.000
        1.6400 1.537 0.000
        1.6600 1.537 0.000
        1.6800 1.536 0.000
        1.7000 1.536 0.000
        1.7200 1.536 0.000
        1.7400 1.536 0.000
        1.7600 1.536 0.000
        1.7800 1.536 0.000
        1.8000 1.536 0.000
        1.8200 1.536 0.000
        1.8400 1.536 0.000
        1.8600 1.535 0.000
        1.8800 1.535 0.000
        1.9000 1.535 0.000
        1.9200 1.535 0.000
        1.9400 1.535 0.000
        1.9600 1.535 0.000
        1.9800 1.534 0.000
        2.0000 1.534 0.000
        2.0200 1.534 0.000
        2.0400 1.534 0.000
        2.0600 1.534 0.000
        2.0800 1.534 0.000
        2.1000 1.534 0.000
        2.1200 1.533 0.000
        2.1400 1.533 0.000
        2.1600 1.533 0.000
        2.1800 1.533 0.000
        2.2000 1.532 0.000
        2.2200 1.533 0.000
        2.2400 1.533 0.000
        2.2600 1.533 0.000
        2.2800 1.533 0.000
        2.3000 1.533 0.000
        2.3200 1.533 0.000
        2.3400 1.533 0.000
        2.3600 1.532 0.000
        2.3800 1.532 0.000
        2.4000 1.532 0.000
        2.4200 1.532 0.000
        2.4400 1.532 0.000
        2.4600 1.532 0.000
        2.4800 1.532 0.000
        2.5000 1.533 0.000
        2.5126 1.533 0.000
        2.5253 1.533 0.000
        2.5381 1.533 0.000
        2.5510 1.533 0.000
        2.5641 1.533 0.000
        2.5773 1.533 0.000
        2.5907 1.533 0.000
        2.6042 1.533 0.000
        2.6178 1.533 0.000
        2.6316 1.533 0.000
        2.6455 1.533 0.000
        2.6596 1.533 0.000
        2.6738 1.533 0.000
        2.6882 1.533 0.000
        2.7027 1.533 0.000
        2.7174 1.533 0.000
        2.7322 1.533 0.000
        2.7473 1.533 0.000
        2.7624 1.533 0.000
        2.7778 1.534 0.000
        2.7933 1.534 0.000
        2.8090 1.534 0.000
        2.8249 1.534 0.000
        2.8409 1.534 0.000
        2.8571 1.534 0.000
        2.8736 1.534 0.000
        2.8902 1.534 0.000
        2.9070 1.534 0.000
        2.9240 1.534 0.000
        2.9412 1.534 0.000
        2.9586 1.534 0.000
        2.9762 1.534 0.000
        2.9940 1.534 0.000
        3.0120 1.534 0.000
        3.0303 1.534 0.000
        3.0488 1.534 0.000
        3.0675 1.534 0.000
        3.0864 1.534 0.000
        3.1056 1.534 0.000
        3.1250 1.534 0.000
        3.1447 1.534 0.000
        3.1646 1.534 0.000
        3.1847 1.534 0.000
        3.2051 1.533 0.000
        3.2258 1.533 0.000
        3.2468 1.533 0.000
        3.2680 1.533 0.000
        3.2895 1.533 0.000
        3.3113 1.532 0.000
        3.3333 1.532 0.000
        3.3557 1.532 0.000
        3.3784 1.532 0.000
        3.4014 1.532 0.000
        3.4247 1.532 0.000
        3.4483 1.531 0.000
        3.4722 1.531 0.000
        3.4965 1.531 0.000
        3.5211 1.531 0.000
        3.5461 1.531 0.000
        3.5714 1.531 0.000
        3.5971 1.530 0.000
        3.6232 1.530 0.000
        3.6496 1.530 0.000
        3.6765 1.530 0.000
        3.7037 1.530 0.000
        3.7313 1.530 0.000
        3.7594 1.530 0.000
        3.7879 1.530 0.000
        3.8168 1.530 0.000
        3.8462 1.529 0.000
        3.8760 1.529 0.000
        3.9063 1.529 0.000
        3.9370 1.529 0.000
        3.9683 1.529 0.000
        4.0000 1.529 0.000
        4.0323 1.529 0.000
        4.0650 1.529 0.000
        4.0984 1.529 0.000
        4.1322 1.529 0.000
        4.1667 1.529 0.000
        4.2017 1.528 0.000
        4.2373 1.528 0.000
        4.2735 1.528 0.000
        4.3103 1.528 0.000
        4.3478 1.527 0.000
        4.3860 1.527 0.000
        4.4248 1.527 0.000
        4.4643 1.527 0.000
        4.5045 1.527 0.000
        4.5455 1.526 0.000
        4.5872 1.526 0.000
        4.6296 1.526 0.000
        4.6729 1.526 0.000
        4.7170 1.525 0.000
        4.7619 1.525 0.000
        4.8077 1.525 0.000
        4.8544 1.524 0.000
        4.9020 1.524 0.000
        4.9505 1.524 0.000
        5.0000 1.524 0.000
        5.0505 1.523 0.000
        5.1020 1.523 0.000
        5.1546 1.523 0.000
        5.2083 1.522 0.000
        5.2632 1.522 0.000
        5.3191 1.522 0.000
        5.3763 1.521 0.000
        5.4348 1.521 0.000
        5.4945 1.521 0.000
        5.5556 1.521 0.000
        5.6180 1.520 0.000
        5.6818 1.520 0.000
        5.7471 1.520 0.000
        5.8140 1.519 0.000
        5.8824 1.519 0.000
        5.9524 1.519 0.000
        6.0241 1.519 0.000
        6.0976 1.518 0.000
        6.1728 1.518 0.000
        6.2500 1.518 0.000
        6.3291 1.517 0.000
        6.4103 1.517 0.000
        6.4935 1.517 0.000
        6.5789 1.516 0.000
        6.6667 1.516 0.000
        6.7568 1.516 0.000
        6.8493 1.516 0.000
        6.9444 1.515 0.000
        7.0423 1.515 0.000
        7.1429 1.514 0.000
        7.2464 1.514 0.000
        7.3529 1.514 0.000
        7.4627 1.513 0.000
        7.5758 1.513 0.000
        7.6923 1.512 0.000
        7.8125 1.512 0.000
        7.9365 1.511 0.000
        8.0645 1.511 0.000
        8.1967 1.510 0.000
        8.3333 1.510 0.000
        8.4746 1.509 0.000
        8.6207 1.509 0.000
        8.7719 1.508 0.000
        8.9286 1.507 0.000
        9.0909 1.506 0.000
        9.2593 1.505 0.000
        9.4340 1.504 0.000
        9.6154 1.503 0.000
        9.8039 1.501 0.000
        10.0000 1.500 0.000
        10.2041 1.498 0.000
        10.4167 1.497 0.000
        10.6383 1.495 0.000
        10.8696 1.493 0.000
        11.1111 1.490 0.000
        11.3636 1.488 0.000
        11.6279 1.486 0.000
        11.9048 1.483 0.000
        12.1951 1.480 0.000
        12.5000 1.478 0.000
        12.8205 1.474 0.000
        13.1579 1.471 0.000
        13.5135 1.468 0.000
        13.8889 1.464 0.000
        14.2857 1.460 0.000
        14.7059 1.455 0.000
        15.1515 1.451 0.000
        15.6250 1.446 0.000
        16.1290 1.441 0.000
        16.6667 1.435 0.000
        17.2414 1.428 0.000
        17.8571 1.417 0.001
        18.5185 1.406 0.003
        19.2308 1.396 0.006
        20.0000 1.386 0.005
        20.8333 1.371 0.004
        21.7391 1.352 0.003
        22.7273 1.330 0.002
        23.8095 1.302 0.003
        25.0000 1.263 0.003
        26.3158 1.226 0.014
        27.7778 1.171 0.011
        29.4118 1.093 0.031
        31.2500 1.001 0.049
        33.3333 0.866 0.102
        35.7143 0.677 0.172
        38.4615 0.480 0.617
        41.6667 0.497 0.792
        45.4545 0.265 1.147
        50.0000 0.192 1.970
        55.5556 0.431 3.582
        62.5000 6.293 1.948
        71.4286 3.662 0.226
        83.3333 3.047 0.095
        100.0000 2.756 0.077
        125.0000 2.585 0.071
        166.6667 2.493 0.056
