573 .False. # Number of lines, conductive flag
# 5 line header for n-k original data
# Orthorombic Sulpher S_alpha - S8 - Fuller in Palik et al. (1998) vol III
# Taken from: Online e-book transcribe
# wl(um)      n                k
0.413e-4 1.000 0.123e-8
0.425e-4 1.000 0.137e-8
0.436e-4 1.000 0.153e-8
0.448e-4 1.000 0.171e-8
0.460e-4 1.000 0.190e-8
0.472e-4 1.000 0.212e-8
0.485e-4 1.000 0.236e-8
0.498e-4 1.000 0.263e-8
0.512e-4 1.000 0.293e-8
0.526e-4 1.000 0.327e-8
0.540e-4 1.000 0.364e-8
0.554e-4 1.000 0.406e-8
0.569e-4 1.000 0.452e-8
0.585e-4 1.000 0.503e-8
0.601e-4 1.000 0.560e-8
0.617e-4 1.000 0.624e-8
0.633e-4 1.000 0.695e-8
0.651e-4 1.000 0.773e-8
0.668e-4 1.000 0.860e-8
0.686e-4 1.000 0.957e-8
0.705e-4 1.000 0.107e-7
0.714e-4 1.000 0.118e-7
0.743e-4 1.000 0.132e-7
0.764e-4 1.000 0.147e-7
0.784e-4 1.000 0.163e-7
0.805e-4 1.000 0.181e-7
0.827e-4 1.000 0.201e-7
0.850e-4 1.000 0.224e-7
0.878e-4 1.000 0.248e-7
0.896e-4 1.000 0.276e-7
0.920e-4 1.000 0.307e-7
0.945e-4 1.000 0.341e-7
0.971e-4 1.000 0.378e-7
0.997e-4 1.000 0.420e-7
0.102e-3 1.000 0.467e-7
0.105e-3 1.000 0.518e-7
0.108e-3 1.000 0.575e-7
0.111e-3 1.000 0.639e-7
0.114e-3 1.000 0.709e-7
0.117e-3 1.000 0.787e-7
0.120e-3 1.000 0.873e-7
0.123e-3 1.000 0.967e-7
0.127e-3 1.000 0.107e-6
0.130e-3 1.000 0.119e-6
0.134e-3 1.000 0.132e-6
0.137e-3 1.000 0.146e-6
0.141e-3 1.000 0.162e-6
0.145e-3 1.000 0.180e-6
0.149e-3 1.000 0.199e-6
0.153e-3 1.000 0.221e-6
0.157e-3 1.000 0.245e-6
0.161e-3 1.000 0.271e-6
0.166e-3 1.000 0.301e-6
0.170e-3 1.000 0.333e-6
0.175e-3 1.000 0.396e-6
0.179e-3 1.000 0.409e-6
0.184e-3 1.000 0.453e-6
0.189e-3 1.000 0.502e-6
0.194e-3 1.000 0.556e-6
0.200e-3 1.000 0.616e-6
0.205e-3 1.000 0.682e-6
0.211e-3 1.000 0.755e-6
0.216e-3 1.000 0.835e-6
0.222e-3 1.000 0.924e-6
0.228e-3 1.000 0.102e-5
0.234e-3 1.000 0.113e-5
0.241e-3 1.000 0.125e-5
0.247e-3 1.000 0.138e-5
0.254e-3 1.000 0.153e-5
0.261e-3 1.000 0.169e-5
0.268e-3 1.000 0.187e-5
0.275e-3 1.000 0.207e-5
0.282e-3 1.000 0.228e-5
0.290e-3 1.000 0.252e-5
0.298e-3 1.000 0.278e-5
0.306e-3 1.000 0.307e-5
0.314e-3 1.000 0.339e-5
0.323e-3 1.000 0.374e-5
0.331e-3 1.000 0.413e-5
0.340e-3 1.000 0.455e-5
0.350e-3 1.000 0.502e-5
0.359e-3 1.000 0.553e-5
0.396e-3 1.000 0.609e-5
0.379e-3 1.000 0.671e-5
0.389e-3 1.000 0.738e-5
0.399e-3 1.000 0.812e-5
0.410e-3 1.000 0.893e-5
0.421e-3 1.000 0.982e-5
0.433e-3 1.000 0.108e-4
0.444e-3 1.000 0.119e-4
0.456e-3 1.000 0.130e-4
0.469e-3 1.000 0.143e-4
0.481e-3 1.000 0.157e-4
0.495e-3 1.000 0.172e-4
0.508e-3 1.000 0.186e-5
0.522e-3 1.000 0.207e-5
0.536e-3 1.000 0.230e-5
0.550e-3 1.000 0.255e-5
0.565e-3 1.000 0.282e-5
0.580e-3 1.000 0.313e-5
0.596e-3 1.000 0.346e-5
0.612e-3 1.000 0.383e-5
0.629e-3 1.000 0.423e-5
0.646e-3 1.000 0.467e-5
0.663e-3 1.000 0.516e-5
0.681e-3 1.000 0.570e-5
0.700e-3 1.000 0.630e-5
0.719e-3 1.000 0.695e-5
0.738e-3 1.000 0.766e-5
0.758e-3 1.000 0.844e-5
0.778e-3 1.000 0.930e-5
0.799e-3 1.000 0.102e-4
0.821e-3 1.000 0.113e-4
0.843e-3 1.000 0.125e-4
0.866e-3 1.000 0.137e-4
0.890e-3 1.000 0.152e-4
0.914e-3 1.000 0.167e-4
0.938e-3 1.000 0.185e-4
0.964e-3 1.000 0.204e-4
0.990e-3 1.000 0.225e-4
0.102e-2 1.000 0.248e-4
0.104e-2 1.000 0.274e-4
0.107e-2 1.000 0.303e-4
0.110e-2 1.000 0.334e-4
0.113e-2 1.000 0.369e-4
0.116e-2 1.000 0.407e-4
0.119e-2 1.000 0.449e-4
0.123e-2 1.000 0.496e-4
0.126e-2 1.000 0.547e-4
0.129e-2 1.000 0.603e-4
0.133e-2 1.000 0.665e-4
0.136e-2 0.999 0.733e-4
0.140e-2 0.999 0.808e-4
0.144e-2 0.999 0.891e-4
0.148e-2 0.999 0.981e-4
0.152e-2 0.999 0.108e-3
0.156e-2 0.999 0.119e-3
0.160e-2 0.999 0.131e-3
0.164e-2 0.999 0.144e-3
0.169e-2 0.999 0.159e-3
0.173e-2 0.999 0.175e-3
0.178e-2 0.999 0.192e-3
0.183e-2 0.999 0.210e-3
0.188e-2 0.999 0.231e-3
0.193e-2 0.999 0.255e-3
0.198e-2 0.999 0.279e-3
0.203e-2 0.999 0.306e-3
0.209e-2 0.999 0.335e-3
0.215e-2 0.999 0.367e-3
0.220e-2 0.999 0.402e-3
0.226e-2 0.999 0.440e-3
0.232e-2 0.999 0.480e-3
0.239e-2 0.999 0.525e-3
0.245e-2 0.998 0.573e-3
0.252e-2 0.998 0.625e-3
0.259e-2 0.998 0.683e-3
0.266e-2 0.998 0.746e-3
0.273e-2 0.998 0.814e-3
0.280e-2 0.998 0.887e-3
0.288e-2 0.998 0.965e-3
0.296e-2 0.998 0.105e-2
0.304e-2 0.998 0.114e-2
0.312e-2 0.998 0.124e-2
0.320e-2 0.998 0.135e-2
0.329e-2 0.997 0.146e-2
0.338e-2 0.997 0.157e-2
0.347e-2 0.997 0.170e-2
0.356e-2 0.997 0.183e-2
0.366e-2 0.997 0.198e-2
0.376e-2 0.997 0.214e-2
0.386e-2 0.997 0.231e-2
0.397e-2 0.997 0.249e-2
0.407e-2 0.997 0.269e-2
0.418e-2 0.997 0.291e-2
0.430e-2 0.997 0.314e-2
0.441e-2 0.997 0.339e-2
0.453e-2 0.997 0.361e-2
0.465e-2 0.996 0.381e-2
0.478e-2 0.996 0.401e-2
0.491e-2 0.996 0.422e-2
0.504e-2 0.996 0.444e-2
0.518e-2 0.996 0.467e-2
0.532e-2 0.996 0.491e-2
0.546e-2 0.996 0.517e-2
0.561e-2 0.996 0.544e-2
0.576e-2 0.996 0.573e-2
0.592e-2 0.996 0.606e-2
0.608e-2 0.996 0.646e-2
0.624e-2 0.997 0.688e-2
0.641e-2 0.997 0.732e-2
0.658e-2 0.997 0.778e-2
0.676e-2 0.998 0.825e-2
0.694e-2 0.998 0.873e-2
0.713e-2 0.999 0.924e-2
0.733e-2 1.001 0.978e-2
0.752e-2 1.004 0.103e-1
0.773e-2 1.006 0.928e-3
0.793e-2 1.001 0.988e-3
0.815e-2 1.000 0.105e-2
0.837e-2 0.999 0.112e-2
0.860e-2 0.998 0.120e-2
0.883e-2 0.997 0.128e-2
0.907e-2 0.996 0.138e-2
0.931e-2 0.996 0.147e-2
0.957e-2 0.995 0.157e-2
0.982e-2 0.994 0.168e-2
0.101e-1 0.994 0.179e-2
0.104e-1 0.993 0.191e-2
0.106e-1 0.992 0.204e-2
0.109e-1 0.991 0.218e-2
0.112e-1 0.991 0.231e-2
0.115e-1 0.990 0.246e-2
0.118e-1 0.989 0.264e-2
0.122e-1 0.988 0.283e-2
0.125e-1 0.988 0.303e-2
0.128e-1 0.987 0.321e-2
0.132e-1 0.986 0.340e-2
0.135e-1 0.985 0.361e-2
0.139e-1 0.984 0.382e-2
0.143e-1 0.983 0.403e-2
0.147e-1 0.982 0.426e-2
0.151e-1 0.981 0.449e-2
0.155e-1 0.980 0.474e-2
0.159e-1 0.979 0.497e-2
0.163e-1 0.977 0.519e-2
0.168e-1 0.976 0.546e-2
0.172e-1 0.975 0.575e-2
0.177e-1 0.973 0.597e-2
0.182e-1 0.972 0.618e-2
0.186e-1 0.970 0.637e-2
0.191e-1 0.968 0.653e-2
0.197e-1 0.967 0.665e-2
0.202e-1 0.965 0.673e-2
0.207e-1 0.963 0.688e-2
0.213e-1 0.960 0.699e-2
0.219e-1 0.958 0.693e-2
0.225e-1 0.955 0.693e-2
0.231e-1 0.953 0.693e-2
0.237e-1 0.950 0.686e-2
0.105 1.340 0.795
0.106 1.344 0.793
0.107 1.352 0.789
0.108 1.358 0.783
0.109 1.359 0.778
0.110 1.358 0.775
0.111 1.352 0.771
0.112 1.348 0.770
0.113 1.338 0.775
0.114 1.332 0.782
0.115 1.326 0.798
0.116 1.318 0.815
0.117 1.308 0.834
0.118 1.296 0.853
0.119 1.281 0.880
0.120 1.272 0.930
0.122 1.272 0.101e1
0.123 1.301 0.109e1
0.124 1.358 0.116e1
0.125 1.432 0.121e1
0.126 1.503 0.124e1
0.128 1.599 0.125e1
0.129 1.705 0.125e1
0.131 1.802 0.122e1
0.132 1.877 0.117e1
0.133 1.947 0.112e1
0.135 2.009 0.106e1
0.136 2.040 0.986
0.138 2.047 0.914
0.139 2.045 0.851
0.141 2.049 0.807
0.142 2.061 0.778
0.144 2.079 0.742
0.146 2.089 0.692
0.148 2.078 0.635
0.149 2.044 0.577
0.151 2.005 0.526
0.153 1.962 0.484
0.155 1.907 0.450
0.157 1.848 0.423
0.159 1.790 0.405
0.161 1.737 0.399
0.163 1.692 0.423
0.165 1.659 0.473
0.168 1.648 0.534
0.170 1.672 0.593
0.172 1.723 0.653
0.175 1.782 0.702
0.177 1.833 0.727
0.180 1.868 0.725
0.182 1.883 0.709
0.185 1.891 0.684
0.188 1.903 0.670
0.191 1.923 0.672
0.194 1.951 0.678
0.197 1.984 0.680
0.200 2.018 0.667
0.203 2.043 0.655
0.207 2.063 0.643
0.210 2.085 0.623
0.214 2.097 0.592
0.218 2.103 0.566
0.221 2.102 0.541
0.225 2.101 0.515
0.230 2.096 0.487
0.234 2.087 0.461
0.238 2.082 0.438
0.243 2.077 0.421
0.248 2.076 0.410
0.253 2.074 0.403
0.258 2.062 0.393
0.264 2.042 0.378
0.269 2.015 0.363
0.275 1.985 0.356
0.282 1.990 0.370
0.288 2.065 0.435
0.295 2.150 0.516
0.302 2.217 0.552
0.310 2.275 0.539
0.318 2.322 0.498
0.326 2.353 0.435
0.335 2.380 0.370
0.344 2.395 0.313
0.354 2.376 0.249
0.360 2.360 0.287e-1
0.394 2.230 0.313e-2
0.425 2.160 0.338e-3
0.448 2.130 0.356e-4
0.471 2.090 0.375e-5
0.500 2.030 0.174e-5
0.510 2.020 0.122e-5
0.520 2.020 0.931e-6
0.530 2.010 0.844e-6
0.540 2.010 0.752e-6
0.550 2.000 0.711e-6
0.560 2.000 0.668e-6
0.570 1.990 0.624e-6
0.580 1.990 0.600e-6
0.590 1.980 0.587e-6
0.650 1.980 0.350e-6
0.700 1.970 0.330e-6
0.750 1.970 0.330e-6
0.800 1.960 0.320e-6
0.850 1.955 0.312e-6
0.900 1.950 0.305e-6
0.950 1.950 0.298e-6
0.100e1 1.950 0.290e-6
0.105e1 1.947 0.294e-6
0.110e1 1.945 0.298e-6
0.115e1 1.942 0.301e-6
0.120e1 1.940 0.305e-6
0.125e1 1.940 0.309e-6
0.130e1 1.940 0.312e-6
0.135e1 1.940 0.316e-6
0.140e1 1.940 0.320e-6
0.145e1 1.940 0.321e-6
0.150e1 1.940 0.322e-6
0.155e1 1.940 0.323e-6
0.160e1 1.940 0.324e-6
0.170e1 1.940 0.325e-6
0.175e1 1.940 0.326e-6
0.180e1 1.940 0.327e-6
0.185e1 1.940 0.328e-6
0.190e1 1.940 0.328e-6
0.195e1 1.940 0.329e-6
0.714e1 1.924 0.288e-4
0.717e1 1.924 0.303e-4
0.719e1 1.924 0.315e-4
0.722e1 1.924 0.329e-4
0.725e1 1.924 0.356e-4
0.727e1 1.924 0.374e-4
0.730e1 1.924 0.396e-4
0.733e1 1.924 0.429e-4
0.735e1 1.924 0.465e-4
0.741e1 1.924 0.660e-4
0.743e1 1.923 0.790e-4
0.746e1 1.923 0.926e-4
0.752e1 1.923 0.127e-3
0.755e1 1.922 0.148e-3
0.758e1 1.921 0.166e-3
0.761e1 1.921 0.192e-3
0.763e1 1.920 0.211e-3
0.766e1 1.921 0.217e-3
0.769e1 1.921 0.218e-3
0.772e1 1.921 0.216e-3
0.775e1 1.922 0.213e-3
0.778e1 1.923 0.206e-3
0.781e1 1.923 0.184e-3
0.784e1 1.924 0.158e-3
0.787e1 1.926 0.132e-3
0.791e1 1.926 0.191e-3
0.794e1 1.927 0.771e-4
0.797e1 1.927 0.624e-4
0.800e1 1.927 0.457e-4
0.803e1 1.927 0.329e-4
0.806e1 1.927 0.258e-4
0.810e1 1.927 0.187e-4
0.813e1 1.927 0.154e-4
0.816e1 1.927 0.132e-4
0.820e1 1.927 0.110e-4
0.823e1 1.927 0.979e-5
0.826e1 1.927 0.815e-5
0.830e1 1.927 0.734e-5
0.833e1 1.927 0.610e-5
0.837e1 1.927 0.584e-5
0.840e1 1.927 0.506e-5
0.844e1 1.927 0.508e-5
0.848e1 1.927 0.429e-5
0.851e1 1.927 0.433e-5
0.855e1 1.927 0.435e-5
0.858e1 1.927 0.357e-5
0.862e1 1.927 0.277e-5
0.866e1 1.927 0.343e-5
0.870e1 1.927 0.279e-5
0.873e1 1.927 0.317e-5
0.877e1 1.927 0.302e-5
0.881e1 1.927 0.367e-5
0.885e1 1.927 0.319e-5
0.899e1 1.927 0.431e-5
0.893e1 1.927 0.449e-5
0.897e1 1.927 0.456e-5
0.901e1 1.927 0.482e-5
0.905e1 1.927 0.464e-5
0.909e1 1.927 0.547e-5
0.913e1 1.927 0.690e-5
0.917e1 1.927 0.812e-5
0.922e1 1.927 0.872e-5
0.926e1 1.927 0.102e-4
0.930e1 1.927 0.109e-4
0.935e1 1.927 0.133e-4
0.939e1 1.927 0.152e-4
0.943e1 1.927 0.175e-4
0.948e1 1.927 0.207e-4
0.952e1 1.927 0.214e-4
0.957e1 1.927 0.233e-4
0.961e1 1.927 0.234e-4
0.966e1 1.927 0.223e-4
0.971e1 1.927 0.187e-4
0.976e1 1.927 0.156e-4
0.980e1 1.927 0.135e-4
0.985e1 1.927 0.107e-4
0.990e1 1.927 0.118e-4
0.995e1 1.927 0.124e-4
10.050251256281408 1.927 2.6e-05
10.1010101010101 1.927 3.04e-05
10.152284263959391 1.926 2.89e-05
10.256410256410257 1.926 3.49e-05
10.309278350515465 1.926 3.95e-05
10.362694300518134 1.926 4.33e-05
10.416666666666666 1.926 5.78e-05
10.471204188481677 1.926 9.12e-05
10.526315789473683 1.926 0.000161
10.582010582010582 1.926 0.000296
10.638297872340425 1.926 0.00043
10.695187165775401 1.925 0.000315
10.81081081081081 1.926 0.000198
10.869565217391305 1.926 0.00015
10.92896174863388 1.926 0.000157
10.989010989010989 1.926 0.000312
11.11111111111111 1.926 0.00028
11.1731843575419 1.926 0.000301
11.235955056179776 1.926 0.00042
11.299435028248588 1.926 0.000607
11.363636363636363 1.926 0.000848
11.428571428571429 1.926 0.00102
11.494252873563218 1.926 0.00119
11.560693641618498 1.925 0.00131
11.627906976744185 1.924 0.00167
11.695906432748538 1.924 0.00237
11.76470588235294 1.924 0.00334
11.834319526627219 1.924 0.00419
11.904761904761905 1.925 0.00307
11.976047904191617 1.926 0.0022
12.048192771084338 1.926 0.00149
12.121212121212121 1.926 0.00109
12.195121951219512 1.926 0.00081
12.269938650306749 1.926 0.000647
12.345679012345679 1.926 0.000486
12.422360248447205 1.926 0.000297
12.5 1.926 0.0002
12.578616352201257 1.926 0.000141
12.658227848101266 1.926 0.000103
12.738853503184712 1.926 7.16e-05
12.820512820512821 1.925 4.42e-05
12.903225806451612 1.925 2.96e-05
12.987012987012987 1.925 2.57e-05
13.071895424836601 1.925 2.62e-05
13.157894736842104 1.925 2.69e-05
13.245033112582782 1.924 3.44e-05
13.333333333333332 1.924 4.22e-05
13.422818791946307 1.923 9.64e-05
13.513513513513514 1.924 6.95e-05
13.605442176870747 1.923 9.64e-05
13.698630136986301 1.923 0.000134
13.793103448275861 1.923 0.000201
13.88888888888889 1.923 0.000425
13.986013986013987 1.923 0.000593
14.084507042253522 1.922 0.000612
14.184397163120568 1.921 0.000502
14.285714285714286 1.92 0.000447
14.388489208633095 1.919 0.000306
14.492753623188406 1.919 0.000364
14.598540145985401 1.919 0.000478
14.705882352941176 1.919 0.000569
14.814814814814815 1.919 0.000671
14.925373134328359 1.918 0.000872
15.037593984962406 1.919 0.00103
15.151515151515152 1.92 0.00111
15.267175572519085 1.922 0.000994
15.384615384615385 1.924 0.000666
15.503875968992247 1.927 0.00044
15.625 1.93 0.000368
15.748031496062993 1.931 0.000373
15.873015873015873 1.933 0.000443
16.0 1.933 0.00056
16.129032258064516 1.932 0.000609
16.260162601626018 1.931 0.000524
16.39344262295082 1.93 0.000409
16.52892561983471 1.93 0.000378
16.666666666666668 1.93 0.000401
16.80672268907563 1.93 0.000494
16.949152542372882 1.93 0.000705
17.094017094017094 1.929 0.000801
17.241379310344826 1.929 0.000628
17.391304347826086 1.928 0.000485
17.54385964912281 1.927 0.000443
17.699115044247787 1.926 0.000476
17.857142857142858 1.925 0.00065
18.01801801801802 1.924 0.000936
18.181818181818183 1.924 0.00113
18.34862385321101 1.923 0.00108
18.51851851851852 1.923 0.000986
18.69158878504673 1.923 0.000907
18.867924528301888 1.923 0.00088
19.047619047619047 1.923 0.000966
19.230769230769234 1.923 0.00107
19.41747572815534 1.923 0.00113
19.607843137254903 1.923 0.0012
19.801980198019802 1.923 0.00125
20.0 1.922 0.009
20.2020202020202 1.921 0.0102
20.408163265306126 1.92 0.0114
20.61855670103093 1.921 0.0137
20.833333333333332 1.921 0.0159
21.052631578947366 1.924 0.0172
21.27659574468085 1.927 0.0186
21.50537634408602 1.931 0.0176
21.73913043478261 1.934 0.0166
21.978021978021978 1.935 0.0137
22.22222222222222 1.936 0.0108
22.471910112359552 1.935 0.00835
22.727272727272727 1.934 0.0059
22.988505747126435 1.931 0.00505
23.25581395348837 1.929 0.0042
23.52941176470588 1.928 0.0047
23.80952380952381 1.927 0.0052
24.096385542168676 1.926 0.00585
24.390243902439025 1.925 0.0065
24.691358024691358 1.925 0.00725
25.0 1.925 0.008
25.31645569620253 1.925 0.00835
25.641025641025642 1.925 0.0087
25.974025974025974 1.925 0.00915
26.31578947368421 1.924 0.0096
26.666666666666664 1.924 0.00995
27.027027027027028 1.924 0.0103
27.397260273972602 1.924 0.0108
27.77777777777778 1.924 0.0113
28.169014084507044 1.923 0.0117
28.571428571428573 1.923 0.0121
28.985507246376812 1.923 0.0126
29.41176470588235 1.923 0.0132
29.850746268656717 1.923 0.0136
30.303030303030305 1.922 0.0139
