1201 .False.
#Refractive index of SiC[s]; Laor & Draine (1993), ApJ 402:441
#Data points: 1201
#
#Wavelength (micron) n  k
1.000000e-03	9.995441e-01	2.854000e-05
1.012000e-03	9.995328e-01	2.979000e-05
1.023000e-03	9.995213e-01	3.110000e-05
1.035000e-03	9.995095e-01	3.245000e-05
1.047000e-03	9.994974e-01	3.384000e-05
1.059000e-03	9.994850e-01	3.530000e-05
1.072000e-03	9.994723e-01	3.685000e-05
1.084000e-03	9.994592e-01	3.847000e-05
1.096000e-03	9.994459e-01	4.016000e-05
1.109000e-03	9.994323e-01	4.192000e-05
1.122000e-03	9.994184e-01	4.375000e-05
1.135000e-03	9.994041e-01	4.568000e-05
1.148000e-03	9.993894e-01	4.771000e-05
1.161000e-03	9.993745e-01	4.983000e-05
1.175000e-03	9.993592e-01	5.202000e-05
1.189000e-03	9.993436e-01	5.429000e-05
1.202000e-03	9.993278e-01	5.664000e-05
1.216000e-03	9.993117e-01	5.906000e-05
1.230000e-03	9.992953e-01	6.154000e-05
1.245000e-03	9.992786e-01	6.415000e-05
1.259000e-03	9.992611e-01	6.696000e-05
1.274000e-03	9.992432e-01	6.988000e-05
1.288000e-03	9.992250e-01	7.290000e-05
1.303000e-03	9.992065e-01	7.600000e-05
1.318000e-03	9.991874e-01	7.926000e-05
1.334000e-03	9.991677e-01	8.269000e-05
1.349000e-03	9.991475e-01	8.627000e-05
1.365000e-03	9.991269e-01	9.000000e-05
1.380000e-03	9.991058e-01	9.387000e-05
1.396000e-03	9.990842e-01	9.790000e-05
1.413000e-03	9.990622e-01	1.021000e-04
1.429000e-03	9.990396e-01	1.065000e-04
1.445000e-03	9.990165e-01	1.111000e-04
1.462000e-03	9.989930e-01	1.159000e-04
1.479000e-03	9.989690e-01	1.209000e-04
1.496000e-03	9.989450e-01	1.261000e-04
1.514000e-03	9.989190e-01	1.315000e-04
1.531000e-03	9.988940e-01	1.372000e-04
1.549000e-03	9.988670e-01	1.431000e-04
1.567000e-03	9.988410e-01	1.491000e-04
1.585000e-03	9.988130e-01	1.555000e-04
1.603000e-03	9.987850e-01	1.622000e-04
1.622000e-03	9.987560e-01	1.691000e-04
1.641000e-03	9.987260e-01	1.764000e-04
1.660000e-03	9.986960e-01	1.838000e-04
1.679000e-03	9.986650e-01	1.916000e-04
1.698000e-03	9.986330e-01	1.998000e-04
1.718000e-03	9.986010e-01	2.083000e-04
1.738000e-03	9.985670e-01	2.172000e-04
1.758000e-03	9.985340e-01	2.265000e-04
1.778000e-03	9.984990e-01	2.360000e-04
1.799000e-03	9.984640e-01	2.460000e-04
1.820000e-03	9.984280e-01	2.564000e-04
1.841000e-03	9.983900e-01	2.673000e-04
1.862000e-03	9.983530e-01	2.787000e-04
1.884000e-03	9.983140e-01	2.905000e-04
1.905000e-03	9.982750e-01	3.028000e-04
1.928000e-03	9.982350e-01	3.153000e-04
1.950000e-03	9.981930e-01	3.286000e-04
1.972000e-03	9.981510e-01	3.424000e-04
1.995000e-03	9.981080e-01	3.569000e-04
2.018000e-03	9.980640e-01	3.720000e-04
2.042000e-03	9.980200e-01	3.877000e-04
2.065000e-03	9.979740e-01	4.039000e-04
2.089000e-03	9.979280e-01	4.205000e-04
2.113000e-03	9.978800e-01	4.379000e-04
2.138000e-03	9.978310e-01	4.563000e-04
2.163000e-03	9.977820e-01	4.754000e-04
2.188000e-03	9.977310e-01	4.954000e-04
2.213000e-03	9.976790e-01	5.161000e-04
2.239000e-03	9.976260e-01	5.376000e-04
2.265000e-03	9.975730e-01	5.595000e-04
2.291000e-03	9.975180e-01	5.823000e-04
2.317000e-03	9.974620e-01	6.062000e-04
2.344000e-03	9.974040e-01	6.313000e-04
2.371000e-03	9.973460e-01	6.576000e-04
2.399000e-03	9.972860e-01	6.849000e-04
2.427000e-03	9.972250e-01	7.132000e-04
2.455000e-03	9.971630e-01	7.426000e-04
2.483000e-03	9.971000e-01	7.728000e-04
2.512000e-03	9.970360e-01	8.034000e-04
2.541000e-03	9.969700e-01	8.358000e-04
2.570000e-03	9.969030e-01	8.698000e-04
2.600000e-03	9.968350e-01	9.055000e-04
2.630000e-03	9.967660e-01	9.427000e-04
2.661000e-03	9.966950e-01	9.814000e-04
2.692000e-03	9.966240e-01	1.021000e-03
2.723000e-03	9.965520e-01	1.063000e-03
2.754000e-03	9.964780e-01	1.106000e-03
2.786000e-03	9.964030e-01	1.152000e-03
2.818000e-03	9.963280e-01	1.199000e-03
2.851000e-03	9.962510e-01	1.249000e-03
2.884000e-03	9.961730e-01	1.300000e-03
2.917000e-03	9.960950e-01	1.352000e-03
2.951000e-03	9.960150e-01	1.406000e-03
2.985000e-03	9.959350e-01	1.462000e-03
3.020000e-03	9.958540e-01	1.518000e-03
3.055000e-03	9.957730e-01	1.576000e-03
3.090000e-03	9.956910e-01	1.635000e-03
3.126000e-03	9.956060e-01	1.700000e-03
3.162000e-03	9.955200e-01	1.767000e-03
3.199000e-03	9.954320e-01	1.837000e-03
3.236000e-03	9.953450e-01	1.908000e-03
3.273000e-03	9.952560e-01	1.981000e-03
3.311000e-03	9.951660e-01	2.058000e-03
3.350000e-03	9.950760e-01	2.138000e-03
3.388000e-03	9.949860e-01	2.220000e-03
3.428000e-03	9.948960e-01	2.306000e-03
3.467000e-03	9.948060e-01	2.394000e-03
3.508000e-03	9.947160e-01	2.486000e-03
3.548000e-03	9.946270e-01	2.581000e-03
3.589000e-03	9.945390e-01	2.679000e-03
3.631000e-03	9.944510e-01	2.781000e-03
3.673000e-03	9.943610e-01	2.886000e-03
3.715000e-03	9.942730e-01	2.994000e-03
3.758000e-03	9.941890e-01	3.107000e-03
3.802000e-03	9.941080e-01	3.224000e-03
3.846000e-03	9.940300e-01	3.345000e-03
3.890000e-03	9.939560e-01	3.469000e-03
3.935000e-03	9.938900e-01	3.599000e-03
3.981000e-03	9.938290e-01	3.732000e-03
4.027000e-03	9.937760e-01	3.870000e-03
4.074000e-03	9.937280e-01	4.011000e-03
4.121000e-03	9.936870e-01	4.155000e-03
4.169000e-03	9.936700e-01	4.306000e-03
4.217000e-03	9.936830e-01	4.462000e-03
4.266000e-03	9.937210e-01	4.622000e-03
4.315000e-03	9.939210e-01	4.787000e-03
4.365000e-03	9.942570e-01	4.956000e-03
4.416000e-03	9.946990e-01	5.130000e-03
4.467000e-03	9.944230e-01	3.414000e-03
4.519000e-03	9.939720e-01	3.540000e-03
4.571000e-03	9.935540e-01	3.672000e-03
4.624000e-03	9.931680e-01	3.811000e-03
4.677000e-03	9.928130e-01	3.954000e-03
4.732000e-03	9.924870e-01	4.104000e-03
4.786000e-03	9.922130e-01	4.256000e-03
4.842000e-03	9.919980e-01	4.409000e-03
4.898000e-03	9.917890e-01	4.569000e-03
4.954000e-03	9.915850e-01	4.737000e-03
5.012000e-03	9.913870e-01	4.911000e-03
5.070000e-03	9.911950e-01	5.091000e-03
5.129000e-03	9.910080e-01	5.278000e-03
5.188000e-03	9.908210e-01	5.469000e-03
5.248000e-03	9.906300e-01	5.663000e-03
5.309000e-03	9.904420e-01	5.865000e-03
5.370000e-03	9.902580e-01	6.074000e-03
5.433000e-03	9.900770e-01	6.291000e-03
5.495000e-03	9.899000e-01	6.514000e-03
5.559000e-03	9.897200e-01	6.743000e-03
5.623000e-03	9.895500e-01	6.979000e-03
5.689000e-03	9.893800e-01	7.225000e-03
5.754000e-03	9.892200e-01	7.480000e-03
5.821000e-03	9.890600e-01	7.741000e-03
5.888000e-03	9.889000e-01	8.010000e-03
5.957000e-03	9.887500e-01	8.286000e-03
6.026000e-03	9.886000e-01	8.568000e-03
6.095000e-03	9.884600e-01	8.856000e-03
6.166000e-03	9.883200e-01	9.150000e-03
6.237000e-03	9.881800e-01	9.456000e-03
6.310000e-03	9.880600e-01	9.775000e-03
6.383000e-03	9.879500e-01	1.010000e-02
6.457000e-03	9.878400e-01	1.044000e-02
6.531000e-03	9.877400e-01	1.078000e-02
6.607000e-03	9.876700e-01	1.113000e-02
6.683000e-03	9.876200e-01	1.149000e-02
6.761000e-03	9.875800e-01	1.186000e-02
6.839000e-03	9.875600e-01	1.224000e-02
6.918000e-03	9.875800e-01	1.263000e-02
6.998000e-03	9.876500e-01	1.303000e-02
7.079000e-03	9.877600e-01	1.343000e-02
7.161000e-03	9.880500e-01	1.385000e-02
7.244000e-03	9.885000e-01	1.427000e-02
7.328000e-03	9.898100e-01	1.469000e-02
7.413000e-03	9.900700e-01	1.173000e-02
7.499000e-03	9.884600e-01	1.212000e-02
7.586000e-03	9.878500e-01	1.251000e-02
7.674000e-03	9.873300e-01	1.291000e-02
7.762000e-03	9.869000e-01	1.331000e-02
7.852000e-03	9.866100e-01	1.372000e-02
7.943000e-03	9.863500e-01	1.415000e-02
8.035000e-03	9.861400e-01	1.458000e-02
8.128000e-03	9.859600e-01	1.502000e-02
8.222000e-03	9.858200e-01	1.547000e-02
8.318000e-03	9.856900e-01	1.593000e-02
8.414000e-03	9.855900e-01	1.640000e-02
8.511000e-03	9.855100e-01	1.688000e-02
8.610000e-03	9.854700e-01	1.737000e-02
8.710000e-03	9.854700e-01	1.786000e-02
8.810000e-03	9.855000e-01	1.836000e-02
8.913000e-03	9.854900e-01	1.888000e-02
9.016000e-03	9.855100e-01	1.940000e-02
9.120000e-03	9.856100e-01	1.992000e-02
9.226000e-03	9.858000e-01	2.046000e-02
9.333000e-03	9.860600e-01	2.100000e-02
9.441000e-03	9.864000e-01	2.154000e-02
9.550000e-03	9.868400e-01	2.209000e-02
9.661000e-03	9.874800e-01	2.265000e-02
9.772000e-03	9.882400e-01	2.320000e-02
9.886000e-03	9.891100e-01	2.376000e-02
1.000000e-02	9.900870e-01	2.433000e-02
1.012000e-02	9.911710e-01	2.489000e-02
1.023000e-02	9.923550e-01	2.546000e-02
1.035000e-02	9.938790e-01	2.603000e-02
1.047000e-02	9.969640e-01	2.655000e-02
1.059000e-02	1.007917e+00	2.687000e-02
1.072000e-02	1.008602e+00	5.937000e-03
1.084000e-02	1.001331e+00	6.182000e-03
1.096000e-02	9.954380e-01	6.425000e-03
1.109000e-02	9.926310e-01	6.658000e-03
1.122000e-02	9.901090e-01	6.899000e-03
1.135000e-02	9.881500e-01	7.141000e-03
1.148000e-02	9.865300e-01	7.388000e-03
1.161000e-02	9.850200e-01	7.645000e-03
1.175000e-02	9.836300e-01	7.910000e-03
1.189000e-02	9.823600e-01	8.184000e-03
1.202000e-02	9.811900e-01	8.466000e-03
1.216000e-02	9.801300e-01	8.756000e-03
1.230000e-02	9.791700e-01	9.054000e-03
1.245000e-02	9.782200e-01	9.360000e-03
1.259000e-02	9.771500e-01	9.677000e-03
1.274000e-02	9.761000e-01	1.000000e-02
1.288000e-02	9.750900e-01	1.034000e-02
1.303000e-02	9.741100e-01	1.068000e-02
1.318000e-02	9.731100e-01	1.103000e-02
1.334000e-02	9.720900e-01	1.140000e-02
1.349000e-02	9.710700e-01	1.178000e-02
1.365000e-02	9.700500e-01	1.217000e-02
1.380000e-02	9.690300e-01	1.257000e-02
1.396000e-02	9.680000e-01	1.298000e-02
1.413000e-02	9.669600e-01	1.341000e-02
1.429000e-02	9.659100e-01	1.385000e-02
1.445000e-02	9.648500e-01	1.430000e-02
1.462000e-02	9.637800e-01	1.477000e-02
1.479000e-02	9.627100e-01	1.525000e-02
1.496000e-02	9.616100e-01	1.574000e-02
1.514000e-02	9.605100e-01	1.625000e-02
1.531000e-02	9.593900e-01	1.678000e-02
1.549000e-02	9.582500e-01	1.732000e-02
1.567000e-02	9.571000e-01	1.787000e-02
1.585000e-02	9.559400e-01	1.844000e-02
1.603000e-02	9.547500e-01	1.904000e-02
1.622000e-02	9.535500e-01	1.964000e-02
1.641000e-02	9.523300e-01	2.027000e-02
1.660000e-02	9.511000e-01	2.091000e-02
1.679000e-02	9.498500e-01	2.157000e-02
1.698000e-02	9.485800e-01	2.225000e-02
1.718000e-02	9.472900e-01	2.295000e-02
1.738000e-02	9.459800e-01	2.368000e-02
1.758000e-02	9.446500e-01	2.442000e-02
1.778000e-02	9.433000e-01	2.519000e-02
1.799000e-02	9.419300e-01	2.597000e-02
1.820000e-02	9.405300e-01	2.678000e-02
1.841000e-02	9.391000e-01	2.762000e-02
1.862000e-02	9.376600e-01	2.848000e-02
1.884000e-02	9.361900e-01	2.936000e-02
1.905000e-02	9.347000e-01	3.027000e-02
1.928000e-02	9.331800e-01	3.121000e-02
1.950000e-02	9.316300e-01	3.218000e-02
1.972000e-02	9.300600e-01	3.317000e-02
1.995000e-02	9.284700e-01	3.419000e-02
2.018000e-02	9.268600e-01	3.523000e-02
2.042000e-02	9.252300e-01	3.630000e-02
2.065000e-02	9.235800e-01	3.738000e-02
2.089000e-02	9.218800e-01	3.853000e-02
2.113000e-02	9.201400e-01	3.970000e-02
2.138000e-02	9.183900e-01	4.090000e-02
2.163000e-02	9.166000e-01	4.213000e-02
2.188000e-02	9.147800e-01	4.340000e-02
2.213000e-02	9.129400e-01	4.471000e-02
2.239000e-02	9.110600e-01	4.606000e-02
2.265000e-02	9.091600e-01	4.744000e-02
2.291000e-02	9.072300e-01	4.885000e-02
2.317000e-02	9.052600e-01	5.032000e-02
2.344000e-02	9.032700e-01	5.182000e-02
2.371000e-02	9.012300e-01	5.336000e-02
2.399000e-02	8.992000e-01	5.494000e-02
2.427000e-02	8.970000e-01	5.657000e-02
2.455000e-02	8.949000e-01	5.824000e-02
2.483000e-02	8.927000e-01	5.995000e-02
2.512000e-02	8.905000e-01	6.172000e-02
2.541000e-02	8.883000e-01	6.354000e-02
2.570000e-02	8.861000e-01	6.540000e-02
2.600000e-02	8.838000e-01	6.733000e-02
2.630000e-02	8.814000e-01	6.932000e-02
2.661000e-02	8.790000e-01	7.136000e-02
2.692000e-02	8.766000e-01	7.346000e-02
2.723000e-02	8.741000e-01	7.560000e-02
2.754000e-02	8.716000e-01	7.780000e-02
2.786000e-02	8.691000e-01	8.005000e-02
2.818000e-02	8.666000e-01	8.237000e-02
2.851000e-02	8.640000e-01	8.476000e-02
2.884000e-02	8.613000e-01	8.722000e-02
2.917000e-02	8.587000e-01	8.976000e-02
2.951000e-02	8.560000e-01	9.236000e-02
2.985000e-02	8.532000e-01	9.503000e-02
3.020000e-02	8.504000e-01	9.779000e-02
3.055000e-02	8.475000e-01	1.006000e-01
3.090000e-02	8.447000e-01	1.035000e-01
3.126000e-02	8.417000e-01	1.065000e-01
3.162000e-02	8.388000e-01	1.096000e-01
3.199000e-02	8.358000e-01	1.127000e-01
3.236000e-02	8.327000e-01	1.159000e-01
3.273000e-02	8.296000e-01	1.193000e-01
3.311000e-02	8.265000e-01	1.227000e-01
3.350000e-02	8.233000e-01	1.262000e-01
3.388000e-02	8.201000e-01	1.298000e-01
3.428000e-02	8.169000e-01	1.335000e-01
3.467000e-02	8.136000e-01	1.373000e-01
3.508000e-02	8.102000e-01	1.412000e-01
3.548000e-02	8.068000e-01	1.453000e-01
3.589000e-02	8.034000e-01	1.494000e-01
3.631000e-02	7.999000e-01	1.537000e-01
3.673000e-02	7.964000e-01	1.580000e-01
3.715000e-02	7.929000e-01	1.625000e-01
3.758000e-02	7.893000e-01	1.672000e-01
3.802000e-02	7.857000e-01	1.720000e-01
3.846000e-02	7.821000e-01	1.769000e-01
3.890000e-02	7.784000e-01	1.819000e-01
3.935000e-02	7.747000e-01	1.871000e-01
3.981000e-02	7.710000e-01	1.925000e-01
4.027000e-02	7.672000e-01	1.980000e-01
4.074000e-02	7.634000e-01	2.036000e-01
4.121000e-02	7.596000e-01	2.094000e-01
4.169000e-02	7.558000e-01	2.153000e-01
4.217000e-02	7.520000e-01	2.214000e-01
4.266000e-02	7.481000e-01	2.277000e-01
4.315000e-02	7.443000e-01	2.341000e-01
4.365000e-02	7.404000e-01	2.408000e-01
4.416000e-02	7.364000e-01	2.476000e-01
4.467000e-02	7.326000e-01	2.546000e-01
4.519000e-02	7.287000e-01	2.618000e-01
4.571000e-02	7.248000e-01	2.691000e-01
4.624000e-02	7.210000e-01	2.767000e-01
4.677000e-02	7.171000e-01	2.844000e-01
4.732000e-02	7.132000e-01	2.924000e-01
4.786000e-02	7.094000e-01	3.005000e-01
4.842000e-02	7.055000e-01	3.089000e-01
4.898000e-02	7.018000e-01	3.175000e-01
4.955000e-02	6.980000e-01	3.263000e-01
5.012000e-02	6.943000e-01	3.354000e-01
5.070000e-02	6.907000e-01	3.446000e-01
5.129000e-02	6.871000e-01	3.541000e-01
5.188000e-02	6.836000e-01	3.638000e-01
5.248000e-02	6.802000e-01	3.737000e-01
5.309000e-02	6.769000e-01	3.838000e-01
5.370000e-02	6.736000e-01	3.941000e-01
5.432000e-02	6.704000e-01	4.046000e-01
5.495000e-02	6.673000e-01	4.154000e-01
5.559000e-02	6.643000e-01	4.264000e-01
5.623000e-02	6.613000e-01	4.376000e-01
5.689000e-02	6.585000e-01	4.490000e-01
5.754000e-02	6.558000e-01	4.606000e-01
5.821000e-02	6.532000e-01	4.725000e-01
5.888000e-02	6.508000e-01	4.846000e-01
5.957000e-02	6.484000e-01	4.969000e-01
6.026000e-02	6.462000e-01	5.094000e-01
6.095000e-02	6.441000e-01	5.221000e-01
6.166000e-02	6.421000e-01	5.350000e-01
6.237000e-02	6.402000e-01	5.481000e-01
6.310000e-02	6.385000e-01	5.614000e-01
6.383000e-02	6.369000e-01	5.750000e-01
6.457000e-02	6.354000e-01	5.887000e-01
6.531000e-02	6.341000e-01	6.027000e-01
6.607000e-02	6.329000e-01	6.169000e-01
6.683000e-02	6.318000e-01	6.313000e-01
6.761000e-02	6.309000e-01	6.459000e-01
6.839000e-02	6.301000e-01	6.607000e-01
6.918000e-02	6.295000e-01	6.757000e-01
6.998000e-02	6.290000e-01	6.909000e-01
7.079000e-02	6.287000e-01	7.063000e-01
7.161000e-02	6.285000e-01	7.220000e-01
7.244000e-02	6.285000e-01	7.378000e-01
7.328000e-02	6.285000e-01	7.539000e-01
7.413000e-02	6.286000e-01	7.703000e-01
7.499000e-02	6.289000e-01	7.870000e-01
7.586000e-02	6.293000e-01	8.040000e-01
7.674000e-02	6.298000e-01	8.212000e-01
7.762000e-02	6.305000e-01	8.386000e-01
7.852000e-02	6.313000e-01	8.563000e-01
7.943000e-02	6.324000e-01	8.742000e-01
8.035000e-02	6.335000e-01	8.925000e-01
8.128000e-02	6.348000e-01	9.112000e-01
8.222000e-02	6.363000e-01	9.301000e-01
8.318000e-02	6.379000e-01	9.492000e-01
8.414000e-02	6.396000e-01	9.688000e-01
8.511000e-02	6.415000e-01	9.888000e-01
8.610000e-02	6.437000e-01	1.009000e+00
8.710000e-02	6.459000e-01	1.030000e+00
8.810000e-02	6.484000e-01	1.051000e+00
8.913000e-02	6.508000e-01	1.073000e+00
9.016000e-02	6.533000e-01	1.096000e+00
9.120000e-02	6.562000e-01	1.119000e+00
9.226000e-02	6.593000e-01	1.142000e+00
9.333000e-02	6.628000e-01	1.166000e+00
9.441000e-02	6.666000e-01	1.190000e+00
9.550000e-02	6.706000e-01	1.214000e+00
9.661000e-02	6.747000e-01	1.236000e+00
9.772000e-02	6.794000e-01	1.259000e+00
9.886000e-02	6.849000e-01	1.284000e+00
1.000000e-01	6.909000e-01	1.311000e+00
1.012000e-01	6.976000e-01	1.338000e+00
1.023000e-01	7.049000e-01	1.368000e+00
1.035000e-01	7.122000e-01	1.400000e+00
1.047000e-01	7.178000e-01	1.442000e+00
1.059000e-01	7.255000e-01	1.485000e+00
1.072000e-01	7.352000e-01	1.527000e+00
1.084000e-01	7.470000e-01	1.570000e+00
1.096000e-01	7.607000e-01	1.613000e+00
1.109000e-01	7.762000e-01	1.656000e+00
1.122000e-01	7.935000e-01	1.700000e+00
1.135000e-01	8.157000e-01	1.739000e+00
1.148000e-01	8.423000e-01	1.774000e+00
1.161000e-01	8.715000e-01	1.808000e+00
1.175000e-01	9.030900e-01	1.841000e+00
1.189000e-01	9.370400e-01	1.872000e+00
1.202000e-01	9.732300e-01	1.902000e+00
1.216000e-01	1.011590e+00	1.931000e+00
1.230000e-01	1.052030e+00	1.958000e+00
1.245000e-01	1.089500e+00	1.984000e+00
1.259000e-01	1.116600e+00	2.005000e+00
1.274000e-01	1.143200e+00	2.026000e+00
1.288000e-01	1.174100e+00	2.052000e+00
1.303000e-01	1.203700e+00	2.079000e+00
1.318000e-01	1.225600e+00	2.106000e+00
1.334000e-01	1.246800e+00	2.135000e+00
1.349000e-01	1.271800e+00	2.170000e+00
1.365000e-01	1.302800e+00	2.211000e+00
1.380000e-01	1.337300e+00	2.254000e+00
1.396000e-01	1.374100e+00	2.291000e+00
1.413000e-01	1.411700e+00	2.327000e+00
1.429000e-01	1.446600e+00	2.363000e+00
1.445000e-01	1.476200e+00	2.402000e+00
1.462000e-01	1.499300e+00	2.450000e+00
1.479000e-01	1.524900e+00	2.510000e+00
1.496000e-01	1.561700e+00	2.588000e+00
1.514000e-01	1.612500e+00	2.675000e+00
1.531000e-01	1.684000e+00	2.766000e+00
1.549000e-01	1.772100e+00	2.859000e+00
1.567000e-01	1.871400e+00	2.951000e+00
1.585000e-01	1.991300e+00	3.038000e+00
1.603000e-01	2.142000e+00	3.121000e+00
1.622000e-01	2.315000e+00	3.188000e+00
1.641000e-01	2.503000e+00	3.232000e+00
1.660000e-01	2.699000e+00	3.248000e+00
1.679000e-01	2.900000e+00	3.240000e+00
1.698000e-01	3.100000e+00	3.212000e+00
1.718000e-01	3.302000e+00	3.160000e+00
1.738000e-01	3.513000e+00	3.088000e+00
1.758000e-01	3.719000e+00	2.989000e+00
1.778000e-01	3.914000e+00	2.859000e+00
1.799000e-01	4.087000e+00	2.694000e+00
1.820000e-01	4.238000e+00	2.507000e+00
1.841000e-01	4.359000e+00	2.303000e+00
1.862000e-01	4.449000e+00	2.090000e+00
1.884000e-01	4.508000e+00	1.869000e+00
1.905000e-01	4.533000e+00	1.649000e+00
1.928000e-01	4.530000e+00	1.435000e+00
1.950000e-01	4.499000e+00	1.234000e+00
1.972000e-01	4.446000e+00	1.052000e+00
1.995000e-01	4.374000e+00	8.882000e-01
2.018000e-01	4.276000e+00	7.470000e-01
2.042000e-01	4.178000e+00	6.245000e-01
2.065000e-01	4.085000e+00	5.189000e-01
2.089000e-01	4.001000e+00	4.606000e-01
2.113000e-01	3.921000e+00	4.091000e-01
2.138000e-01	3.846000e+00	3.625000e-01
2.163000e-01	3.776000e+00	3.208000e-01
2.188000e-01	3.709000e+00	2.838000e-01
2.213000e-01	3.646000e+00	2.513000e-01
2.239000e-01	3.587000e+00	2.232000e-01
2.265000e-01	3.533000e+00	2.001000e-01
2.291000e-01	3.483000e+00	1.809000e-01
2.317000e-01	3.437000e+00	1.639000e-01
2.344000e-01	3.392000e+00	1.487000e-01
2.371000e-01	3.351000e+00	1.355000e-01
2.399000e-01	3.312000e+00	1.241000e-01
2.427000e-01	3.276000e+00	1.146000e-01
2.455000e-01	3.243000e+00	1.067000e-01
2.483000e-01	3.211000e+00	9.992000e-02
2.512000e-01	3.182000e+00	8.971000e-02
2.541000e-01	3.153000e+00	8.016000e-02
2.570000e-01	3.126000e+00	7.126000e-02
2.600000e-01	3.101000e+00	6.298000e-02
2.630000e-01	3.076000e+00	5.531000e-02
2.661000e-01	3.053000e+00	4.824000e-02
2.692000e-01	3.032000e+00	4.173000e-02
2.723000e-01	3.011000e+00	3.577000e-02
2.754000e-01	2.992000e+00	3.035000e-02
2.786000e-01	2.972000e+00	2.592000e-02
2.818000e-01	2.952000e+00	2.205000e-02
2.851000e-01	2.934000e+00	1.870000e-02
2.884000e-01	2.916000e+00	1.585000e-02
2.917000e-01	2.899000e+00	1.350000e-02
2.951000e-01	2.882000e+00	1.162000e-02
2.985000e-01	2.867000e+00	1.020000e-02
3.020000e-01	2.852000e+00	9.226000e-03
3.055000e-01	2.837000e+00	8.679000e-03
3.090000e-01	2.823000e+00	8.546000e-03
3.126000e-01	2.810000e+00	7.705000e-03
3.162000e-01	2.798000e+00	6.652000e-03
3.199000e-01	2.786000e+00	5.743000e-03
3.236000e-01	2.774000e+00	4.972000e-03
3.273000e-01	2.763000e+00	4.326000e-03
3.311000e-01	2.752000e+00	3.777000e-03
3.350000e-01	2.742000e+00	3.341000e-03
3.388000e-01	2.733000e+00	3.015000e-03
3.428000e-01	2.724000e+00	2.795000e-03
3.467000e-01	2.715000e+00	2.697000e-03
3.508000e-01	2.707000e+00	2.697000e-03
3.548000e-01	2.700000e+00	2.722000e-03
3.589000e-01	2.692000e+00	2.435000e-03
3.631000e-01	2.684000e+00	2.098000e-03
3.673000e-01	2.676000e+00	1.784000e-03
3.715000e-01	2.669000e+00	1.524000e-03
3.758000e-01	2.662000e+00	1.287000e-03
3.802000e-01	2.655000e+00	1.067000e-03
3.846000e-01	2.649000e+00	8.771000e-04
3.890000e-01	2.643000e+00	7.212000e-04
3.936000e-01	2.637000e+00	6.049000e-04
3.981000e-01	2.631000e+00	5.174000e-04
4.027000e-01	2.625000e+00	4.596000e-04
4.074000e-01	2.620000e+00	4.193000e-04
4.121000e-01	2.614000e+00	3.925000e-04
4.169000e-01	2.609000e+00	3.955000e-04
4.217000e-01	2.604000e+00	4.073000e-04
4.266000e-01	2.599000e+00	4.212000e-04
4.315000e-01	2.595000e+00	4.369000e-04
4.365000e-01	2.590000e+00	4.544000e-04
4.416000e-01	2.586000e+00	4.737000e-04
4.467000e-01	2.582000e+00	4.913000e-04
4.519000e-01	2.578000e+00	5.086000e-04
4.571000e-01	2.574000e+00	5.265000e-04
4.624000e-01	2.570000e+00	5.451000e-04
4.677000e-01	2.566000e+00	5.643000e-04
4.732000e-01	2.562000e+00	5.841000e-04
4.786000e-01	2.559000e+00	6.043000e-04
4.842000e-01	2.555000e+00	6.252000e-04
4.898000e-01	2.552000e+00	6.470000e-04
4.955000e-01	2.549000e+00	6.695000e-04
5.012000e-01	2.546000e+00	6.928000e-04
5.070000e-01	2.543000e+00	7.169000e-04
5.129000e-01	2.540000e+00	7.416000e-04
5.188000e-01	2.537000e+00	7.670000e-04
5.248000e-01	2.534000e+00	7.931000e-04
5.309000e-01	2.532000e+00	8.202000e-04
5.370000e-01	2.529000e+00	8.484000e-04
5.433000e-01	2.527000e+00	8.775000e-04
5.495000e-01	2.524000e+00	9.076000e-04
5.559000e-01	2.522000e+00	9.386000e-04
5.623000e-01	2.519000e+00	9.704000e-04
5.689000e-01	2.517000e+00	1.004000e-03
5.754000e-01	2.515000e+00	1.038000e-03
5.821000e-01	2.513000e+00	1.074000e-03
5.888000e-01	2.510000e+00	1.110000e-03
5.957000e-01	2.508000e+00	1.148000e-03
6.026000e-01	2.506000e+00	1.186000e-03
6.095000e-01	2.504000e+00	1.225000e-03
6.166000e-01	2.502000e+00	1.265000e-03
6.237000e-01	2.500000e+00	1.307000e-03
6.310000e-01	2.498000e+00	1.350000e-03
6.383000e-01	2.496000e+00	1.395000e-03
6.457000e-01	2.495000e+00	1.441000e-03
6.531000e-01	2.493000e+00	1.488000e-03
6.607000e-01	2.491000e+00	1.537000e-03
6.683000e-01	2.489000e+00	1.587000e-03
6.761000e-01	2.488000e+00	1.639000e-03
6.839000e-01	2.486000e+00	1.693000e-03
6.918000e-01	2.484000e+00	1.748000e-03
6.998000e-01	2.483000e+00	1.805000e-03
7.079000e-01	2.482000e+00	1.863000e-03
7.161000e-01	2.480000e+00	1.924000e-03
7.244000e-01	2.479000e+00	1.986000e-03
7.328000e-01	2.477000e+00	2.050000e-03
7.413000e-01	2.476000e+00	2.116000e-03
7.499000e-01	2.475000e+00	2.183000e-03
7.586000e-01	2.473000e+00	2.253000e-03
7.674000e-01	2.472000e+00	2.325000e-03
7.762000e-01	2.471000e+00	2.399000e-03
7.852000e-01	2.469000e+00	2.475000e-03
7.943000e-01	2.468000e+00	2.553000e-03
8.035000e-01	2.467000e+00	2.634000e-03
8.128000e-01	2.466000e+00	2.717000e-03
8.222000e-01	2.465000e+00	2.803000e-03
8.318000e-01	2.463000e+00	2.890000e-03
8.414000e-01	2.462000e+00	2.980000e-03
8.511000e-01	2.461000e+00	3.072000e-03
8.610000e-01	2.460000e+00	3.168000e-03
8.710000e-01	2.459000e+00	3.266000e-03
8.810000e-01	2.458000e+00	3.366000e-03
8.913000e-01	2.457000e+00	3.469000e-03
9.016000e-01	2.457000e+00	3.575000e-03
9.120000e-01	2.456000e+00	3.684000e-03
9.226000e-01	2.455000e+00	3.797000e-03
9.333000e-01	2.454000e+00	3.913000e-03
9.441000e-01	2.453000e+00	4.031000e-03
9.550000e-01	2.452000e+00	4.152000e-03
9.661000e-01	2.451000e+00	4.276000e-03
9.772000e-01	2.450000e+00	4.403000e-03
9.886000e-01	2.449000e+00	4.535000e-03
1.000000e+00	2.448000e+00	4.670000e-03
1.012000e+00	2.448000e+00	4.808000e-03
1.023000e+00	2.447000e+00	4.950000e-03
1.035000e+00	2.446000e+00	5.095000e-03
1.047000e+00	2.445000e+00	5.243000e-03
1.059000e+00	2.444000e+00	5.395000e-03
1.072000e+00	2.443000e+00	5.552000e-03
1.084000e+00	2.443000e+00	5.713000e-03
1.096000e+00	2.442000e+00	5.878000e-03
1.109000e+00	2.441000e+00	6.047000e-03
1.122000e+00	2.440000e+00	6.220000e-03
1.135000e+00	2.440000e+00	6.395000e-03
1.148000e+00	2.439000e+00	6.576000e-03
1.161000e+00	2.438000e+00	6.761000e-03
1.175000e+00	2.437000e+00	6.952000e-03
1.189000e+00	2.437000e+00	7.147000e-03
1.202000e+00	2.436000e+00	7.347000e-03
1.216000e+00	2.435000e+00	7.551000e-03
1.230000e+00	2.434000e+00	7.759000e-03
1.245000e+00	2.434000e+00	7.971000e-03
1.259000e+00	2.433000e+00	8.187000e-03
1.274000e+00	2.432000e+00	8.409000e-03
1.288000e+00	2.432000e+00	8.637000e-03
1.303000e+00	2.431000e+00	8.871000e-03
1.318000e+00	2.430000e+00	9.110000e-03
1.334000e+00	2.430000e+00	9.354000e-03
1.349000e+00	2.429000e+00	9.603000e-03
1.365000e+00	2.429000e+00	9.857000e-03
1.380000e+00	2.428000e+00	1.012000e-02
1.396000e+00	2.427000e+00	1.038000e-02
1.413000e+00	2.427000e+00	1.065000e-02
1.429000e+00	2.426000e+00	1.092000e-02
1.445000e+00	2.426000e+00	1.120000e-02
1.462000e+00	2.425000e+00	1.149000e-02
1.479000e+00	2.424000e+00	1.179000e-02
1.496000e+00	2.424000e+00	1.209000e-02
1.514000e+00	2.423000e+00	1.240000e-02
1.531000e+00	2.423000e+00	1.271000e-02
1.549000e+00	2.422000e+00	1.302000e-02
1.567000e+00	2.421000e+00	1.334000e-02
1.585000e+00	2.421000e+00	1.367000e-02
1.603000e+00	2.420000e+00	1.400000e-02
1.622000e+00	2.420000e+00	1.434000e-02
1.641000e+00	2.419000e+00	1.469000e-02
1.660000e+00	2.418000e+00	1.504000e-02
1.679000e+00	2.418000e+00	1.541000e-02
1.698000e+00	2.417000e+00	1.578000e-02
1.718000e+00	2.417000e+00	1.615000e-02
1.738000e+00	2.416000e+00	1.653000e-02
1.758000e+00	2.415000e+00	1.692000e-02
1.778000e+00	2.415000e+00	1.730000e-02
1.799000e+00	2.414000e+00	1.770000e-02
1.820000e+00	2.413000e+00	1.810000e-02
1.841000e+00	2.413000e+00	1.851000e-02
1.862000e+00	2.412000e+00	1.893000e-02
1.884000e+00	2.411000e+00	1.936000e-02
1.905000e+00	2.411000e+00	1.979000e-02
1.928000e+00	2.410000e+00	2.023000e-02
1.950000e+00	2.409000e+00	2.068000e-02
1.972000e+00	2.409000e+00	2.114000e-02
1.995000e+00	2.408000e+00	2.160000e-02
2.018000e+00	2.407000e+00	2.207000e-02
2.042000e+00	2.407000e+00	2.255000e-02
2.065000e+00	2.406000e+00	2.303000e-02
2.089000e+00	2.405000e+00	2.353000e-02
2.113000e+00	2.405000e+00	2.403000e-02
2.138000e+00	2.404000e+00	2.455000e-02
2.163000e+00	2.403000e+00	2.507000e-02
2.188000e+00	2.403000e+00	2.559000e-02
2.213000e+00	2.402000e+00	2.613000e-02
2.239000e+00	2.402000e+00	2.666000e-02
2.265000e+00	2.401000e+00	2.721000e-02
2.291000e+00	2.400000e+00	2.776000e-02
2.317000e+00	2.400000e+00	2.831000e-02
2.344000e+00	2.399000e+00	2.887000e-02
2.371000e+00	2.398000e+00	2.943000e-02
2.399000e+00	2.398000e+00	3.000000e-02
2.427000e+00	2.397000e+00	3.057000e-02
2.455000e+00	2.397000e+00	3.114000e-02
2.483000e+00	2.396000e+00	3.172000e-02
2.512000e+00	2.395000e+00	3.234000e-02
2.541000e+00	2.394000e+00	3.296000e-02
2.570000e+00	2.394000e+00	3.358000e-02
2.600000e+00	2.393000e+00	3.421000e-02
2.630000e+00	2.392000e+00	3.485000e-02
2.661000e+00	2.391000e+00	3.549000e-02
2.692000e+00	2.391000e+00	3.614000e-02
2.723000e+00	2.390000e+00	3.679000e-02
2.754000e+00	2.389000e+00	3.744000e-02
2.786000e+00	2.388000e+00	3.812000e-02
2.818000e+00	2.387000e+00	3.881000e-02
2.851000e+00	2.387000e+00	3.950000e-02
2.884000e+00	2.386000e+00	4.020000e-02
2.917000e+00	2.385000e+00	4.091000e-02
2.951000e+00	2.384000e+00	4.162000e-02
2.985000e+00	2.383000e+00	4.234000e-02
3.020000e+00	2.382000e+00	4.307000e-02
3.055000e+00	2.381000e+00	4.379000e-02
3.090000e+00	2.380000e+00	4.453000e-02
3.126000e+00	2.379000e+00	4.528000e-02
3.162000e+00	2.378000e+00	4.604000e-02
3.199000e+00	2.377000e+00	4.680000e-02
3.236000e+00	2.376000e+00	4.757000e-02
3.273000e+00	2.375000e+00	4.835000e-02
3.311000e+00	2.374000e+00	4.914000e-02
3.350000e+00	2.373000e+00	4.994000e-02
3.388000e+00	2.372000e+00	5.075000e-02
3.428000e+00	2.370000e+00	5.156000e-02
3.467000e+00	2.369000e+00	5.238000e-02
3.508000e+00	2.368000e+00	5.322000e-02
3.548000e+00	2.367000e+00	5.406000e-02
3.589000e+00	2.366000e+00	5.491000e-02
3.631000e+00	2.364000e+00	5.576000e-02
3.673000e+00	2.363000e+00	5.663000e-02
3.715000e+00	2.362000e+00	5.751000e-02
3.758000e+00	2.360000e+00	5.839000e-02
3.802000e+00	2.359000e+00	5.929000e-02
3.846000e+00	2.357000e+00	6.019000e-02
3.890000e+00	2.355000e+00	6.111000e-02
3.936000e+00	2.354000e+00	6.203000e-02
3.981000e+00	2.352000e+00	6.296000e-02
4.027000e+00	2.351000e+00	6.391000e-02
4.074000e+00	2.349000e+00	6.486000e-02
4.121000e+00	2.347000e+00	6.583000e-02
4.169000e+00	2.346000e+00	6.680000e-02
4.217000e+00	2.344000e+00	6.779000e-02
4.266000e+00	2.342000e+00	6.879000e-02
4.315000e+00	2.340000e+00	6.980000e-02
4.365000e+00	2.338000e+00	7.082000e-02
4.416000e+00	2.336000e+00	7.186000e-02
4.467000e+00	2.334000e+00	7.290000e-02
4.519000e+00	2.332000e+00	7.396000e-02
4.571000e+00	2.330000e+00	7.504000e-02
4.624000e+00	2.327000e+00	7.613000e-02
4.677000e+00	2.324000e+00	7.723000e-02
4.732000e+00	2.322000e+00	7.835000e-02
4.786000e+00	2.319000e+00	7.948000e-02
4.842000e+00	2.317000e+00	8.063000e-02
4.898000e+00	2.314000e+00	8.180000e-02
4.955000e+00	2.311000e+00	8.299000e-02
5.012000e+00	2.308000e+00	8.420000e-02
5.070000e+00	2.305000e+00	8.543000e-02
5.129000e+00	2.302000e+00	8.668000e-02
5.188000e+00	2.299000e+00	8.794000e-02
5.248000e+00	2.295000e+00	8.922000e-02
5.309000e+00	2.292000e+00	9.053000e-02
5.370000e+00	2.288000e+00	9.187000e-02
5.433000e+00	2.284000e+00	9.325000e-02
5.495000e+00	2.280000e+00	9.466000e-02
5.559000e+00	2.276000e+00	9.610000e-02
5.623000e+00	2.272000e+00	9.756000e-02
5.689000e+00	2.267000e+00	9.908000e-02
5.754000e+00	2.263000e+00	1.006000e-01
5.821000e+00	2.258000e+00	1.022000e-01
5.888000e+00	2.253000e+00	1.039000e-01
5.957000e+00	2.248000e+00	1.056000e-01
6.026000e+00	2.243000e+00	1.073000e-01
6.095000e+00	2.237000e+00	1.090000e-01
6.166000e+00	2.232000e+00	1.108000e-01
6.237000e+00	2.226000e+00	1.126000e-01
6.310000e+00	2.219000e+00	1.146000e-01
6.383000e+00	2.213000e+00	1.166000e-01
6.457000e+00	2.206000e+00	1.187000e-01
6.531000e+00	2.198000e+00	1.208000e-01
6.607000e+00	2.191000e+00	1.230000e-01
6.683000e+00	2.183000e+00	1.253000e-01
6.761000e+00	2.174000e+00	1.278000e-01
6.839000e+00	2.166000e+00	1.304000e-01
6.918000e+00	2.156000e+00	1.330000e-01
6.998000e+00	2.147000e+00	1.358000e-01
7.079000e+00	2.136000e+00	1.388000e-01
7.161000e+00	2.125000e+00	1.420000e-01
7.244000e+00	2.114000e+00	1.454000e-01
7.328000e+00	2.102000e+00	1.488000e-01
7.413000e+00	2.090000e+00	1.525000e-01
7.499000e+00	2.076000e+00	1.565000e-01
7.586000e+00	2.062000e+00	1.609000e-01
7.674000e+00	2.047000e+00	1.655000e-01
7.762000e+00	2.032000e+00	1.705000e-01
7.852000e+00	2.014000e+00	1.760000e-01
7.943000e+00	1.996200e+00	1.820000e-01
8.035000e+00	1.977100e+00	1.883000e-01
8.128000e+00	1.957000e+00	1.951000e-01
8.222000e+00	1.936000e+00	2.023000e-01
8.318000e+00	1.913200e+00	2.104000e-01
8.414000e+00	1.888300e+00	2.196000e-01
8.511000e+00	1.862100e+00	2.295000e-01
8.610000e+00	1.834000e+00	2.404000e-01
8.710000e+00	1.803400e+00	2.530000e-01
8.810000e+00	1.770200e+00	2.673000e-01
8.913000e+00	1.734700e+00	2.830000e-01
9.016000e+00	1.695900e+00	3.014000e-01
9.120000e+00	1.653700e+00	3.229000e-01
9.226000e+00	1.608100e+00	3.467000e-01
9.333000e+00	1.558300e+00	3.750000e-01
9.441000e+00	1.504300e+00	4.098000e-01
9.550000e+00	1.446400e+00	4.513000e-01
9.661000e+00	1.383900e+00	5.039000e-01
9.772000e+00	1.317400e+00	5.647000e-01
9.886000e+00	1.247100e+00	6.335000e-01
1.000000e+01	1.175900e+00	7.189000e-01
1.012000e+01	1.108100e+00	8.238000e-01
1.023000e+01	1.047530e+00	9.465000e-01
1.035000e+01	9.983290e-01	1.086000e+00
1.047000e+01	9.632700e-01	1.238000e+00
1.059000e+01	9.435300e-01	1.401000e+00
1.072000e+01	9.392400e-01	1.573000e+00
1.084000e+01	9.504100e-01	1.754000e+00
1.096000e+01	9.774500e-01	1.943000e+00
1.109000e+01	1.021600e+00	2.140000e+00
1.122000e+01	1.085140e+00	2.349000e+00
1.135000e+01	1.171800e+00	2.569000e+00
1.148000e+01	1.287100e+00	2.801000e+00
1.161000e+01	1.439000e+00	3.046000e+00
1.175000e+01	1.638500e+00	3.300000e+00
1.189000e+01	1.900600e+00	3.557000e+00
1.202000e+01	2.243000e+00	3.802000e+00
1.216000e+01	2.684000e+00	4.003000e+00
1.230000e+01	3.226000e+00	4.108000e+00
1.245000e+01	3.836000e+00	4.051000e+00
1.259000e+01	4.428000e+00	3.789000e+00
1.274000e+01	4.888000e+00	3.347000e+00
1.288000e+01	5.154000e+00	2.827000e+00
1.303000e+01	5.244000e+00	2.330000e+00
1.318000e+01	5.214000e+00	1.908000e+00
1.334000e+01	5.122000e+00	1.572000e+00
1.349000e+01	5.005000e+00	1.310000e+00
1.365000e+01	4.879000e+00	1.107000e+00
1.380000e+01	4.757000e+00	9.482000e-01
1.396000e+01	4.643000e+00	8.229000e-01
1.413000e+01	4.539000e+00	7.229000e-01
1.429000e+01	4.444000e+00	6.421000e-01
1.445000e+01	4.357000e+00	5.758000e-01
1.462000e+01	4.279000e+00	5.210000e-01
1.479000e+01	4.209000e+00	4.751000e-01
1.496000e+01	4.144000e+00	4.363000e-01
1.514000e+01	4.086000e+00	4.031000e-01
1.531000e+01	4.033000e+00	3.747000e-01
1.549000e+01	3.984000e+00	3.501000e-01
1.567000e+01	3.941000e+00	3.301000e-01
1.585000e+01	3.900000e+00	3.117000e-01
1.603000e+01	3.862000e+00	2.948000e-01
1.622000e+01	3.827000e+00	2.794000e-01
1.641000e+01	3.794000e+00	2.653000e-01
1.660000e+01	3.763000e+00	2.529000e-01
1.679000e+01	3.735000e+00	2.421000e-01
1.698000e+01	3.709000e+00	2.322000e-01
1.718000e+01	3.684000e+00	2.232000e-01
1.738000e+01	3.661000e+00	2.151000e-01
1.758000e+01	3.640000e+00	2.079000e-01
1.778000e+01	3.620000e+00	2.014000e-01
1.799000e+01	3.602000e+00	1.951000e-01
1.820000e+01	3.584000e+00	1.893000e-01
1.841000e+01	3.567000e+00	1.839000e-01
1.862000e+01	3.552000e+00	1.789000e-01
1.884000e+01	3.537000e+00	1.743000e-01
1.905000e+01	3.523000e+00	1.701000e-01
1.928000e+01	3.510000e+00	1.660000e-01
1.950000e+01	3.498000e+00	1.621000e-01
1.972000e+01	3.486000e+00	1.585000e-01
1.995000e+01	3.475000e+00	1.551000e-01
2.018000e+01	3.464000e+00	1.518000e-01
2.042000e+01	3.454000e+00	1.488000e-01
2.065000e+01	3.444000e+00	1.459000e-01
2.089000e+01	3.435000e+00	1.432000e-01
2.113000e+01	3.426000e+00	1.405000e-01
2.138000e+01	3.418000e+00	1.380000e-01
2.163000e+01	3.410000e+00	1.356000e-01
2.188000e+01	3.402000e+00	1.332000e-01
2.213000e+01	3.395000e+00	1.310000e-01
2.239000e+01	3.388000e+00	1.289000e-01
2.265000e+01	3.381000e+00	1.269000e-01
2.291000e+01	3.375000e+00	1.249000e-01
2.317000e+01	3.369000e+00	1.230000e-01
2.344000e+01	3.363000e+00	1.212000e-01
2.371000e+01	3.357000e+00	1.194000e-01
2.399000e+01	3.352000e+00	1.177000e-01
2.427000e+01	3.347000e+00	1.160000e-01
2.455000e+01	3.342000e+00	1.144000e-01
2.483000e+01	3.337000e+00	1.128000e-01
2.512000e+01	3.333000e+00	1.113000e-01
2.541000e+01	3.329000e+00	1.098000e-01
2.570000e+01	3.325000e+00	1.083000e-01
2.600000e+01	3.321000e+00	1.069000e-01
2.630000e+01	3.317000e+00	1.055000e-01
2.661000e+01	3.313000e+00	1.042000e-01
2.692000e+01	3.310000e+00	1.029000e-01
2.723000e+01	3.306000e+00	1.016000e-01
2.754000e+01	3.303000e+00	1.003000e-01
2.786000e+01	3.300000e+00	9.910000e-02
2.818000e+01	3.297000e+00	9.788000e-02
2.851000e+01	3.294000e+00	9.668000e-02
2.884000e+01	3.291000e+00	9.551000e-02
2.917000e+01	3.288000e+00	9.435000e-02
2.951000e+01	3.285000e+00	9.322000e-02
2.985000e+01	3.283000e+00	9.211000e-02
3.020000e+01	3.280000e+00	9.102000e-02
3.055000e+01	3.278000e+00	8.994000e-02
3.090000e+01	3.276000e+00	8.889000e-02
3.126000e+01	3.273000e+00	8.786000e-02
3.162000e+01	3.271000e+00	8.684000e-02
3.199000e+01	3.269000e+00	8.583000e-02
3.236000e+01	3.267000e+00	8.484000e-02
3.273000e+01	3.265000e+00	8.387000e-02
3.311000e+01	3.263000e+00	8.291000e-02
3.350000e+01	3.261000e+00	8.196000e-02
3.388000e+01	3.259000e+00	8.103000e-02
3.428000e+01	3.258000e+00	8.011000e-02
3.467000e+01	3.256000e+00	7.920000e-02
3.508000e+01	3.254000e+00	7.831000e-02
3.548000e+01	3.253000e+00	7.743000e-02
3.589000e+01	3.251000e+00	7.655000e-02
3.631000e+01	3.250000e+00	7.569000e-02
3.673000e+01	3.248000e+00	7.484000e-02
3.715000e+01	3.247000e+00	7.400000e-02
3.758000e+01	3.246000e+00	7.317000e-02
3.802000e+01	3.244000e+00	7.235000e-02
3.846000e+01	3.243000e+00	7.154000e-02
3.890000e+01	3.242000e+00	7.074000e-02
3.936000e+01	3.241000e+00	6.995000e-02
3.981000e+01	3.239000e+00	6.917000e-02
4.027000e+01	3.238000e+00	6.840000e-02
4.074000e+01	3.237000e+00	6.764000e-02
4.121000e+01	3.236000e+00	6.689000e-02
4.169000e+01	3.235000e+00	6.614000e-02
4.217000e+01	3.234000e+00	6.541000e-02
4.266000e+01	3.233000e+00	6.468000e-02
4.315000e+01	3.232000e+00	6.396000e-02
4.365000e+01	3.231000e+00	6.325000e-02
4.416000e+01	3.231000e+00	6.254000e-02
4.467000e+01	3.230000e+00	6.185000e-02
4.519000e+01	3.229000e+00	6.116000e-02
4.571000e+01	3.228000e+00	6.048000e-02
4.624000e+01	3.227000e+00	5.981000e-02
4.677000e+01	3.227000e+00	5.914000e-02
4.732000e+01	3.226000e+00	5.849000e-02
4.786000e+01	3.225000e+00	5.784000e-02
4.842000e+01	3.224000e+00	5.720000e-02
4.898000e+01	3.224000e+00	5.656000e-02
4.955000e+01	3.223000e+00	5.593000e-02
5.012000e+01	3.222000e+00	5.531000e-02
5.070000e+01	3.222000e+00	5.470000e-02
5.129000e+01	3.221000e+00	5.409000e-02
5.188000e+01	3.221000e+00	5.349000e-02
5.248000e+01	3.220000e+00	5.289000e-02
5.309000e+01	3.219000e+00	5.230000e-02
5.370000e+01	3.219000e+00	5.172000e-02
5.433000e+01	3.218000e+00	5.114000e-02
5.495000e+01	3.218000e+00	5.057000e-02
5.559000e+01	3.217000e+00	5.001000e-02
5.623000e+01	3.217000e+00	4.945000e-02
5.689000e+01	3.216000e+00	4.890000e-02
5.754000e+01	3.216000e+00	4.836000e-02
5.821000e+01	3.215000e+00	4.782000e-02
5.888000e+01	3.215000e+00	4.728000e-02
5.957000e+01	3.214000e+00	4.676000e-02
6.026000e+01	3.214000e+00	4.623000e-02
6.095000e+01	3.214000e+00	4.572000e-02
6.166000e+01	3.213000e+00	4.521000e-02
6.237000e+01	3.213000e+00	4.470000e-02
6.310000e+01	3.212000e+00	4.420000e-02
6.383000e+01	3.212000e+00	4.371000e-02
6.457000e+01	3.212000e+00	4.322000e-02
6.531000e+01	3.211000e+00	4.273000e-02
6.607000e+01	3.211000e+00	4.225000e-02
6.683000e+01	3.211000e+00	4.178000e-02
6.761000e+01	3.210000e+00	4.131000e-02
6.839000e+01	3.210000e+00	4.085000e-02
6.918000e+01	3.210000e+00	4.039000e-02
6.998000e+01	3.209000e+00	3.994000e-02
7.079000e+01	3.209000e+00	3.949000e-02
7.161000e+01	3.209000e+00	3.904000e-02
7.244000e+01	3.209000e+00	3.861000e-02
7.328000e+01	3.208000e+00	3.817000e-02
7.413000e+01	3.208000e+00	3.774000e-02
7.499000e+01	3.208000e+00	3.732000e-02
7.586000e+01	3.208000e+00	3.690000e-02
7.674000e+01	3.207000e+00	3.648000e-02
7.762000e+01	3.207000e+00	3.607000e-02
7.852000e+01	3.207000e+00	3.567000e-02
7.943000e+01	3.207000e+00	3.526000e-02
8.035000e+01	3.207000e+00	3.487000e-02
8.128000e+01	3.206000e+00	3.447000e-02
8.222000e+01	3.206000e+00	3.409000e-02
8.318000e+01	3.206000e+00	3.370000e-02
8.414000e+01	3.206000e+00	3.332000e-02
8.511000e+01	3.205000e+00	3.295000e-02
8.610000e+01	3.205000e+00	3.257000e-02
8.710000e+01	3.205000e+00	3.221000e-02
8.810000e+01	3.205000e+00	3.184000e-02
8.913000e+01	3.205000e+00	3.148000e-02
9.016000e+01	3.205000e+00	3.113000e-02
9.120000e+01	3.204000e+00	3.078000e-02
9.226000e+01	3.204000e+00	3.043000e-02
9.333000e+01	3.204000e+00	3.008000e-02
9.441000e+01	3.204000e+00	2.974000e-02
9.550000e+01	3.204000e+00	2.941000e-02
9.661000e+01	3.204000e+00	2.908000e-02
9.772000e+01	3.203000e+00	2.875000e-02
9.886000e+01	3.203000e+00	2.842000e-02
1.000000e+02	3.203000e+00	2.810000e-02
1.012000e+02	3.203000e+00	2.778000e-02
1.023000e+02	3.203000e+00	2.747000e-02
1.035000e+02	3.203000e+00	2.716000e-02
1.047000e+02	3.203000e+00	2.685000e-02
1.059000e+02	3.202000e+00	2.654000e-02
1.072000e+02	3.202000e+00	2.624000e-02
1.084000e+02	3.202000e+00	2.595000e-02
1.096000e+02	3.202000e+00	2.565000e-02
1.109000e+02	3.202000e+00	2.536000e-02
1.122000e+02	3.202000e+00	2.507000e-02
1.135000e+02	3.202000e+00	2.479000e-02
1.148000e+02	3.202000e+00	2.451000e-02
1.161000e+02	3.202000e+00	2.423000e-02
1.175000e+02	3.201000e+00	2.396000e-02
1.189000e+02	3.201000e+00	2.368000e-02
1.202000e+02	3.201000e+00	2.341000e-02
1.216000e+02	3.201000e+00	2.315000e-02
1.230000e+02	3.201000e+00	2.289000e-02
1.245000e+02	3.201000e+00	2.263000e-02
1.259000e+02	3.201000e+00	2.237000e-02
1.274000e+02	3.201000e+00	2.211000e-02
1.288000e+02	3.201000e+00	2.186000e-02
1.303000e+02	3.201000e+00	2.161000e-02
1.318000e+02	3.201000e+00	2.137000e-02
1.334000e+02	3.201000e+00	2.112000e-02
1.349000e+02	3.201000e+00	2.088000e-02
1.365000e+02	3.201000e+00	2.064000e-02
1.380000e+02	3.201000e+00	2.041000e-02
1.396000e+02	3.201000e+00	2.018000e-02
1.413000e+02	3.201000e+00	1.995000e-02
1.429000e+02	3.201000e+00	1.972000e-02
1.445000e+02	3.201000e+00	1.950000e-02
1.462000e+02	3.201000e+00	1.927000e-02
1.479000e+02	3.200000e+00	1.905000e-02
1.496000e+02	3.200000e+00	1.884000e-02
1.514000e+02	3.200000e+00	1.862000e-02
1.531000e+02	3.200000e+00	1.841000e-02
1.549000e+02	3.200000e+00	1.820000e-02
1.567000e+02	3.200000e+00	1.799000e-02
1.585000e+02	3.200000e+00	1.779000e-02
1.603000e+02	3.200000e+00	1.759000e-02
1.622000e+02	3.200000e+00	1.739000e-02
1.641000e+02	3.199000e+00	1.719000e-02
1.660000e+02	3.199000e+00	1.699000e-02
1.679000e+02	3.199000e+00	1.680000e-02
1.698000e+02	3.199000e+00	1.661000e-02
1.718000e+02	3.199000e+00	1.642000e-02
1.738000e+02	3.199000e+00	1.623000e-02
1.758000e+02	3.199000e+00	1.605000e-02
1.778000e+02	3.199000e+00	1.587000e-02
1.799000e+02	3.199000e+00	1.569000e-02
1.820000e+02	3.199000e+00	1.551000e-02
1.841000e+02	3.199000e+00	1.533000e-02
1.862000e+02	3.199000e+00	1.515000e-02
1.884000e+02	3.199000e+00	1.498000e-02
1.905000e+02	3.199000e+00	1.481000e-02
1.928000e+02	3.199000e+00	1.464000e-02
1.950000e+02	3.199000e+00	1.447000e-02
1.972000e+02	3.199000e+00	1.431000e-02
1.995000e+02	3.199000e+00	1.415000e-02
2.018000e+02	3.199000e+00	1.398000e-02
2.042000e+02	3.199000e+00	1.382000e-02
2.065000e+02	3.199000e+00	1.367000e-02
2.089000e+02	3.199000e+00	1.351000e-02
2.113000e+02	3.199000e+00	1.336000e-02
2.138000e+02	3.199000e+00	1.320000e-02
2.163000e+02	3.199000e+00	1.305000e-02
2.188000e+02	3.199000e+00	1.290000e-02
2.213000e+02	3.199000e+00	1.276000e-02
2.239000e+02	3.199000e+00	1.261000e-02
2.265000e+02	3.199000e+00	1.247000e-02
2.291000e+02	3.199000e+00	1.233000e-02
2.317000e+02	3.199000e+00	1.219000e-02
2.344000e+02	3.199000e+00	1.205000e-02
2.371000e+02	3.199000e+00	1.191000e-02
2.399000e+02	3.199000e+00	1.177000e-02
2.427000e+02	3.199000e+00	1.164000e-02
2.455000e+02	3.199000e+00	1.151000e-02
2.483000e+02	3.199000e+00	1.137000e-02
2.512000e+02	3.199000e+00	1.124000e-02
2.541000e+02	3.199000e+00	1.112000e-02
2.570000e+02	3.199000e+00	1.099000e-02
2.600000e+02	3.199000e+00	1.086000e-02
2.630000e+02	3.199000e+00	1.074000e-02
2.661000e+02	3.199000e+00	1.062000e-02
2.692000e+02	3.199000e+00	1.049000e-02
2.723000e+02	3.199000e+00	1.037000e-02
2.754000e+02	3.199000e+00	1.025000e-02
2.786000e+02	3.198000e+00	1.014000e-02
2.818000e+02	3.198000e+00	1.002000e-02
2.851000e+02	3.198000e+00	9.907000e-03
2.884000e+02	3.198000e+00	9.793000e-03
2.917000e+02	3.198000e+00	9.681000e-03
2.951000e+02	3.198000e+00	9.570000e-03
2.985000e+02	3.198000e+00	9.461000e-03
3.020000e+02	3.198000e+00	9.352000e-03
3.055000e+02	3.198000e+00	9.245000e-03
3.090000e+02	3.198000e+00	9.139000e-03
3.126000e+02	3.198000e+00	9.035000e-03
3.162000e+02	3.198000e+00	8.932000e-03
3.199000e+02	3.198000e+00	8.829000e-03
3.236000e+02	3.198000e+00	8.728000e-03
3.273000e+02	3.198000e+00	8.629000e-03
3.311000e+02	3.198000e+00	8.530000e-03
3.350000e+02	3.198000e+00	8.432000e-03
3.388000e+02	3.198000e+00	8.336000e-03
3.428000e+02	3.198000e+00	8.241000e-03
3.467000e+02	3.198000e+00	8.146000e-03
3.508000e+02	3.198000e+00	8.053000e-03
3.548000e+02	3.198000e+00	7.961000e-03
3.589000e+02	3.198000e+00	7.870000e-03
3.631000e+02	3.198000e+00	7.780000e-03
3.673000e+02	3.198000e+00	7.691000e-03
3.715000e+02	3.198000e+00	7.603000e-03
3.758000e+02	3.198000e+00	7.516000e-03
3.802000e+02	3.198000e+00	7.430000e-03
3.846000e+02	3.198000e+00	7.345000e-03
3.890000e+02	3.198000e+00	7.261000e-03
3.936000e+02	3.198000e+00	7.178000e-03
3.981000e+02	3.198000e+00	7.096000e-03
4.027000e+02	3.198000e+00	7.015000e-03
4.074000e+02	3.198000e+00	6.935000e-03
4.121000e+02	3.198000e+00	6.856000e-03
4.169000e+02	3.198000e+00	6.777000e-03
4.217000e+02	3.198000e+00	6.700000e-03
4.266000e+02	3.198000e+00	6.623000e-03
4.315000e+02	3.198000e+00	6.547000e-03
4.365000e+02	3.198000e+00	6.472000e-03
4.416000e+02	3.198000e+00	6.398000e-03
4.467000e+02	3.198000e+00	6.325000e-03
4.519000e+02	3.198000e+00	6.253000e-03
4.571000e+02	3.198000e+00	6.181000e-03
4.624000e+02	3.198000e+00	6.110000e-03
4.677000e+02	3.198000e+00	6.041000e-03
4.732000e+02	3.198000e+00	5.971000e-03
4.786000e+02	3.198000e+00	5.903000e-03
4.842000e+02	3.198000e+00	5.836000e-03
4.898000e+02	3.198000e+00	5.769000e-03
4.955000e+02	3.198000e+00	5.703000e-03
5.012000e+02	3.198000e+00	5.638000e-03
5.070000e+02	3.198000e+00	5.573000e-03
5.129000e+02	3.198000e+00	5.509000e-03
5.188000e+02	3.198000e+00	5.446000e-03
5.248000e+02	3.198000e+00	5.384000e-03
5.309000e+02	3.198000e+00	5.322000e-03
5.370000e+02	3.198000e+00	5.261000e-03
5.433000e+02	3.198000e+00	5.201000e-03
5.495000e+02	3.198000e+00	5.142000e-03
5.559000e+02	3.198000e+00	5.083000e-03
5.623000e+02	3.198000e+00	5.025000e-03
5.689000e+02	3.198000e+00	4.967000e-03
5.754000e+02	3.198000e+00	4.910000e-03
5.821000e+02	3.198000e+00	4.854000e-03
5.888000e+02	3.198000e+00	4.799000e-03
5.957000e+02	3.198000e+00	4.744000e-03
6.026000e+02	3.198000e+00	4.689000e-03
6.095000e+02	3.198000e+00	4.636000e-03
6.166000e+02	3.198000e+00	4.583000e-03
6.237000e+02	3.198000e+00	4.530000e-03
6.310000e+02	3.198000e+00	4.478000e-03
6.383000e+02	3.198000e+00	4.427000e-03
6.457000e+02	3.198000e+00	4.376000e-03
6.531000e+02	3.198000e+00	4.326000e-03
6.607000e+02	3.198000e+00	4.277000e-03
6.683000e+02	3.198000e+00	4.228000e-03
6.761000e+02	3.198000e+00	4.179000e-03
6.839000e+02	3.198000e+00	4.132000e-03
6.918000e+02	3.198000e+00	4.084000e-03
6.998000e+02	3.198000e+00	4.038000e-03
7.079000e+02	3.198000e+00	3.991000e-03
7.161000e+02	3.198000e+00	3.946000e-03
7.244000e+02	3.198000e+00	3.900000e-03
7.328000e+02	3.198000e+00	3.856000e-03
7.413000e+02	3.198000e+00	3.812000e-03
7.499000e+02	3.198000e+00	3.768000e-03
7.586000e+02	3.198000e+00	3.725000e-03
7.674000e+02	3.198000e+00	3.682000e-03
7.762000e+02	3.198000e+00	3.640000e-03
7.852000e+02	3.198000e+00	3.598000e-03
7.943000e+02	3.198000e+00	3.557000e-03
8.035000e+02	3.198000e+00	3.517000e-03
8.128000e+02	3.198000e+00	3.476000e-03
8.222000e+02	3.198000e+00	3.437000e-03
8.318000e+02	3.198000e+00	3.397000e-03
8.414000e+02	3.198000e+00	3.358000e-03
8.511000e+02	3.198000e+00	3.320000e-03
8.610000e+02	3.198000e+00	3.282000e-03
8.710000e+02	3.198000e+00	3.244000e-03
8.810000e+02	3.198000e+00	3.207000e-03
8.913000e+02	3.198000e+00	3.170000e-03
9.016000e+02	3.198000e+00	3.134000e-03
9.120000e+02	3.198000e+00	3.098000e-03
9.226000e+02	3.198000e+00	3.063000e-03
9.333000e+02	3.198000e+00	3.028000e-03
9.441000e+02	3.198000e+00	2.993000e-03
9.550000e+02	3.198000e+00	2.959000e-03
9.661000e+02	3.198000e+00	2.925000e-03
9.772000e+02	3.198000e+00	2.891000e-03
9.886000e+02	3.198000e+00	2.858000e-03
1.000000e+03	3.198000e+00	2.826000e-03
