74 .True.
#  Refractive index of Soot (Lavvas per. comm.)
#  ref: Aerosol Properties of the Atmospheres of Extrasolar Giant Planets 
#  Lavvas, P. ; Koskinen, T. Ap.J., 847:32 (2017)
# wavelength  n  k 
 0.030 0.749 0.093
 0.033 0.919 0.095
 0.037 0.955 0.121
 0.041 0.970 0.160
 0.046 0.976 0.205
 0.050 0.982 0.245
 0.056 1.011 0.257
 0.062 1.039 0.249
 0.069 1.038 0.232
 0.077 1.014 0.239
 0.085 0.998 0.279
 0.094 1.017 0.339
 0.105 1.070 0.376
 0.116 1.133 0.374
 0.129 1.161 0.344
 0.143 1.148 0.313
 0.159 1.107 0.309
 0.176 1.052 0.341
 0.196 0.993 0.387
 0.217 0.957 0.479
 0.241 0.982 0.625
 0.267 1.112 0.661
 0.297 1.329 0.637
 0.329 1.489 0.589
 0.365 1.594 0.539
 0.405 1.664 0.498
 0.450 1.713 0.473
 0.499 1.740 0.450
 0.554 1.733 0.418
 0.615 1.730 0.408
 0.682 1.733 0.411
 0.757 1.735 0.425
 0.840 1.739 0.445
 0.933 1.743 0.470
 1.035 1.748 0.503
 1.148 1.759 0.537
 1.275 1.774 0.573
 1.414 1.792 0.612
 1.570 1.814 0.656
 1.742 1.840 0.704
 1.933 1.871 0.758
 2.145 1.909 0.821
 2.381 1.948 0.882
 2.642 1.992 0.942
 2.932 2.044 1.004
 3.254 2.107 1.065
 3.611 2.172 1.124
 4.008 2.255 1.174
 4.447 2.336 1.229
 4.936 2.418 1.294
 5.477 2.505 1.362
 6.078 2.598 1.419
 6.746 2.697 1.475
 7.486 2.790 1.527
 8.308 2.888 1.579
 9.219 2.988 1.639
10.231 3.085 1.712
11.354 3.189 1.782
12.601 3.289 1.854
13.984 3.392 1.938
15.518 3.503 2.024
17.222 3.629 2.120
19.112 3.752 2.229
21.210 3.870 2.348
23.538 3.990 2.477
26.121 4.115 2.620
28.988 4.245 2.774
32.170 4.383 2.938
35.701 4.531 3.111
39.619 4.691 3.291
43.968 4.867 3.479
48.794 5.063 3.671
54.149 5.284 3.867
60.093 5.538 4.063

