969 .False.
#  Tholin optical constants at C/O = infinity
#  ref: Photochemical Hazes Can Trace the C/O Ratio in Exoplanet Atmospheres
#  Corrales Lía, Gavilan Lisseth, Teal D. J., Kempton Eliza M. -R.
# wavelength  n  k
0.13 1.1060000000000008 0.3354708624708624
0.131 1.357850815850816 0.3318344988344987
0.132 1.4269184149184149 0.32216550116550097
0.133 1.4805431235431235 0.3097645687645687
0.134 1.496277389277389 0.2950427350427349
0.135 1.5212657342657339 0.28878787878787865
0.136 1.5412354312354313 0.2789347319347318
0.137 1.555128205128205 0.2687808857808857
0.138 1.5730839160839158 0.2603799533799532
0.139 1.5888275058275054 0.24918881118881106
0.14 1.597331002331002 0.23836363636363622
0.141 1.6083053613053608 0.2295454545454544
0.142 1.6141072261072253 0.21786013986013975
0.143 1.6190722610722608 0.21344055944055937
0.144 1.6242284382284375 0.20806993006992996
0.145 1.6288484848484845 0.2011701631701631
0.146 1.6300442890442888 0.19242657342657338
0.147 1.6345757575757571 0.187097902097902
0.148 1.6348951048951046 0.1803038073038072
0.149 1.6378578088578084 0.1771724941724941
0.15 1.6384708624708622 0.1714770784770784
0.151 1.6388508158508155 0.1688368298368298
0.152 1.6399261849261846 0.16529137529137525
0.153 1.6414778554778553 0.16221445221445216
0.154 1.6428181818181815 0.15950582750582745
0.155 1.6436550116550115 0.15724708624708617
0.156 1.6440442890442886 0.15431157731157727
0.157 1.6454871794871788 0.15291142191142185
0.158 1.6454778554778553 0.15038850038850032
0.159 1.646508158508158 0.14922610722610716
0.16 1.6481934731934729 0.14722144522144517
0.161 1.6480279720279718 0.14631235431235423
0.162 1.649242424242424 0.1449370629370629
0.163 1.6500489510489507 0.14368531468531462
0.164 1.6520023310023302 0.1423566433566433
0.165 1.653032634032634 0.14054778554778552
0.166 1.6534428904428897 0.13964335664335664
0.167 1.6559184149184147 0.1382307692307692
0.168 1.656398601398601 0.1373566433566433
0.169 1.658340326340326 0.13560839160839155
0.17 1.6589906759906756 0.13337606837606833
0.171 1.6598484848484845 0.13230069930069926
0.172 1.6608951048951046 0.12980885780885779
0.173 1.6621678321678317 0.1289230769230769
0.174 1.662484848484848 0.12793939393939388
0.175 1.6637762237762235 0.1265524475524475
0.176 1.6648554778554776 0.124034188034188
0.177 1.6649906759906754 0.12310489510489507
0.178 1.6656993006993004 0.12135664335664333
0.179 1.6656293706293703 0.11958041958041954
0.18 1.6652610722610717 0.11741258741258735
0.181 1.6657622377622374 0.11641025641025635
0.182 1.665477855477855 0.11510256410256406
0.183 1.6654638694638693 0.11300699300699299
0.184 1.6660675990675986 0.11214918414918411
0.185 1.6657226107226104 0.11095571095571093
0.186 1.6644825174825173 0.10899067599067595
0.187 1.6640769230769228 0.10845143745143743
0.188 1.6635337995337993 0.10799487179487177
0.189 1.664072261072261 0.10762097902097899
0.19 1.663983682983683 0.10724708624708622
0.191 1.6631398601398595 0.10644211344211342
0.192 1.663205128205128 0.10568939393939392
0.193 1.6627832167832164 0.1049889277389277
0.194 1.6631748251748244 0.10440404040404037
0.195 1.6628578088578085 0.10393473193473193
0.196 1.6620862470862465 0.10375104895104895
0.197 1.6619137529137524 0.10356736596736595
0.198 1.6610536130536124 0.10349969328916694
0.199 1.6611841491841486 0.10354803091645194
0.2 1.6608041958041952 0.10359636854373694
0.201 1.6610675990675983 0.10364470617102194
0.202 1.660762237762237 0.10369304379830693
0.203 1.6611818181818179 0.10374138142559193
0.204 1.6617552447552444 0.10378971905287693
0.205 1.6617715617715614 0.10383805668016192
0.206 1.662356643356643 0.10388639430744692
0.207 1.6620629370629363 0.10393473193473192
0.208 1.6624965034965031 0.10403618603618602
0.209 1.662650349650349 0.10413764013764013
0.21 1.662708624708624 0.10423909423909422
0.211 1.662666666666666 0.10434054834054832
0.212 1.6629999999999996 0.10444200244200241
0.213 1.6635151515151514 0.10454345654345652
0.214 1.6639137529137524 0.10464491064491062
0.215 1.664356643356643 0.10474636474636471
0.216 1.6647319347319345 0.10484781884781882
0.217 1.6648648018648016 0.10494927294927292
0.218 1.6649766899766898 0.10506657925407922
0.219 1.6658951048951045 0.10519973776223773
0.22 1.6662331002331 0.10533289627039624
0.221 1.6668414918414916 0.10546605477855475
0.222 1.6667715617715613 0.10559921328671328
0.223 1.6672703962703959 0.10573237179487179
0.224 1.6670955710955706 0.1058655303030303
0.225 1.6677226107226102 0.1059986888111888
0.226 1.6680955710955707 0.10609228026875085
0.227 1.6692703962703959 0.10614630467571644
0.228 1.6697715617715614 0.10620032908268201
0.229 1.6708414918414913 0.1062543534896476
0.23 1.6713170163170161 0.10630837789661318
0.231 1.6716433566433564 0.10636240230357877
0.232 1.6721188811188807 0.10641642671054434
0.233 1.6731258741258737 0.10647045111750993
0.234 1.6734988344988342 0.10652447552447551
0.235 1.6741421911421908 0.10647231934731934
0.236 1.6750559440559436 0.10642016317016316
0.237 1.6760699300699295 0.10636800699300698
0.238 1.6766899766899763 0.10631585081585081
0.239 1.6773100233100229 0.10626369463869462
0.24 1.6779300699300692 0.10621153846153844
0.241 1.6789440559440556 0.10615938228438226
0.242 1.6798857808857806 0.10610722610722609
0.243 1.680508158508158 0.1059449035812672
0.244 1.6808111888111883 0.1057825810553083
0.245 1.6817529137529137 0.1056202585293494
0.246 1.6824731934731931 0.10545793600339051
0.247 1.6831445221445216 0.10529561347743162
0.248 1.6837086247086246 0.10509720279720276
0.25 1.6847552447552445 0.10462820512820509
0.251 1.6852447552447547 0.10439370629370626
0.252 1.686291375291375 0.10415920745920741
0.253 1.6868554778554776 0.1038543123543123
0.254 1.687526806526806 0.10347902097902094
0.255 1.688247086247086 0.10310372960372957
0.256 1.6890629370629366 0.1027328671328671
0.257 1.6896596736596732 0.10236643356643352
0.258 1.6903473193473189 0.10199999999999995
0.259 1.6911258741258737 0.10174999999999997
0.261 1.6915244755244752 0.10124999999999998
0.262 1.6924755244755239 0.10099999999999999
0.263 1.6928741258741256 0.10059999999999998
0.264 1.6936247086247083 0.10019999999999998
0.265 1.694361305361305 0.09974999999999998
0.266 1.6950839160839157 0.09924999999999998
0.267 1.6955874125874124 0.09885714285714284
0.269 1.6965617715617713 0.09828571428571427
0.27 1.6969463869463868 0.09799999999999999
0.271 1.6972167832167828 0.09749999999999998
0.272 1.6976977466977463 0.09699999999999996
0.273 1.6983892773892773 0.09666666666666664
0.275 1.6989976689976685 0.09599999999999997
0.276 1.6998181818181815 0.09559999999999998
0.277 1.700422688422688 0.09519999999999998
0.278 1.7008111888111888 0.09479999999999998
0.279 1.7018811188811187 0.09439999999999998
0.281 1.7025454545454544 0.09359999999999997
0.282 1.702454545454545 0.09319999999999998
0.283 1.7031188811188809 0.09266666666666663
0.284 1.7041468531468529 0.09199999999999996
0.285 1.7044906759906757 0.09149999999999996
0.287 1.7054615384615381 0.09049999999999997
0.288 1.706088578088578 0.08999999999999998
0.289 1.7065571095571095 0.08933333333333332
0.29 1.7069358974358972 0.08879999999999998
0.292 1.7072878787878785 0.08799999999999997
0.293 1.707261072261072 0.08699999999999995
0.294 1.7077645687645686 0.08649999999999997
0.296 1.708333333333333 0.08549999999999996
0.297 1.7088344988344988 0.08499999999999998
0.298 1.7090932400932397 0.08433333333333332
0.299 1.709519813519813 0.08379999999999999
0.301 1.7095011655011652 0.08299999999999996
0.302 1.7100349650349649 0.08233333333333331
0.303 1.7099650349650348 0.08179999999999998
0.305 1.7104568764568762 0.08099999999999997
0.306 1.7105431235431232 0.0803333333333333
0.307 1.7109930069930068 0.0798333333333333
0.309 1.7110279720279715 0.07916666666666665
0.31 1.7115850815850813 0.07866666666666665
0.311 1.7114265734265732 0.07799999999999999
0.313 1.7115734265734261 0.07719999999999999
0.314 1.711414918414918 0.07683333333333331
0.316 1.7119300699300697 0.07616666666666663
0.317 1.7120699300699298 0.07566666666666665
0.318 1.7125850815850812 0.07499999999999998
0.32 1.7124265734265731 0.07419999999999997
0.321 1.7125734265734263 0.07379999999999996
0.322 1.712414918414918 0.07339999999999997
0.324 1.7129300699300698 0.07266666666666664
0.325 1.7130699300699295 0.0723333333333333
0.327 1.7135431235431233 0.07166666666666664
0.328 1.71348951048951 0.07133333333333332
0.33 1.7136596736596732 0.07059999999999998
0.331 1.713361305361305 0.07019999999999998
0.332 1.7136386946386943 0.06983333333333332
0.334 1.713340326340326 0.06916666666666664
0.335 1.713510489510489 0.06883333333333332
0.337 1.7134568764568763 0.06816666666666664
0.338 1.7139300699300697 0.06783333333333331
0.34 1.7140699300699298 0.06716666666666665
0.341 1.7145431235431232 0.06683333333333333
0.343 1.7144895104895101 0.06616666666666665
0.344 1.714659673659673 0.06580000000000001
0.346 1.7143613053613054 0.06499999999999999
0.347 1.7145967365967363 0.06449999999999999
0.349 1.714403263403263 0.06374999999999997
0.35 1.7145967365967363 0.06349999999999997
0.352 1.714403263403263 0.06299999999999999
0.353 1.7145967365967363 0.0627142857142857
0.355 1.714403263403263 0.06214285714285712
0.356 1.7145967365967363 0.0618333333333333
0.358 1.714403263403263 0.06116666666666664
0.359 1.7145967365967363 0.06088888888888886
0.361 1.714403263403263 0.06044444444444442
0.363 1.7145967365967363 0.05999999999999998
0.364 1.714403263403263 0.05971428571428569
0.366 1.7145967365967363 0.05914285714285713
0.367 1.714361305361305 0.058857142857142844
0.369 1.7147016317016315 0.058285714285714274
0.371 1.714426573426573 0.05774999999999999
0.372 1.7144568764568762 0.05749999999999999
0.374 1.7141235431235429 0.05699999999999999
0.375 1.714263403263403 0.05679999999999998
0.377 1.7140815850815847 0.05639999999999998
0.379 1.7145617715617714 0.05599999999999997
0.38 1.7144079254079252 0.055799999999999975
0.382 1.7146247086247084 0.05539999999999997
0.384 1.714167832167832 0.05499999999999997
0.385 1.71420979020979 0.05474999999999997
0.387 1.7137902097902094 0.05424999999999998
0.389 1.7137902097902096 0.05374999999999998
0.39 1.713480186480186 0.05349999999999998
0.392 1.7136153846153843 0.05299999999999998
0.394 1.7132983682983678 0.052666666666666646
0.396 1.7136386946386946 0.052333333333333315
0.397 1.713403263403263 0.05216666666666665
0.399 1.7135967365967364 0.051799999999999985
0.401 1.713361305361305 0.05139999999999998
0.402 1.7137016317016314 0.05119999999999998
0.404 1.713384615384615 0.05085714285714284
0.406 1.7135198135198133 0.05057142857142855
0.408 1.71320979020979 0.05028571428571427
0.41 1.7132097902097898 0.04999999999999998
0.411 1.7127902097902095 0.04987499999999998
0.413 1.7127902097902095 0.04962499999999998
0.415 1.7124801864801864 0.04937499999999999
0.417 1.7126153846153842 0.04912499999999999
0.419 1.7122983682983681 0.04885714285714284
0.42 1.7126386946386944 0.048714285714285696
0.422 1.712403263403263 0.04842857142857141
0.424 1.7125967365967363 0.04814285714285712
0.426 1.712403263403263 0.047857142857142834
0.428 1.7125967365967363 0.04757142857142855
0.43 1.712361305361305 0.047285714285714264
0.431 1.7127016317016315 0.04714285714285712
0.433 1.712384615384615 0.04687499999999998
0.435 1.7125198135198134 0.046624999999999986
0.437 1.7122097902097897 0.046374999999999986
0.439 1.7122097902097901 0.04612499999999999
0.441 1.7117902097902093 0.04589999999999999
0.443 1.7117902097902098 0.04569999999999999
0.445 1.7114801864801863 0.045499999999999985
0.447 1.7116153846153845 0.04529999999999998
0.449 1.711298368298368 0.04509999999999998
0.451 1.7116386946386943 0.044916666666666646
0.453 1.711403263403263 0.04474999999999998
0.455 1.7115967365967364 0.044583333333333315
0.457 1.711403263403263 0.044416666666666646
0.458 1.7115967365967364 0.044333333333333315
0.46 1.711361305361305 0.044166666666666646
0.462 1.7116596736596734 0.043999999999999984
0.465 1.7114895104895103 0.04381249999999998
0.467 1.7115431235431233 0.04368749999999998
0.469 1.71106993006993 0.04356249999999998
0.471 1.7109300699300696 0.04343749999999998
0.473 1.7104568764568764 0.04331249999999998
0.475 1.7105104895104892 0.04318749999999998
0.477 1.710340326340326 0.04306249999999998
0.479 1.7106386946386944 0.042933333333333316
0.481 1.7104032634032633 0.042799999999999984
0.483 1.7105967365967363 0.04266666666666665
0.485 1.7104032634032633 0.04253333333333332
0.487 1.7105967365967363 0.04239999999999998
0.489 1.7104032634032633 0.04226666666666665
0.492 1.7105967365967363 0.04206666666666665
0.494 1.7104032634032633 0.04193749999999998
0.496 1.7105967365967363 0.04181249999999998
0.498 1.7104032634032633 0.04168749999999998
0.5 1.7105967365967363 0.04156249999999998
0.502 1.7104032634032633 0.04143749999999999
0.505 1.7105967365967363 0.04124999999999999
0.507 1.7104032634032633 0.04112499999999999
0.509 1.7105967365967363 0.04099999999999999
0.511 1.7104032634032633 0.04092034052903617
0.513 1.7105967365967363 0.04084068105807235
0.516 1.7104032634032633 0.04072119185162663
0.518 1.7105967365967363 0.04064153238066281
0.52 1.7104032634032633 0.04056187290969899
0.522 1.7105967365967363 0.04048221343873517
0.525 1.7104032634032633 0.04036272423228944
0.527 1.7105967365967363 0.04028306476132563
0.529 1.7104032634032633 0.04020340529036181
0.532 1.7105967365967363 0.04008391608391608
0.534 1.7104032634032633 0.0400032634032634
0.536 1.7105967365967363 0.03992261072261072
0.538 1.7104032634032633 0.03984195804195804
0.541 1.7105967365967363 0.039720979020979014
0.543 1.7104032634032633 0.03964032634032634
0.546 1.7105967365967363 0.039519347319347316
0.548 1.7104032634032633 0.039438694638694635
0.55 1.7105967365967363 0.039358041958041955
0.553 1.7104032634032633 0.03923706293706293
0.555 1.7105967365967363 0.03915641025641026
0.558 1.7104032634032633 0.03903543123543123
0.56 1.7105967365967363 0.03895477855477855
0.562 1.7104032634032633 0.03887412587412587
0.565 1.7105967365967363 0.038783115435289346
0.567 1.7104032634032633 0.03872244180939833
0.57 1.7105967365967363 0.038631431370561804
0.572 1.7104032634032633 0.03857075774467079
0.575 1.7105967365967363 0.038479747305834255
0.577 1.7104032634032633 0.03841907367994324
0.58 1.7105967365967363 0.038328063241106713
0.582 1.7103613053613052 0.0382673896152157
0.585 1.7106596736596733 0.038176379176379165
0.587 1.7105734265734265 0.03811570555048815
0.59 1.710333333333333 0.03802469511165162
0.593 1.7101072261072259 0.0379336846728151
0.595 1.7099999999999997 0.037873011046924074
0.598 1.7100402097902094 0.03779830529830528
0.6 1.710101981351981 0.03775937125937125
0.603 1.710247086247086 0.037700970200970185
0.606 1.7104965034965032 0.03764256914256913
0.608 1.7106550116550114 0.03760363510363509
0.611 1.7105128205128204 0.03754523404523403
0.613 1.7104032634032633 0.037506300006299995
0.616 1.7105967365967363 0.03744789894789893
0.619 1.7104032634032633 0.03738949788949788
0.622 1.7105967365967363 0.03733109683109682
0.624 1.7104032634032633 0.03729216279216278
0.627 1.7105967365967363 0.03723376173376172
0.63 1.7104032634032633 0.03717536067536066
0.632 1.7105967365967363 0.03713642663642663
0.635 1.7104871794871794 0.03708403876824928
0.638 1.7103869463869459 0.03703766409029566
0.641 1.7104405594405594 0.03699128941234203
0.644 1.7106666666666661 0.03694491473438841
0.646 1.7108571428571426 0.03691399828241932
0.649 1.711111111111111 0.036867623604465695
0.652 1.7113333333333332 0.03682124892651207
0.655 1.7115594405594403 0.036774874248558444
0.658 1.7116130536130534 0.03672849957060482
0.661 1.7115128205128203 0.03668212489265119
0.663 1.711403263403263 0.03664172494172493
0.666 1.7115967365967364 0.03656689976689975
0.669 1.711403263403263 0.036492074592074576
0.672 1.7115967365967364 0.0364172494172494
0.675 1.711403263403263 0.03635221445221443
0.678 1.7116386946386943 0.03628717948717947
0.681 1.7113403263403262 0.036222144522144506
0.684 1.7115104895104893 0.03615710955710954
0.687 1.7114568764568763 0.03609207459207457
0.69 1.7119300699300697 0.03602703962703961
0.693 1.7120699300699298 0.035962004662004644
0.696 1.7125431235431232 0.03589696969696968
0.699 1.7124895104895104 0.03583193473193472
0.702 1.712659673659673 0.03576689976689975
0.705 1.7123613053613052 0.03573095325726903
0.708 1.7125967365967363 0.03569500674763831
0.711 1.712403263403263 0.03565906023800759
0.714 1.7125967365967363 0.03562311372837687
0.717 1.712403263403263 0.03558716721874615
0.721 1.7126386946386942 0.03553923853923852
0.724 1.7123403263403258 0.0355032920296078
0.727 1.7125104895104895 0.03546734551997708
0.73 1.712456876456876 0.035431399010346365
0.733 1.7129300699300698 0.03539545250071564
0.736 1.7130699300699295 0.03535950599108492
0.74 1.7135431235431233 0.035311577311577295
0.743 1.71348951048951 0.035275630801946574
0.746 1.7136596736596732 0.03523968429231585
0.749 1.713361305361305 0.03520373778268514
0.753 1.7135967365967364 0.03515580910317751
0.756 1.713403263403263 0.03511986259354679
0.759 1.7135967365967364 0.03508391608391607
0.762 1.713403263403263 0.03502646373234607
0.766 1.7136386946386943 0.03494986059691941
0.769 1.713340326340326 0.03489240824534941
0.772 1.713510489510489 0.03483495589377941
0.776 1.7134568764568763 0.03475835275835275
0.779 1.7139300699300697 0.034700900406782746
0.783 1.7140699300699298 0.03462429727135608
0.786 1.7145431235431232 0.03456684491978609
0.789 1.7144895104895101 0.034509392568216085
0.793 1.714659673659673 0.03443278943278942
0.796 1.7143613053613054 0.034375337081219426
0.8 1.7145967365967363 0.03429873394579276
0.803 1.714403263403263 0.03424128159422276
0.807 1.7145967365967363 0.034164678458796095
0.81 1.714403263403263 0.0341072261072261
0.814 1.7146386946386942 0.033980504344140704
0.817 1.7143403263403258 0.03388546302182665
0.821 1.714510489510489 0.03375874125874125
0.824 1.714487512487512 0.0336636999364272
0.828 1.714456876456876 0.0335369781733418
0.832 1.7147272727272722 0.0334102564102564
0.835 1.7149300699300694 0.03345920745920745
0.839 1.71506993006993 0.03352447552447552
0.843 1.7155431235431229 0.033484071484071475
0.846 1.7154895104895103 0.03345376845376844
0.85 1.7156596736596732 0.033400155400155396
0.854 1.7154452214452212 0.03333333333333333
0.857 1.7153869463869456 0.03331388403263403
0.861 1.715440559440559 0.03328795163170163
0.865 1.7156666666666662 0.03326201923076923
0.869 1.7159090909090904 0.03323608682983683
0.872 1.7160909090909087 0.033216637529137526
0.876 1.7163333333333328 0.03319070512820513
0.88 1.7165594405594402 0.03316477272727272
0.884 1.7166969696969692 0.033138840326340326
0.888 1.71630303030303 0.033109490509490504
0.892 1.7164405594405592 0.03307672327672327
0.895 1.7166666666666661 0.03305214785214785
0.899 1.7168888888888885 0.03301938061938062
0.903 1.7171111111111108 0.03298661338661338
0.907 1.717333333333333 0.032953846153846146
0.911 1.7176013986013983 0.032921078921078914
0.915 1.717550116550116 0.03288831168831168
0.919 1.717426573426573 0.03285554445554445
0.923 1.7174568764568758 0.032712703962703954
0.927 1.7179300699300695 0.0324597902097902
0.931 1.7180699300699294 0.032265336289726526
0.935 1.7185850815850814 0.03212934220251292
0.939 1.7184265734265731 0.031993348115299323
0.943 1.718573426573426 0.031857354028085726
0.947 1.718414918414918 0.03172135994087213
0.952 1.7189300699300696 0.03162085740346608
0.956 1.7190699300699297 0.03159604743083003
0.96 1.719543123543123 0.031571237458193964
0.964 1.71948951048951 0.03154642748555791
0.968 1.7197016317016314 0.031521617512921846
0.972 1.719298368298368 0.03149680754028579
0.977 1.7195104895104893 0.03146579507449072
0.981 1.7194836829836826 0.031440985101854654
0.985 1.7194568764568758 0.0314161751292186
0.99 1.7197197617197613 0.031385162663423526
0.994 1.7199300699300697 0.03136035269078746
0.998 1.7200699300699296 0.03133554271815141
1.003 1.7205431235431232 0.031304530252356334
1.007 1.720573426573426 0.03127972027972027
1.011 1.7204498834498831 0.031236415436415428
1.016 1.720398601398601 0.031182284382284372
1.02 1.7207505827505822 0.03113897953897953
1.025 1.7207788877788872 0.031084848484848476
1.029 1.7209976689976685 0.031041543641543632
1.033 1.721412587412587 0.03099823879823879
1.038 1.721650349650349 0.030944107744107736
1.043 1.7218384948384942 0.030889976689976683
1.047 1.7220116550116544 0.03084667184667184
1.052 1.7222564102564097 0.030792540792540783
1.056 1.7232144522144517 0.030333333333333323
1.061 1.7236157176157172 0.02976689976689975
1.065 1.7238514818514814 0.028999999999999984
1.07 1.7240396270396268 0.028317016317016306
1.075 1.7240845820845816 0.027702630702630696
1.079 1.7241511821511817 0.02739455281560544
1.084 1.724272727272727 0.02723874371242791
1.089 1.7239813519813518 0.027118513065881478
1.094 1.724249417249417 0.02703386087596613
1.098 1.7248251748251744 0.02697781528816011
1.103 1.724517482517482 0.026922353508560398
1.108 1.7243100233100228 0.026866891728960687
1.113 1.7241546231546228 0.026756562278301404
1.118 1.7239935449166217 0.026591365156582537
1.122 1.7238601398601396 0.02645920745920745
1.127 1.7238275058275057 0.02632913752913752
1.132 1.7239999999999998 0.02619906759906759
1.137 1.7243776223776222 0.026068997668997656
1.142 1.7243100233100228 0.02593892773892773
1.147 1.724421911421911 0.025808857808857794
1.152 1.7248554778554774 0.025725153634244532
1.157 1.7248399378399375 0.025641449459631264
1.162 1.7249277389277387 0.025557745285018002
1.167 1.725118881118881 0.025474041110404733
1.172 1.7257296037296033 0.02539033693579147
1.177 1.7261273310023308 0.025306632761178206
1.183 1.7264998334998334 0.0250132340777502
1.188 1.7267229437229432 0.02460794044665012
1.193 1.7268562548562543 0.024202646815550025
1.198 1.7268997668997663 0.023803685897435888
1.203 1.7270163170163169 0.023411057692307675
1.209 1.7265944055944051 0.02293990384615383
1.214 1.7268228438228432 0.02264095044740205
1.219 1.72709324009324 0.02243567185502668
1.224 1.7275314685314682 0.022230393262651315
1.23 1.7271561771561768 0.02200555854402007
1.235 1.7270349650349646 0.02183611260534336
1.24 1.726351981351981 0.021666666666666657
1.246 1.7264662004662004 0.021523809523809518
1.251 1.726289044289044 0.021404761904761902
1.257 1.726990675990676 0.021213180758635306
1.262 1.7271048951048946 0.02101292646747192
1.268 1.7277995337995335 0.020738428238428235
1.273 1.7279627039627037 0.02048118548118548
1.279 1.728261072261072 0.020172494172494164
1.284 1.7277715617715617 0.019904130057976196
1.29 1.7277668997668996 0.019582093120554644
1.296 1.727449883449883 0.019260056183133093
1.301 1.7280116550116547 0.018917289606944773
1.307 1.7280512820512814 0.01841668676151434
1.313 1.7285314685314683 0.017916083916083906
1.318 1.7281561771561769 0.017687062937062924
1.324 1.727993006993007 0.017412237762237753
1.33 1.7274149184149181 0.01713741258741258
1.336 1.7275104895104894 0.016896551724137926
1.341 1.727340326340326 0.01672413793103448
1.347 1.7276386946386946 0.016517241379310342
1.353 1.7274032634032628 0.016310344827586202
1.359 1.7275967365967364 0.01610344827586206
1.365 1.7274032634032628 0.01585714285714285
1.371 1.7275967365967364 0.015571428571428564
1.377 1.7274032634032628 0.015285714285714277
1.383 1.7275967365967364 0.01499999999999999
1.389 1.7274032634032628 0.014666666666666656
1.395 1.7275967365967364 0.014333333333333323
1.401 1.7274032634032628 0.013999999999999988
1.407 1.7275967365967364 0.013666666666666655
1.413 1.7273613053613048 0.01333333333333332
1.419 1.7276596736596732 0.012999999999999987
1.426 1.72748951048951 0.012681818181818173
1.432 1.7275431235431231 0.012409090909090897
1.438 1.7270699300699297 0.012136363636363624
1.444 1.7269300699300696 0.011882352941176458
1.451 1.7264568764568762 0.011607843137254886
1.457 1.7265104895104892 0.011372549019607827
1.463 1.726340326340326 0.01113725490196077
1.47 1.7266386946386945 0.01087719298245613
1.476 1.726403263403263 0.010666666666666658
1.482 1.7265967365967363 0.010456140350877186
1.489 1.726403263403263 0.010210526315789463
1.495 1.7265967365967363 0.009999999999999992
1.502 1.726403263403263 0.009740740740740736
1.508 1.7265128205128202 0.009518518518518513
1.515 1.7266130536130533 0.009259259259259257
1.522 1.7265594405594402 0.008999999999999992
1.528 1.726333333333333 0.008699999999999992
1.535 1.7260831390831388 0.008349999999999998
1.542 1.7258738805054592 0.007999999999999993
1.548 1.7257296037296035 0.007636363636363628
1.555 1.7255268065268063 0.007212121212121209
1.562 1.725333333333333 0.00682499999999999
1.569 1.7251118881118876 0.006474999999999995
1.575 1.7249930069930068 0.006174999999999995
1.582 1.7245431235431228 0.0058749999999999905
1.589 1.724456876456876 0.005624999999999995
1.596 1.7239650349650346 0.005374999999999991
1.603 1.7240349650349642 0.005124999999999995
1.61 1.723543123543123 0.004885489510489502
1.617 1.7234568764568756 0.004656468531468526
1.624 1.7229650349650343 0.004427447552447544
1.631 1.7230349650349643 0.004198426573426567
1.638 1.7225431235431232 0.00393790692066554
1.645 1.7224568764568757 0.0036458885941644493
1.653 1.7219650349650344 0.003312153363877494
1.66 1.7220349650349647 0.0030201350373764125
1.667 1.7215431235431229 0.0027704500627577463
1.674 1.72137296037296 0.002563098440021511
1.682 1.7211328671328665 0.002326125156894382
1.689 1.7211445221445218 0.0021187735341581405
1.696 1.7203076923076919 0.0019114219114219053
1.704 1.7200287828113912 0.0017609945609945556
1.711 1.7197169386169384 0.0016293706293706222
1.719 1.719283061383061 0.0014789432789432725
1.726 1.7189456775108944 0.0013473193473193435
1.734 1.718608391608391 0.0011968919968919935
1.741 1.7180233100233095 0.0010652680652680603
1.749 1.7179766899766895 0.0009861643732611426
1.756 1.7173916083916079 0.0009169486427550906
1.764 1.7170683760683756 0.0008378449507481728
1.772 1.716689821289821 0.0007587412587412549
1.779 1.7163101787101784 0.000689525528235203
1.787 1.7159316239316236 0.0006104218362282852
1.795 1.7156083916083913 0.0005313181442213674
1.803 1.7151072261072255 0.00045221445221444947
1.811 1.7147668997668994 0.0004296037296037271
1.818 1.714386946386946 0.0004098193473193447
1.826 1.7142113442113438 0.00038720862470862234
1.834 1.7139378399378395 0.00036459790209789994
1.842 1.7135664335664333 0.0003419871794871776
1.85 1.7134125874125872 0.0003193764568764552
1.858 1.7129696969696968 0.0002967657342657328
1.866 1.7127683342298725 0.00027415501165501045
1.875 1.7128135198135197 0.00024871794871794814
1.883 1.7125268065268062 0.0002261072261072257
1.891 1.712333333333333 0.00024333444333444316
1.899 1.712111888111888 0.00026056166056166063
1.907 1.711993006993007 0.00027778887778887805
1.916 1.7115431235431233 0.0002971694971694974
1.924 1.7113729603729602 0.0003143967143967149
1.932 1.7112167832167828 0.00033162393162393237
1.941 1.7108927738927737 0.00035100455100455224
1.949 1.7104498834498834 0.00036823176823176965
1.958 1.7101384256768868 0.00038761238761238903
1.966 1.7098357539895999 0.0004048396048396065
1.975 1.7094662004662005 0.00042422022422022637
1.984 1.709358974358974 0.00044360084360084575
1.992 1.7086410256410254 0.0004705830997965852
2.001 1.7085337995337992 0.0005119125568563789
2.01 1.7081642460103996 0.0005532420139161727
2.018 1.7078357539895999 0.0005899793090804342
2.027 1.7074662004662005 0.00063130876614023
2.036 1.7073589743589743 0.0006726382232000236
2.045 1.7066829836829835 0.0007139676802598174
2.054 1.7063869463869459 0.000755297137319611
2.063 1.7062113442113438 0.0007966265943794067
2.072 1.7059238539238537 0.0008379560514392005
2.081 1.7055244755244752 0.0008792855084989943
2.09 1.705475524475524 0.0009206149655587879
2.099 1.7050761460761457 0.0009619444226185837
2.108 1.7048166278166275 0.0010032738796783773
2.117 1.7046969696969692 0.001044603336738171
2.126 1.7040652680652675 0.0010948999120205367
2.136 1.7037832167832165 0.001160748460359359
2.145 1.7036270396270392 0.0012200121538642973
2.154 1.70337296037296 0.0012792758473692354
2.164 1.7032167832167828 0.001345124395708058
2.173 1.7028927738927735 0.001404388089212996
2.183 1.7024498834498831 0.0014702366375518156
2.192 1.7021606726606724 0.0015295003310567567
2.202 1.7018093573093571 0.0015953488793955762
2.211 1.7014662004662002 0.0016546125729005143
2.221 1.7013589743589739 0.0017204611212393367
2.231 1.7006829836829833 0.0017863096695781562
2.24 1.7003869463869463 0.0018455733630830973
2.25 1.700211344211344 0.0019114219114219168
2.26 1.6999238539238537 0.002007692307692311
2.27 1.6995244755244754 0.0021039627039627093
2.28 1.699475524475524 0.0022002331002331037
2.289 1.6990904095904094 0.0022868764568764635
2.299 1.6987886557886556 0.0023831468531468575
2.309 1.698613053613053 0.002479417249417256
2.319 1.6982331002330997 0.00257568764568765
2.33 1.6978927738927736 0.002681585081585087
2.34 1.697391608391608 0.0027778554778554814
2.35 1.6970683760683756 0.0028741258741258797
2.36 1.696698106771277 0.0030028269602737716
2.37 1.696280800500312 0.0031315280464216696
2.381 1.6959462365591393 0.0032730992411843496
2.391 1.6957552447552446 0.0034018003273322476
2.402 1.6949417249417245 0.0035433715220949333
2.412 1.6948135198135195 0.0036720726082428256
2.423 1.694251748251748 0.0038136438030055113
2.433 1.6937272727272727 0.003942344889153403
2.444 1.69341958041958 0.004083916083916089
2.454 1.6928391608391604 0.0042405116251270185
2.465 1.6919160839160834 0.004412766720459032
2.476 1.691417249417249 0.004585021815791052
2.487 1.6908072035491386 0.004757276911123072
2.497 1.6901515151515147 0.004913872452333995
2.508 1.6889463869463865 0.005333333333333338
2.519 1.6881942501942497 0.006000000000000005
2.53 1.6876736596736595 0.007000000000000005
2.541 1.687384615384615 0.008000000000000004
2.552 1.6871577311577308 0.009000000000000001
2.563 1.6869930069930064 0.009647058823529427
2.575 1.6868344988344983 0.010214285714285728
2.586 1.6873333333333327 0.010607142857142858
2.597 1.6878461538461533 0.011000000000000005
2.608 1.6877603121516158 0.01117460317460318
2.62 1.687666666666666 0.01136507936507937
2.631 1.687491638795986 0.011539682539682539
2.643 1.6873006993006987 0.011730158730158728
2.654 1.6869191005073354 0.011904761904761904
2.666 1.6864633209927324 0.012097683566433565
2.677 1.6860093240093237 0.012276770104895106
2.689 1.685205128205128 0.012472137237762238
2.701 1.6845174825174822 0.01266750437062937
2.712 1.684503496503496 0.012846590909090912
2.724 1.6838391608391605 0.013041958041958044
2.736 1.6828321678321674 0.013340326340326347
2.748 1.6824172494172491 0.013638694638694649
2.76 1.6819005439005434 0.013937062937062941
2.772 1.6812820512820505 0.014344522144522146
2.784 1.6802214452214446 0.014751981351981351
2.796 1.6789860139860135 0.015219447219447216
2.808 1.6778771095571092 0.01574691974691975
2.821 1.6768128671328668 0.016466704466704486
2.833 1.6756229484800909 0.017268065268065274
2.845 1.6742254887969168 0.01859207459207459
2.858 1.67269944055944 0.020118881118881125
2.87 1.67127958041958 0.021979020979020984
2.883 1.6701232167832163 0.024235431235431246
2.895 1.6694082517482514 0.026883449883449893
2.908 1.6688219618219615 0.02993473193473194
2.92 1.6684545454545452 0.032937062937062944
2.933 1.6688243978243975 0.036062937062937075
2.946 1.6694623154623152 0.03906526806526807
2.959 1.6703682983682981 0.04207459207459208
2.972 1.6725571095571092 0.04482750582750583
2.985 1.6746689976689977 0.047023310023310026
2.998 1.6771678321678318 0.04886946386946387
3.011 1.6797785547785542 0.050289044289044287
3.024 1.6826410256410251 0.05117249417249416
3.037 1.6851421911421909 0.05122396781300889
3.05 1.6876736596736595 0.05127544145352363
3.063 1.6894988344988342 0.05132691509403837
3.077 1.691242424242424 0.05138234824536193
3.09 1.6927575757575757 0.051433821885876675
3.104 1.6947365967365966 0.051424553224553214
3.117 1.696305361305361 0.05135586635586635
3.131 1.6980955710955707 0.05128189588189588
3.144 1.6997972027972028 0.051213209013209
3.158 1.7015594405594403 0.051139238539238525
3.172 1.703027972027972 0.05106526806526805
3.186 1.7043895363895363 0.0502144522144522
3.199 1.7055545195545194 0.04904195804195803
3.213 1.7066392773892773 0.04791608391608389
3.227 1.7075541958041955 0.04727738927738926
3.241 1.7083565374019918 0.04667323585505401
3.256 1.7090955710955709 0.04606293706293705
3.27 1.7095920745920743 0.04508624708624707
3.284 1.7100427350427347 0.044636724777569844
3.298 1.7104987541194434 0.0441872024688926
3.313 1.7109930873723973 0.04371851137368377
3.327 1.71158275058275 0.04329314363797122
3.342 1.7123519813519807 0.04283739249256489
3.356 1.7140699300699298 0.04223384191566009
3.371 1.7148598219961853 0.041396270396270377
3.385 1.7154900636087074 0.040550821271751504
3.4 1.7160506894235703 0.0397062937062937
3.415 1.716639471639471 0.0389230769230769
3.43 1.7172564102564096 0.03768997668997667
3.445 1.717594405594405 0.036321678321678305
3.46 1.717545454545454 0.034720279720279704
3.475 1.71713986013986 0.033247086247086235
3.49 1.7168539238539235 0.032618881118881095
3.505 1.7166876456876452 0.031990675990675975
3.52 1.716526806526806 0.031489886457628374
3.536 1.7163333333333328 0.030955710955710942
3.551 1.7161538461538457 0.029937062937062924
3.567 1.7159300699300692 0.029475073313782976
3.582 1.7154568764568763 0.029041958041958034
3.598 1.7154265734265728 0.02861448807602653
3.613 1.7155501165501161 0.02821373498296574
3.629 1.7156013986013985 0.02774999999999999
3.645 1.7153333333333327 0.027249999999999983
3.661 1.7150831390831387 0.02666666666666665
3.677 1.7148818958818957 0.025999999999999985
3.693 1.7147296037296034 0.02533333333333332
3.709 1.7144848484848483 0.024666666666666653
3.725 1.7143962703962703 0.023999999999999987
3.741 1.714240093240093 0.023346938775510195
3.758 1.7137505827505823 0.022738461538461534
3.774 1.7133962703962702 0.02224615384615384
3.79 1.7128508158508156 0.021761194029850738
3.807 1.712333333333333 0.021253731343283577
3.824 1.7118799999999998 0.020742424242424243
3.84 1.7114361771561768 0.020257575757575755
3.857 1.7109463869463866 0.01974999999999999
3.874 1.7102470862470858 0.019249999999999993
3.891 1.70955944055944 0.01884731934731934
3.908 1.7093566433566432 0.018541958041958035
3.925 1.7088787878787877 0.01823659673659673
3.942 1.7082261072261071 0.017944209075595925
3.959 1.7075594405594403 0.01766479505895563
3.976 1.7069033478598692 0.017385381042315334
3.993 1.706257829127394 0.01710596702567504
4.011 1.705654745254745 0.016807292707292688
4.028 1.7051611055611051 0.016522544122544117
4.046 1.704569750762058 0.016221045621045604
4.063 1.7039463869463864 0.015936297036297033
4.081 1.7030139860139855 0.015686350686350672
4.099 1.702294483294483 0.015487956487956476
4.117 1.7017121212121211 0.015289562289562278
4.135 1.7012668997668996 0.015091168091168082
4.153 1.7007412587412583 0.014892773892773884
4.171 1.7001351981351975 0.014857699592074582
4.189 1.6989184149184144 0.014822625291375282
4.207 1.698282828282828 0.014787550990675984
4.225 1.697570969570969 0.014752476689976684
4.244 1.6967390537390534 0.01471545381701631
4.262 1.6957995337995333 0.01468037951631701
4.281 1.6946480186480182 0.014643356643356639
4.3 1.6934109179109174 0.014673738499825452
4.318 1.6921578466578462 0.01470252131121696
4.337 1.6909533799533794 0.014732903167685775
4.356 1.6898671328671324 0.014763285024154589
4.375 1.6886915306915302 0.014793666880623403
4.394 1.687426573426573 0.015069930069930071
4.413 1.685487179487179 0.015592074592074592
4.432 1.6840629370629365 0.016958041958041962
4.452 1.6827855477855473 0.018655011655011662
4.471 1.681592074592074 0.02067599067599068
4.491 1.6812680652680652 0.022883449883449893
4.51 1.6817529137529135 0.024948717948717954
4.53 1.68244289044289 0.026920745920745927
4.55 1.6833352624387103 0.02855944055944056
4.569 1.6843752913752912 0.029839160839160835
4.589 1.6864242424242422 0.030113053613053616
4.609 1.688368298368298 0.030386946386946383
4.629 1.6900235114679552 0.030354312354312348
4.649 1.6913898817232145 0.030321678321678314
4.67 1.6927623240956569 0.029417249417249405
4.69 1.694010129787907 0.02766666666666665
4.71 1.6949874426648617 0.02563636363636362
4.731 1.6957296037296035 0.023482517482517465
4.752 1.6952416723061883 0.021053613053613033
4.772 1.6945655910354702 0.018764568764568747
4.793 1.693633751790378 0.016883449883449867
4.814 1.6922206682206677 0.015405594405594393
4.835 1.69032634032634 0.01390442890442889
4.856 1.6875384615384612 0.012678321678321666
4.877 1.6858679098679095 0.012296037296037286
4.898 1.6843096646942797 0.011913752913752906
4.92 1.6827948717948713 0.011873866873866866
4.941 1.6803123543123537 0.011835793835793829
4.963 1.6785435180204407 0.01179590779590779
4.984 1.6770640623744069 0.011757834757834753
5.006 1.6757330868365348 0.011717948717948713
5.028 1.674269619269619 0.011678062678062675
5.05 1.6726736596736593 0.011638176638176637
5.072 1.6707738927738924 0.011598290598290597
5.094 1.6691002331002327 0.011558404558404557
5.116 1.6673636363636357 0.011550256410256409
5.138 1.6658680374352013 0.011573846153846152
5.161 1.6642772501130707 0.011598508158508157
5.183 1.662729603729603 0.0116220979020979
5.206 1.6603986013986012 0.011646759906759905
5.228 1.6583449883449877 0.01167034965034965
5.251 1.6565501165501166 0.011695011655011654
5.274 1.6546410256410253 0.011719673659673658
5.297 1.6523706293706293 0.011744335664335663
5.32 1.6503706293706293 0.011768997668997668
5.343 1.6477902097902093 0.011793659673659671
5.367 1.6453706293706292 0.011932928706513607
5.39 1.642328671328671 0.012175199014821649
5.413 1.6396620046620043 0.0124174693231297
5.437 1.6365314685314682 0.012670273123103315
5.461 1.6336293706293703 0.012923076923076928
5.484 1.6302307692307685 0.01342376832207341
5.508 1.6266620046620042 0.013946228912330619
5.532 1.6222517482517476 0.0146853146853147
5.556 1.6177785547785546 0.015641025641025645
5.581 1.612480186480186 0.01694638694638695
5.605 1.607400932400932 0.018505827505827514
5.629 1.601501165501165 0.02048251748251749
5.654 1.5956923076923073 0.023216783216783235
5.678 1.5891118881118877 0.02705594405594408
5.703 1.582759906759906 0.032039627039627074
5.728 1.5762960372960368 0.037939393939393974
5.753 1.5708205128205122 0.04500932400932405
5.778 1.5657342657342654 0.05273193473193477
5.803 1.5610326340326337 0.0613659673659674
5.828 1.5569044289044287 0.0708601398601399
5.854 1.554971331698604 0.08110722610722616
5.879 1.553578028032573 0.09190442890442894
5.905 1.552613053613053 0.10293473193473197
5.931 1.5529487179487176 0.11395804195804199
5.957 1.5552913752913748 0.12512820512820516
5.982 1.5589370629370622 0.1361398601398602
6.009 1.5634685314685313 0.14686013986013988
6.035 1.5690489510489507 0.15691375291375295
6.061 1.5760909090909088 0.16606293706293707
6.087 1.583379953379953 0.17402097902097904
6.114 1.591254079254079 0.1808927738927739
6.141 1.5992214452214446 0.18690442890442888
6.167 1.6080139860139855 0.19234265734265732
6.194 1.6166829836829832 0.196990675990676
6.221 1.6261561771561766 0.20090209790209787
6.248 1.6352867132867126 0.2037319347319347
6.275 1.64474592074592 0.2053216783216783
6.303 1.6534895104895098 0.2056189232454292
6.33 1.6626923076923075 0.2056014828544948
6.358 1.6712331002331 0.20526806526806518
6.386 1.6797342657342655 0.2038624708624708
6.413 1.6870069930069929 0.20187878787878782
6.441 1.69404662004662 0.1991212121212121
6.469 1.7001235431235426 0.196095571095571
6.497 1.7059836829836827 0.1927529137529137
6.526 1.7109207459207456 0.18934498834498828
6.554 1.7157459207459202 0.18577389277389272
6.583 1.7196293706293704 0.1819673659673659
6.611 1.723361305361305 0.17804428904428898
6.64 1.7263822843822842 0.17410489510489502
6.669 1.7296923076923074 0.16993706293706287
6.698 1.731148407148407 0.16589277389277382
6.727 1.7323261625380266 0.1619883449883449
6.757 1.7332565880447233 0.1582587412587412
6.786 1.734074670647704 0.15483916083916077
6.816 1.7348368298368295 0.15196503496503488
6.845 1.7348508158508156 0.14911188811188808
6.875 1.7340512820512815 0.14670862470862464
6.905 1.7332665112665109 0.14494638694638687
6.935 1.7326146076146074 0.1447219959527651
6.965 1.7320955710955708 0.14449760495914335
6.996 1.7315128205128203 0.1442657342657342
7.026 1.7309836829836827 0.14404134327211243
7.057 1.731216783216783 0.1438583268583268
7.088 1.7317622377622375 0.1437241647241647
7.118 1.7327704603089213 0.14359433040078198
7.149 1.7339336959336955 0.14346016826661986
7.181 1.7352597772597766 0.1433216783216783
7.212 1.7366333799533795 0.14305361305361303
7.243 1.7380959440559438 0.14278554778554775
7.275 1.7397249417249416 0.14246853146853145
7.307 1.741473193473193 0.1421515151515151
7.338 1.743351981351981 0.1411258741258741
7.37 1.7449673659673657 0.1399370629370629
7.402 1.7465477855477851 0.13910722610722612
7.435 1.7481561771561769 0.13805361305361302
7.467 1.7503822843822843 0.13672027972027967
7.5 1.7516554397982966 0.13505361305361302
7.532 1.752716863289382 0.13310722610722608
7.565 1.753632893823733 0.13102097902097898
7.598 1.7544063714063711 0.12895804195804192
7.631 1.7550372960372957 0.12699999999999992
7.664 1.7556550116550111 0.12499999999999996
7.698 1.7558251748251745 0.12299999999999994
7.731 1.7557086247086242 0.121041958041958
7.765 1.755284382284382 0.11897902097902091
7.799 1.7548710178710174 0.11685081585081578
7.833 1.7543857808857806 0.11500932400932398
7.867 1.753828671328671 0.11336596736596732
7.901 1.7531608391608386 0.11189277389277384
7.935 1.7523822843822838 0.11064335664335662
7.97 1.7506247086247082 0.10927039627039627
8.005 1.749235431235431 0.10788111888111884
8.04 1.747931818181818 0.10716472416472414
8.075 1.746713869463869 0.10677325629453285
8.11 1.7454331200714177 0.10670671527054502
8.145 1.7440895700044634 0.1066401742465572
8.181 1.7426568148832298 0.10657173205045542
8.216 1.7412144522144517 0.10658494228215341
8.252 1.7395081585081582 0.1066805598120339
8.288 1.7382983682983681 0.10677617734191439
8.324 1.7367016317016313 0.10687179487179486
8.36 1.735674622014071 0.10769930069930068
8.397 1.7347646485934154 0.109011655011655
8.433 1.7340208991921318 0.10994012104103847
8.47 1.733381507381507 0.11083372183372185
8.507 1.7328671328671328 0.11166666666666665
8.544 1.7322634032634028 0.11294638694638694
8.581 1.7324895104895102 0.1136995088245088
8.619 1.732510489510489 0.11441762404262402
8.656 1.7326270396270393 0.11506293706293705
8.694 1.7320909090909085 0.11595804195804194
8.732 1.7316340326340323 0.117
8.77 1.7315897435897434 0.11791608391608388
8.808 1.7318508158508157 0.119041958041958
8.846 1.732319124353907 0.12021445221445216
8.885 1.7328104118104117 0.12070279720279717
8.924 1.733312354312354 0.12119114219114216
8.962 1.7338927738927736 0.12126057702980776
9.001 1.7343543123543121 0.12133183910106984
9.041 1.7348135198135195 0.12140492840492838
9.08 1.7352004662004659 0.12134696527101588
9.12 1.7354475524475519 0.12115497723092657
9.159 1.735452214452214 0.12096778889183947
9.199 1.73511655011655 0.12066562423084158
9.239 1.7340769230769226 0.12025328294893507
9.28 1.7331572471244598 0.11996211881397063
9.32 1.7321063854178604 0.11980633495448306
9.361 1.7308717948717947 0.1196466564985083
9.401 1.7286643356643352 0.11962909639380223
9.442 1.7261282051282045 0.11975277663512954
9.483 1.7235198135198133 0.11987645687645686
9.525 1.720449883449883 0.12173892773892771
9.566 1.717452214452214 0.12422843822843822
9.608 1.7149557109557105 0.12715850815850813
9.65 1.7127202797202796 0.13016083916083918
9.692 1.710251748251748 0.13337296037296037
9.734 1.7089160839160835 0.13851048951048953
9.776 1.7061561771561768 0.14344755244755245
9.819 1.7019953379953372 0.14894172494172497
9.862 1.7026216006216 0.15606060606060604
9.905 1.7047886557886553 0.1642750582750583
9.948 1.7084965034965034 0.17661072261072266
9.991 1.7169999999999996 0.19100000000000003

