969 .False.
#  Tholin optical constants at C/O = 0.625 
#  ref: Photochemical Hazes Can Trace the C/O Ratio in Exoplanet Atmospheres
#  Corrales Lía, Gavilan Lisseth, Teal D. J., Kempton Eliza M. -R.
# wavelength  n  k
0.13 0.1810000000000016 0.7639999999999999
0.131 0.714899766899768 0.7698554778554778
0.132 0.8377156177156179 0.7754125874125873
0.133 0.9375524475524475 0.7808344988344986
0.134 0.9675151515151516 0.7868710178710177
0.135 1.0166153846153845 0.7897505827505826
0.136 1.0432960372960371 0.7935058275058274
0.137 1.0665594405594403 0.7974568764568765
0.138 1.100960372960373 0.8007668997668999
0.139 1.1337902097902095 0.807095571095571
0.14 1.1447148407148404 0.8139393939393939
0.141 1.164111888111888 0.8201724941724939
0.142 1.1826013986013983 0.8287715617715614
0.143 1.1845780885780886 0.8324825174825173
0.144 1.2049930069930066 0.8371631701631699
0.145 1.213423465423465 0.8437972027972026
0.146 1.2218181818181817 0.8525897435897434
0.147 1.2357086247086244 0.8593892773892771
0.148 1.2377365967365963 0.8700202020202018
0.149 1.254041958041958 0.8755710955710954
0.15 1.257109557109557 0.8872292152292152
0.151 1.2597948717948715 0.8931282051282049
0.152 1.2625687645687644 0.9024312354312352
0.153 1.2677132867132863 0.9121818181818181
0.154 1.2733589743589742 0.922072261072261
0.155 1.2746573426573422 0.9324335664335663
0.156 1.2790885780885777 0.9472136752136749
0.157 1.2814475524475522 0.9547645687645687
0.158 1.2816853146853144 0.9718018648018646
0.159 1.2820046620046617 0.9809999999999997
0.16 1.2837249417249412 1.0015742035742035
0.161 1.2839137529137528 1.0125920745920745
0.162 1.2749440559440555 1.0310116550116546
0.163 1.2774079254079251 1.0515920745920746
0.164 1.2756829836829833 1.0747296037296035
0.165 1.2829743589743587 1.1092113442113443
0.166 1.2842377622377619 1.1275827505827503
0.167 1.2838764568764565 1.1585967365967365
0.168 1.2916410256410256 1.1835687645687647
0.169 1.3113123543123542 1.2231818181818181
0.17 1.3200885780885778 1.2747195027195026
0.171 1.3357902097902097 1.2974638694638694
0.172 1.356226107226107 1.3447389277389277
0.173 1.3727109557109556 1.3642867132867131
0.174 1.3944615384615382 1.3867062937062933
0.175 1.4513706293706292 1.4157762237762235
0.176 1.4713100233100231 1.460034188034188
0.177 1.4985454545454544 1.475020979020979
0.178 1.525130536130536 1.498051282051282
0.179 1.5890186480186477 1.5177529137529133
0.18 1.6228951048951044 1.538209013209013
0.181 1.6545221445221443 1.5466689976689973
0.182 1.7118368298368296 1.5567132867132862
0.183 1.7514638694638693 1.5616868686868683
0.184 1.7866689976689973 1.5628741258741252
0.185 1.8158065268065269 1.5625501165501163
0.186 1.865235431235431 1.5550885780885777
0.187 1.8889953379953375 1.5507871017871016
0.188 1.913365967365967 1.5459712509712507
0.189 1.9416153846153839 1.5406410256410252
0.19 1.970571095571095 1.5309790209790204
0.191 2.0059487179487174 1.5197972027972024
0.192 2.02539627039627 1.507603729603729
0.193 2.0442634032634026 1.5008111888111884
0.194 2.0640093240093234 1.4908158508158504
0.195 2.081060606060606 1.4809440559440554
0.196 2.106216783216783 1.4617156177156174
0.197 2.118925407925407 1.4556767676767672
0.198 2.130417249417249 1.4500303030303026
0.199 2.14402564102564 1.4447762237762234
0.2 2.1561748251748245 1.437321678321678
0.201 2.168657342657342 1.4302027972027966
0.202 2.1781748251748247 1.4237552447552442
0.203 2.195030303030302 1.4120582750582746
0.204 2.203347319347319 1.409197358197358
0.205 2.2114358974358965 1.4063605283605283
0.206 2.2201282051282045 1.4035477855477851
0.207 2.2280023310023305 1.4010559440559438
0.208 2.233519813519813 1.399370629370629
0.209 2.24330303030303 1.4008764568764565
0.21 2.252393939393939 1.4029207459207453
0.211 2.2610069930069923 1.4054638694638693
0.212 2.2787529137529132 1.411293706293706
0.213 2.289820512820512 1.4144149184149182
0.214 2.3020419580419573 1.4188135198135194
0.215 2.316818181818182 1.422493395493395
0.216 2.3323333333333336 1.42652059052059
0.217 2.3439557109557105 1.4308951048951046
0.218 2.358354312354312 1.4366363636363635
0.219 2.3751398601398597 1.4432051282051281
0.22 2.3937622377622367 1.4489254079254077
0.221 2.415296037296037 1.4535337995337991
0.222 2.4370442890442883 1.4568414918414918
0.223 2.4607319347319345 1.459473193473193
0.224 2.4851072261072256 1.4609090909090905
0.225 2.5109883449883443 1.460135198135198
0.226 2.5364988344988344 1.4581351981351978
0.227 2.56374592074592 1.4537738927738924
0.228 2.5896853146853145 1.4473123543123538
0.229 2.6166060606060597 1.4390069930069924
0.23 2.641594405594405 1.4286923076923073
0.231 2.6668508158508155 1.4168461538461532
0.232 2.6902843822843816 1.4030396270396264
0.233 2.7127762237762236 1.3878135198135195
0.234 2.733055944055944 1.3720466200466197
0.235 2.752454545454545 1.3551118881118878
0.236 2.7690279720279714 1.3381724941724937
0.237 2.785251748251748 1.321354312354312
0.238 2.7992167832167825 1.3048717948717945
0.239 2.8130326340326333 1.2884149184149176
0.24 2.824664335664335 1.2728018648018644
0.241 2.837554778554778 1.2579533799533795
0.242 2.8501282051282044 1.2424498834498832
0.243 2.8626083916083913 1.2257226107226102
0.244 2.872121212121211 1.2089277389277384
0.245 2.8803659673659667 1.1930839160839155
0.246 2.8862097902097896 1.1791142191142188
0.247 2.89262937062937 1.1671305361305357
0.248 2.8991958041958035 1.157312354312354
0.25 2.9085571095571088 1.1476923076923073
0.251 2.917503496503496 1.137414918414918
0.252 2.927223776223776 1.1280163170163164
0.253 2.9378438228438224 1.1188578088578085
0.254 2.950484848484848 1.1086573426573425
0.255 2.9626013986013984 1.0969953379953379
0.256 2.974801864801864 1.084188811188811
0.257 2.9852424242424234 1.0714801864801864
0.258 2.9961748251748244 1.0587179487179486
0.259 3.0056433566433562 1.0464662004662002
0.261 3.016662004662004 1.0355897435897432
0.262 3.0294382284382277 1.024566433566433
0.263 3.0442074592074584 1.011261072261072
0.264 3.057841491841491 0.9954289044289041
0.265 3.0708321678321675 0.9773589743589739
0.266 3.0803706293706288 0.9586270396270392
0.267 3.0886270396270388 0.9413053613053609
0.269 3.096965034965035 0.9261911421911417
0.27 3.1073682983682978 0.9103752913752909
0.271 3.118573426573426 0.8916480186480183
0.272 3.12767599067599 0.8699114219114215
0.273 3.131883449883449 0.8491445221445216
0.275 3.1400431235431228 0.8305361305361302
0.276 3.143995337995337 0.812421911421911
0.277 3.1494312354312353 0.793389277389277
0.278 3.1530093240093238 0.7733846153846151
0.279 3.156137529137528 0.7533776223776221
0.281 3.157911421911421 0.7337855477855475
0.282 3.158825174825174 0.7146410256410254
0.283 3.158505827505827 0.697291375291375
0.284 3.1599207459207452 0.6800909090909091
0.285 3.159657342657342 0.6624289044289042
0.287 3.1579440559440553 0.6456200466200466
0.288 3.158020979020978 0.63027972027972
0.289 3.1580536130536117 0.6150792540792538
0.29 3.1578146853146842 0.5991631701631698
0.292 3.1569860139860135 0.5835641025641024
0.293 3.1563962703962702 0.5690606060606058
0.294 3.1559549339549338 0.5544289044289042
0.296 3.1550722610722604 0.5386083916083914
0.297 3.1548496503496497 0.5236923076923075
0.298 3.154627039627039 0.5095221445221443
0.299 3.1533566433566422 0.493142191142191
0.301 3.1505827505827493 0.4761981351981349
0.302 3.149540792540792 0.4604848484848482
0.303 3.1467482517482503 0.44422377622377607
0.305 3.143895104895104 0.427291375291375
0.306 3.1392703962703954 0.41121678321678296
0.307 3.1356736596736585 0.3955571095571094
0.309 3.1304335664335654 0.3797412587412585
0.31 3.124846153846153 0.36465967365967344
0.311 3.118377622377621 0.35006293706293684
0.313 3.1126759906759895 0.3352983682983681
0.314 3.1047575757575747 0.32087878787878776
0.316 3.097794871794872 0.30780885780885764
0.317 3.090888111888111 0.29464335664335656
0.318 3.083841491841491 0.2808927738927738
0.32 3.0749184149184146 0.2679790209790208
0.321 3.066990675990675 0.2553519813519812
0.322 3.0569417249417237 0.2428484848484847
0.324 3.046976689976689 0.2316247086247085
0.325 3.0353286713286707 0.22125174825174812
0.327 3.024561771561771 0.213104895104895
0.328 3.014039627039627 0.20611655011655003
0.33 3.0051282051282047 0.1998741258741258
0.331 2.9970093240093236 0.19414219114219106
0.332 2.991137529137529 0.18755011655011647
0.334 2.9839440559440558 0.17958041958041954
0.335 2.9767482517482513 0.1715920745920745
0.337 2.9682074592074583 0.16391841491841483
0.338 2.9605151515151507 0.1568111888111887
0.34 2.951351981351981 0.14972494172494163
0.341 2.9426480186480184 0.14363403263403254
0.343 2.933720279720279 0.13793706293706287
0.344 2.9256456876456873 0.13258974358974357
0.346 2.9168041958041946 0.12760139860139855
0.347 2.908689976689976 0.12309790209790203
0.349 2.9000116550116535 0.11890442890442883
0.35 2.892235431235431 0.11490209790209784
0.352 2.8839580419580413 0.11132167832167829
0.353 2.877181818181818 0.10805361305361302
0.355 2.8697645687645683 0.10468997668997665
0.356 2.8630745920745913 0.1016550116550116
0.358 2.8555477855477847 0.0987412587412587
0.359 2.848752913752913 0.09594638694638691
0.361 2.8414731934731923 0.09347319347319344
0.363 2.8353333333333324 0.09124941724941722
0.364 2.828776223776223 0.08917948717948715
0.366 2.8232750582750574 0.08689277389277385
0.367 2.816617715617715 0.08478787878787875
0.369 2.8111048951048945 0.08300932400932398
0.371 2.8049347319347313 0.08142890442890441
0.372 2.7997319347319336 0.07997902097902095
0.374 2.7939370629370623 0.07842191142191139
0.375 2.789333333333332 0.07710489510489507
0.377 2.7843543123543117 0.07560139860139856
0.379 2.7801491841491837 0.0738181818181818
0.38 2.7752703962703955 0.07220512820512817
0.382 2.7713426573426565 0.07075291375291373
0.384 2.7660769230769224 0.06924475524475524
0.385 2.761804195804195 0.06748484848484847
0.387 2.7571724941724938 0.06638927738927737
0.389 2.753442890442889 0.06506410256410254
0.39 2.7490093240093234 0.06428671328671326
0.392 2.7454638694638693 0.06229137529137527
0.394 2.7413216783216776 0.06058041958041956
0.396 2.737878787878788 0.05893706293706291
0.397 2.733627039627039 0.057333333333333306
0.399 2.7301305361305355 0.055825174825174795
0.401 2.725899766899767 0.054504895104895076
0.402 2.722666666666666 0.053881585081585054
0.404 2.718731934731934 0.05270862470862468
0.406 2.715365967365967 0.05104195804195801
0.408 2.7111188811188804 0.04983294483294483
0.41 2.707634032634032 0.048441724941724926
0.411 2.703750582750582 0.047655011655011625
0.413 2.7010675990675983 0.046396270396270374
0.415 2.6977319347319337 0.04515151515151512
0.417 2.6947552447552443 0.0435151515151515
0.419 2.691708624708624 0.04198601398601397
0.42 2.6882051282051274 0.04123543123543122
0.422 2.684193473193473 0.03976223776223775
0.424 2.681327894327894 0.03797902097902096
0.426 2.678538461538461 0.03682750582750582
0.428 2.675825174825174 0.035960372960372945
0.43 2.6719766899766895 0.03505128205128204
0.431 2.6684662004662 0.0338158508158508
0.433 2.665596736596737 0.032365967365967356
0.435 2.662708624708624 0.031233100233100223
0.437 2.6590979020979013 0.030082362082362073
0.439 2.656503496503496 0.0289137529137529
0.441 2.6531095571095564 0.02732400932400931
0.443 2.6501538461538456 0.026447552447552435
0.445 2.646827505827505 0.02562315462315461
0.447 2.6434522144522137 0.02485081585081584
0.449 2.6397855477855474 0.024269619269619257
0.451 2.63711111111111 0.023666666666666652
0.453 2.63451282051282 0.02304195804195803
0.455 2.631990675990676 0.021999999999999992
0.457 2.6286317016317016 0.02119999999999999
0.458 2.6254312354312344 0.02085714285714285
0.46 2.6227482517482508 0.02028571428571428
0.462 2.620102564102564 0.019749999999999993
0.465 2.6174965034965023 0.01899999999999999
0.467 2.6151631701631697 0.017999999999999988
0.469 2.6115804195804184 0.01733333333333333
0.471 2.6090878010878003 0.01674999999999999
0.473 2.6066864801864797 0.01624999999999999
0.475 2.6043764568764565 0.015666666666666655
0.477 2.6019619269619265 0.01499999999999999
0.479 2.5994428904428903 0.013999999999999988
0.481 2.595696969696969 0.01333333333333332
0.483 2.593265734265734 0.012749999999999989
0.485 2.5905011655011645 0.01224999999999999
0.487 2.5879277389277386 0.011777777777777769
0.489 2.58541958041958 0.011333333333333324
0.492 2.582680652680652 0.010788596019365241
0.494 2.579603729603729 0.010506724045185574
0.496 2.5776487956487952 0.010224852071005909
0.498 2.5755625485625484 0.009910704679935442
0.5 2.5733449883449877 0.009564281871974174
0.502 2.5695268065268055 0.009217859064012908
0.505 2.566519813519813 0.008706759906759905
0.507 2.5645530303030304 0.008371717171717169
0.509 2.562624125874126 0.008036674436674432
0.511 2.5603916083916087 0.007701631701631696
0.513 2.557855477855478 0.0076040626040625985
0.516 2.5549067599067596 0.0074577089577089525
0.518 2.552925407925408 0.007360139860139855
0.52 2.5506060606060603 0.007262570762570757
0.522 2.548185814185814 0.0071650016650016595
0.525 2.5448593628593628 0.007018648018648013
0.527 2.5428443408443404 0.006936285936285932
0.529 2.5409510489510483 0.00685392385392385
0.532 2.538293706293705 0.006730380730380727
0.534 2.536184926184925 0.006648018648018645
0.536 2.533738927738927 0.006743801652892558
0.538 2.5307086247086237 0.0068395846577664725
0.541 2.528631701631701 0.006987412587412584
0.543 2.5268391608391605 0.007088733488733487
0.546 2.524510489510489 0.00724071484071484
0.548 2.521867132867132 0.007366744366744366
0.55 2.520697635697635 0.007517482517482517
0.553 2.518461871461871 0.00745979020979021
0.555 2.5166503496503485 0.007485431235431236
0.558 2.51320979020979 0.007620046620046619
0.56 2.5109145299145292 0.008153846153846154
0.562 2.509194405594405 0.008525474525474532
0.565 2.5074769230769225 0.00892307692307692
0.567 2.506150349650349 0.009081585081585082
0.57 2.5038881118881107 0.009671794871794872
0.572 2.5011118881118874 0.010065268065268064
0.575 2.4988181818181814 0.01013240093240093
0.577 2.4964522144522143 0.010177156177156175
0.58 2.4947972027972023 0.0103502331002331
0.582 2.492603729603729 0.010564685314685317
0.585 2.490543123543123 0.011034965034965037
0.587 2.488620046620046 0.01212587412587413
0.59 2.4862307692307684 0.012773892773892789
0.593 2.4837948717948715 0.01351678321678323
0.595 2.4828331668331667 0.014075291375291378
0.598 2.481087912087912 0.014982983682983684
0.6 2.4797226107226105 0.015634731934731947
0.603 2.477531468531468 0.01651642297096844
0.606 2.475176573426573 0.017302182665819038
0.608 2.474039044289044 0.017784615384615392
0.611 2.472981351981352 0.018446153846153848
0.613 2.470624708624708 0.01893833439287985
0.616 2.4687435897435885 0.0197533375715194
0.619 2.46760606060606 0.02041258741258742
0.622 2.4662680652680646 0.020916083916083916
0.624 2.464034965034964 0.02135198135198135
0.627 2.4627389277389278 0.021615384615384613
0.63 2.460573426573426 0.022354312354312355
0.632 2.4591398601398593 0.023547785547785555
0.635 2.457531468531468 0.024646464646464635
0.638 2.4564941724941716 0.02559032634032633
0.641 2.4548927738927735 0.026379370629370617
0.644 2.4534854312354306 0.02713123543123543
0.646 2.452372377622377 0.027607692307692312
0.649 2.450440559440559 0.028335664335664347
0.652 2.4487925407925397 0.02907692307692308
0.655 2.4464172494172485 0.03024708624708625
0.658 2.44460606060606 0.03150815850815851
0.661 2.4436200466200457 0.033002913752913754
0.663 2.4428659673659663 0.03392482517482518
0.666 2.441589743589743 0.0351958041958042
0.669 2.440496503496503 0.03648251748251748
0.672 2.43928749028749 0.0374195804195804
0.675 2.4382097902097897 0.03808624708624708
0.678 2.437263403263403 0.03870862470862471
0.681 2.43653613053613 0.03986946386946387
0.684 2.435083916083915 0.041167832167832166
0.687 2.43458275058275 0.041904428904428914
0.69 2.434301476301476 0.042641025641025634
0.693 2.4335337995337993 0.04315571095571095
0.696 2.4322797202797197 0.04367039627039626
0.699 2.4302424242424236 0.044436480186480165
0.702 2.4290660450660444 0.04545396270396268
0.705 2.42783139083139 0.04647008547008546
0.708 2.4265384615384606 0.047484848484848484
0.711 2.4245827505827506 0.04855011655011655
0.714 2.423515151515151 0.04950582750582751
0.717 2.42264441618987 0.0504055944055944
0.721 2.4217459207459204 0.05159440559440558
0.724 2.420237762237762 0.05293395493395492
0.727 2.4189976689976684 0.05447397047397046
0.73 2.4183721833721825 0.05621445221445221
0.733 2.4183613053613047 0.05839393939393938
0.736 2.4179510489510485 0.05942191142191141
0.74 2.4171235431235427 0.06043822843822843
0.743 2.4167692307692303 0.06103496503496502
0.746 2.4164405594405594 0.06195571095571097
0.749 2.415587412587412 0.06363170163170162
0.753 2.4150792540792536 0.06458541458541459
0.756 2.4145757575757574 0.0653006993006993
0.759 2.413526806526806 0.06638811188811189
0.762 2.411988344988344 0.06747552447552448
0.766 2.4115577452850174 0.06922610722610723
0.769 2.411435897435897 0.07079020979020978
0.772 2.4115151515151507 0.07259440559440558
0.776 2.4108554778554776 0.0736488662852299
0.779 2.4106341697518165 0.07426615808433988
0.783 2.4103390922802683 0.07485780885780885
0.786 2.4100504662004654 0.07603030303030302
0.789 2.4096945221445214 0.07707459207459207
0.793 2.4092199300699297 0.07823755032845943
0.796 2.40878575969485 0.07898580207671117
0.8 2.4081025641025637 0.07981818181818179
0.803 2.4067715617715617 0.08167599067599067
0.807 2.407440559440559 0.08288344988344988
0.81 2.4076736596736588 0.0834149184149184
0.814 2.407857808857808 0.0841269336723882
0.817 2.406953379953379 0.08476965458783639
0.821 2.406972027972027 0.08577156177156176
0.824 2.4056177156177143 0.08714685314685314
0.828 2.405927738927738 0.08868298368298368
0.832 2.405333333333333 0.09039627039627038
0.835 2.4064125874125866 0.0914265734265734
0.839 2.405678321678321 0.09187412587412586
0.843 2.405580419580419 0.09288344988344985
0.846 2.404736596736596 0.09441025641025641
0.85 2.4055524475524472 0.09528205128205126
0.854 2.4058368298368293 0.09651981351981351
0.857 2.4056340326340324 0.09785081585081584
0.861 2.405386946386946 0.09884226884226882
0.865 2.4050582750582747 0.09945299145299143
0.869 2.4036247086247085 0.09968298368298367
0.872 2.403872261072261 0.10034498834498833
0.876 2.404003108003108 0.10140093240093237
0.88 2.4039347319347315 0.10303263403263402
0.884 2.404570318570318 0.10391258741258741
0.888 2.40471484071484 0.1047925407925408
0.892 2.4043682983682984 0.1062111222111222
0.895 2.4047785547785545 0.10727505827505825
0.899 2.4048578088578085 0.10879176379176378
0.903 2.4047902097902094 0.10997202797202796
0.907 2.405111888111888 0.1108158508158508
0.911 2.4064219114219108 0.11134265734265732
0.915 2.4063939393939386 0.11201554001554
0.919 2.4074055944055934 0.11283449883449882
0.923 2.4074452214452204 0.11345454545454543
0.927 2.4068205128205125 0.1135081585081585
0.931 2.4067808857808854 0.11425174825174822
0.935 2.406946386946386 0.11550116550116549
0.939 2.4072059052059043 0.1168018648018648
0.943 2.4074063714063705 0.11742890442890441
0.947 2.4075477855477847 0.11786713286713286
0.952 2.407766899766899 0.11828438228438225
0.956 2.408680652680652 0.11886946386946384
0.96 2.408130536130536 0.11976806526806524
0.964 2.40834965034965 0.12066666666666664
0.968 2.4086200466200456 0.12114885114885113
0.972 2.408674556213017 0.12163103563103562
0.977 2.4087749686211217 0.1224425318271472
0.981 2.4088811188811183 0.12325874125874126
0.985 2.409358974358973 0.12494997310381925
0.99 2.4101958041958027 0.1262601757217142
0.994 2.4108391608391595 0.12666526806526807
0.998 2.411237762237761 0.12707036040882197
1.003 2.4123426573426565 0.1275767258382643
1.007 2.4123473193473184 0.12798181818181817
1.011 2.4128554778554774 0.12838691052537204
1.016 2.412251748251748 0.12889327595481442
1.02 2.412897435897435 0.1292983682983683
1.025 2.412032634032633 0.1297864219114219
1.029 2.4126759906759903 0.1301768648018648
1.033 2.4119557109557106 0.13056730769230768
1.038 2.4106177156177147 0.1310553613053613
1.043 2.4081491841491833 0.1315434149184149
1.047 2.406813519813519 0.1319338578088578
1.052 2.4068205128205125 0.13242191142191143
1.056 2.4085011655011646 0.1333755032845942
1.061 2.410354312354311 0.1345674931129476
1.065 2.411844155844155 0.13520541958041954
1.07 2.413715617715617 0.13560824592074588
1.075 2.4141328671328663 0.13601107226107223
1.079 2.413692307692307 0.1363333333333333
1.084 2.4134032634032625 0.13644055944055944
1.089 2.4129230769230765 0.13654778554778554
1.094 2.4130652680652673 0.13647086247086246
1.098 2.4127435897435894 0.13705620305620306
1.103 2.4132354312354307 0.1377878787878788
1.108 2.4128065268065266 0.13832773892773895
1.113 2.4132354312354307 0.1388675990675991
1.118 2.4127855477855475 0.13959745382822308
1.122 2.4130442890442882 0.1403333333333333
1.127 2.4127738927738926 0.14122222222222217
1.132 2.4135804195804194 0.14192261072261067
1.137 2.4138065268065265 0.1424344988344988
1.142 2.4148065268065264 0.1429463869463869
1.147 2.4148391608391604 0.14340233100233096
1.152 2.415342657342657 0.143858275058275
1.157 2.4148275058275055 0.14433041958041953
1.162 2.415193473193473 0.14481876456876452
1.167 2.4147435897435896 0.14536130536130534
1.172 2.4151491841491834 0.1459580419580419
1.177 2.4147972027972022 0.147
1.183 2.415440559440559 0.14770588235294116
1.188 2.415526806526806 0.14819999999999997
1.193 2.416473193473193 0.14859999999999998
1.198 2.416601398601398 0.149
1.203 2.41713986013986 0.14937037037037035
1.209 2.4167645687645685 0.1498148148148148
1.214 2.417310023310023 0.15019999999999994
1.219 2.4170979020979018 0.15059999999999996
1.224 2.4178601398601396 0.15099999999999994
1.23 2.4177529137529135 0.1514444444444444
1.235 2.41827972027972 0.15181481481481482
1.24 2.4178694638694633 0.1522272727272727
1.246 2.4181515151515147 0.15277272727272725
1.251 2.417848484848484 0.15329411764705878
1.257 2.4181305361305356 0.15399999999999997
1.262 2.417720279720279 0.15462499999999996
1.268 2.418247086247086 0.15527272727272723
1.273 2.418181818181818 0.15572727272727271
1.279 2.4187972027972022 0.15627272727272726
1.284 2.4186666666666663 0.15672727272727272
1.29 2.4193333333333324 0.15726086956521737
1.296 2.419202797202796 0.15778260869565214
1.301 2.4198181818181808 0.15821739130434778
1.307 2.419752913752913 0.15873913043478258
1.313 2.4203216783216774 0.15927272727272723
1.318 2.419806526806526 0.1597272727272727
1.324 2.4200652680652674 0.16024999999999998
1.33 2.4198601398601394 0.16074999999999998
1.336 2.4205687645687646 0.161375
1.341 2.4204102564102556 0.162
1.347 2.421053613053613 0.16266666666666665
1.353 2.4209463869463863 0.16324999999999998
1.359 2.421631701631701 0.16374999999999998
1.365 2.4213682983682974 0.16424999999999998
1.371 2.4220536130536128 0.16474999999999998
1.377 2.421946386946386 0.16519999999999996
1.383 2.4226317016317007 0.16559999999999997
1.389 2.422368298368298 0.16599999999999995
1.395 2.423053613053612 0.16639999999999996
1.401 2.4229463869463865 0.16679999999999995
1.407 2.423589743589743 0.16719999999999996
1.413 2.423431235431235 0.16759999999999997
1.419 2.4241818181818173 0.16799999999999995
1.426 2.4238298368298365 0.1685384615384615
1.432 2.4241701631701624 0.16899999999999996
1.438 2.4238181818181816 0.16966666666666666
1.444 2.424568764568764 0.1702307692307692
1.451 2.424410256410256 0.17076923076923076
1.457 2.42509557109557 0.1713333333333333
1.463 2.424883449883449 0.172
1.47 2.4255454545454542 0.17269999999999996
1.476 2.425421911421911 0.17323999999999995
1.482 2.4263869463869456 0.17371999999999996
1.489 2.4266550116550105 0.17419432083068442
1.495 2.4274731934731926 0.17452744225471492
1.502 2.427473193473193 0.17491608391608385
1.508 2.4281934731934727 0.1752538461538461
1.515 2.4280979020979014 0.17564790209790204
1.522 2.4290186480186473 0.176041958041958
1.528 2.4289813519813515 0.17639370629370624
1.535 2.4299020979020973 0.17680407925407918
1.542 2.4298065268065265 0.17721445221445215
1.548 2.430526806526806 0.17741284641284635
1.555 2.4305268065268057 0.17764430631097292
1.562 2.431344988344988 0.17787576620909948
1.569 2.4316550116550113 0.17810722610722604
1.575 2.432473193473193 0.1781348123141226
1.582 2.4324312354312347 0.17816699622216856
1.589 2.4332983682983675 0.17819918013021455
1.596 2.433121212121212 0.1782313640382605
1.603 2.433836829836829 0.17826354794630647
1.61 2.433806526806526 0.17829573185435246
1.617 2.4345501165501156 0.17832791576239843
1.624 2.434449883449883 0.17836009967044442
1.631 2.4351515151515146 0.17839228357849038
1.638 2.435268065268065 0.17842446748653634
1.645 2.43586013986014 0.17842615614837826
1.653 2.4356247086247076 0.17839323433767867
1.66 2.436333333333333 0.17836442775331657
1.667 2.436202797202796 0.1783356211689544
1.674 2.436818181818181 0.1783068145845923
1.682 2.436794871794871 0.17827389277389272
1.689 2.437216783216783 0.17824508618953058
1.696 2.4367832167832164 0.17821627960516845
1.704 2.437205128205128 0.17818335779446887
1.711 2.4371398601398595 0.17815455121010673
1.719 2.4378181818181814 0.17812162939940715
1.726 2.43781585081585 0.17803173271173267
1.734 2.438365967365967 0.17785917637917634
1.741 2.43781585081585 0.17770818958818954
1.749 2.4378181818181814 0.1775356332556332
1.756 2.437139860139859 0.1773846464646464
1.764 2.4372051282051275 0.17716520231904842
1.772 2.4367832167832164 0.17689887036040877
1.779 2.437216783216783 0.17666582989659907
1.787 2.4367529137529136 0.17639949793795942
1.795 2.4369230769230765 0.17613316597931977
1.803 2.4362261072261067 0.1758895005703516
1.811 2.436151515151515 0.17566850171105486
1.818 2.435449883449883 0.1754751277091702
1.826 2.4355501165501163 0.1752541288498735
1.834 2.434806526806526 0.17503312999057674
1.842 2.4348368298368297 0.17481213113128
1.85 2.4341212121212124 0.1746227187446699
1.858 2.4342983682983674 0.17446489283074643
1.866 2.433431235431235 0.17430706691682296
1.875 2.433473193473193 0.17412951276365907
1.883 2.4326130536130535 0.1739716868497356
1.891 2.4324079254079254 0.17388107798634111
1.899 2.4315710955710954 0.1738576861734756
1.907 2.431578088578088 0.1738342943606101
1.916 2.4304545454545448 0.17380797857113642
1.924 2.4301165501165496 0.17378458675827094
1.932 2.4289044289044286 0.17376119494540543
1.941 2.4285897435897428 0.17373487915593175
1.949 2.427473193473193 0.17371148734306624
1.958 2.4270769230769225 0.17368517155359256
1.966 2.425806526806526 0.17366177974072705
1.975 2.425310023310023 0.17363546395125337
1.984 2.4240979020979014 0.1736091481617797
1.992 2.4238601398601394 0.17358575634891418
2.001 2.422794871794871 0.1735594405594405
2.01 2.4222167832167827 0.17358094593578458
2.018 2.4207832167832164 0.1736000618258682
2.027 2.4202051282051276 0.1736215672022123
2.036 2.4191398601398597 0.17364307257855638
2.045 2.418860139860139 0.17366457795490048
2.054 2.4177529137529135 0.17368608333124455
2.063 2.41727972027972 0.17370758870758865
2.072 2.415869463869464 0.17372909408393272
2.081 2.415151515151514 0.17375059946027682
2.09 2.413764568764568 0.1737721048366209
2.099 2.413256410256409 0.173793610212965
2.108 2.411892773892773 0.17381511558930907
2.117 2.4111398601398597 0.17383662096565317
2.126 2.409473193473193 0.17385812634199724
2.136 2.408526806526806 0.17388202120460178
2.145 2.4068181818181804 0.17395809881175728
2.154 2.406170163170162 0.17408874864972418
2.164 2.4048298368298364 0.17423391513635408
2.173 2.4041818181818178 0.174364564974321
2.183 2.402431235431235 0.17450973146095092
2.192 2.401589743589743 0.17464038129891782
2.202 2.3999463869463864 0.17478554778554772
2.211 2.3988857808857804 0.174967486536452
2.221 2.3976620046620036 0.1751696407041234
2.231 2.3967459207459196 0.17537179487179483
2.24 2.3948554778554767 0.1755537336226991
2.25 2.3935998445998434 0.1757558877903705
2.26 2.3922843822843816 0.1759580419580419
2.27 2.39090909090909 0.17611888111888108
2.28 2.3894650963072013 0.17627972027972022
2.289 2.388103668261563 0.17642447552447546
2.299 2.3863986013986014 0.17658531468531463
2.309 2.384501165501165 0.17674615384615378
2.319 2.382709401709401 0.17690699300699295
2.33 2.3808547008547 0.17708391608391602
2.34 2.3790407925407915 0.17723409377507732
2.35 2.377099067599067 0.1773842714662386
2.36 2.3751935300471883 0.1775344491573999
2.37 2.373324179885155 0.1776846268485612
2.381 2.371118992118992 0.17784982230883864
2.391 2.3689789099789094 0.17799999999999994
2.402 2.3666699966699962 0.17823157894736838
2.412 2.3646120546120537 0.17844210526315785
2.423 2.3622884892884883 0.17867368421052626
2.433 2.360121767121767 0.17888421052631576
2.444 2.3576480186480184 0.17917187499999998
2.454 2.3553170163170156 0.17948437499999997
2.465 2.3519836829836827 0.17982812499999995
2.476 2.3495664335664337 0.18025581395348833
2.487 2.346920745920745 0.1807674418604651
2.497 2.3442797202797196 0.18131249999999996
2.508 2.3408694638694634 0.18199999999999994
2.519 2.338109557109556 0.18266666666666664
2.53 2.3348694638694636 0.1833333333333333
2.541 2.3322377622377615 0.18399999999999997
2.552 2.3287738927738917 0.18491608391608388
2.563 2.3260093240093234 0.18569888934594816
2.575 2.3221305361305355 0.18642735042735042
2.586 2.318881118881119 0.18698005698005693
2.597 2.3147855477855477 0.18740170940170936
2.608 2.3115920745920735 0.18769230769230766
2.62 2.307601398601398 0.18789142908373674
2.631 2.304172494172494 0.1879658866774251
2.643 2.2997202797202796 0.18804711314326691
2.654 2.2952377622377615 0.1881215707369553
2.666 2.289655011655011 0.18820279720279712
2.677 2.2845477855477845 0.18827804803891754
2.689 2.278053613053612 0.18836013986013977
2.701 2.271524475524475 0.18844223168136204
2.712 2.2629580419580413 0.18851748251748246
2.724 2.2541282051282043 0.18941025641025638
2.736 2.2438275058275052 0.19163403263403264
2.748 2.2344335664335655 0.19528438228438227
2.76 2.2248181818181814 0.20005128205128203
2.772 2.2160792540792533 0.20475990675990674
2.784 2.2067738927738922 0.20908391608391608
2.796 2.1975454545454536 0.2128531468531468
2.808 2.1859836829836827 0.21588111888111888
2.821 2.17262937062937 0.21962703962703964
2.833 2.15551282051282 0.22603496503496506
2.845 2.136923076923076 0.23691841491841495
2.858 2.117624708624708 0.2531771561771562
2.87 2.099911421911421 0.27437296037296044
2.883 2.086543123543123 0.29975524475524484
2.895 2.0790372960372956 0.3276829836829838
2.908 2.078048460311618 0.3561585081585082
2.92 2.0786520672310145 0.38407459207459216
2.933 2.0809487179487176 0.4106247086247087
2.946 2.088184149184149 0.4356550116550117
2.959 2.098125874125874 0.45938694638694644
2.972 2.110678321678321 0.48220279720279724
2.985 2.1259603729603724 0.502965034965035
2.998 2.1447645687645682 0.5197552447552448
3.011 2.1636060606060603 0.5312517482517481
3.024 2.180885780885781 0.537890442890443
3.037 2.1931538461538462 0.5419160839160838
3.05 2.201743589743589 0.5466386946386946
3.063 2.206473193473193 0.5544965034965035
3.077 2.21214219114219 0.5669417249417249
3.09 2.2199440559440555 0.5828671328671329
3.104 2.2335594405594406 0.6003426573426572
3.117 2.251906759906759 0.6164149184149185
3.131 2.2752424242424243 0.629004662004662
3.144 2.3005804195804194 0.6367575757575757
3.158 2.3269953379953376 0.63918648018648
3.172 2.3509533799533795 0.6368694638694637
3.186 2.3728974358974355 0.63111655011655
3.199 2.3907389277389273 0.6229603729603728
3.213 2.406417249417249 0.6140233100233098
3.227 2.418836829836829 0.605207459207459
3.241 2.430142191142191 0.597121212121212
3.256 2.4397319347319337 0.5898181818181816
3.27 2.44941958041958 0.5829370629370627
3.284 2.457820512820512 0.5760536130536128
3.298 2.466892773892774 0.5688904428904427
3.313 2.4750116550116545 0.561214452214452
3.327 2.4834522144522135 0.5527972027972027
3.342 2.49030303030303 0.5439207459207459
3.356 2.4970792540792535 0.5343752913752912
3.371 2.502834498834498 0.5240209790209788
3.385 2.5062121212121204 0.513202797202797
3.4 2.5066363636363627 0.5023892773892773
3.415 2.5053512043512036 0.4922703962703961
3.43 2.503567987567987 0.4839417249417248
3.445 2.5012867132867127 0.4773286713286712
3.46 2.497417249417249 0.47245454545454535
3.475 2.494118881118881 0.46920745920745904
3.49 2.491494172494172 0.46860450660450653
3.505 2.4893030303030295 0.46868531468531466
3.52 2.4878927738927734 0.4694498834498835
3.536 2.4897575757575745 0.47150582750582737
3.551 2.4938951048951044 0.4733240093240092
3.567 2.500850815850815 0.47319813519813503
3.582 2.5079324009324004 0.47020979020979004
3.598 2.5145664335664333 0.46488111888111877
3.613 2.5201981351981346 0.4579673659673658
3.629 2.5242587412587407 0.4500209790209789
3.645 2.525912198912198 0.4413240093240091
3.661 2.5270015540015534 0.43255011655011644
3.677 2.527526806526806 0.424193473193473
3.693 2.526827505827505 0.41624941724941705
3.709 2.524743589743589 0.4088368298368297
3.725 2.5219627039627035 0.40175524475524454
3.741 2.5190862470862463 0.39519347319347314
3.758 2.5164172494172488 0.3889766899766899
3.774 2.5123473193473185 0.383151515151515
3.79 2.508976689976689 0.3778601398601398
3.807 2.5042913752913742 0.3728181818181817
3.824 2.5002773892773886 0.36821445221445204
3.84 2.495389277389277 0.3640209790209789
3.857 2.4914312354312353 0.3601608391608391
3.874 2.486717948717948 0.3565291375291374
3.891 2.4824312354312346 0.35322377622377615
3.908 2.477473193473193 0.3500652680652679
3.925 2.4731934731934726 0.34713986013986
3.942 2.4681398601398596 0.34461305361305344
3.959 2.463913752913753 0.34231235431235424
3.976 2.4589580419580415 0.340041958041958
3.993 2.4549999999999987 0.3376666666666666
4.011 2.450149184149183 0.3352797202797202
4.028 2.4458624708624703 0.3328484848484848
4.046 2.44083682983683 0.3301934731934731
4.063 2.436386946386946 0.32765734265734253
4.081 2.4308601398601395 0.3252890442890442
4.099 2.425743589743589 0.322990675990676
4.117 2.4199766899766892 0.3209976689976689
4.135 2.414678321678321 0.31891608391608384
4.153 2.408503496503496 0.31693473193473193
4.171 2.4028088578088576 0.3149463869463868
4.189 2.3961934731934726 0.31327972027972023
4.207 2.390125874125873 0.3119463869463869
4.225 2.3830023310023303 0.31097668997668987
4.244 2.376818181818181 0.30993706293706286
4.262 2.369827505827505 0.3092931977113795
4.281 2.3636340326340326 0.30860683760683755
4.3 2.3565804195804185 0.3079137529137528
4.318 2.3501072261072258 0.30776158508158497
4.337 2.3425617715617713 0.3076009634809634
4.356 2.335578088578088 0.30744034188034175
4.375 2.3276993006993 0.30727972027972017
4.394 2.320463869463869 0.30731768231768225
4.413 2.312363636363636 0.3073556443556443
4.432 2.304554778554778 0.30739360639360636
4.452 2.294913752913752 0.3074335664335664
4.471 2.28535198135198 0.3092820512820513
4.491 2.2750536130536125 0.3132097902097902
4.51 2.266174825174824 0.3192913752913753
4.53 2.2599300699300695 0.32673426573426567
4.55 2.257638694638694 0.3343286713286713
4.569 2.2580876939152796 0.33974825174825174
4.589 2.258742035742035 0.3417132867132866
4.609 2.259578088578088 0.33955710955710944
4.629 2.259137529137529 0.3342121212121211
4.649 2.2554778554778547 0.3272470862470862
4.67 2.247990675990675 0.3203799533799533
4.69 2.2379324009324004 0.3147575757575756
4.71 2.227216783216783 0.3109463869463868
4.731 2.215216783216783 0.30831468531468526
4.752 2.2037762237762233 0.3066340326340325
4.772 2.1917855477855475 0.30569930069930057
4.793 2.1805291375291374 0.3056666666666666
4.814 2.168557109557109 0.30563403263403255
4.835 2.1572051282051277 0.30560139860139857
4.856 2.1449044289044283 0.30567008384285865
4.877 2.1329976689976684 0.30573876908431874
4.898 2.119883449883449 0.3058074543257789
4.92 2.107375291375291 0.3058794102930228
4.941 2.0936130536130535 0.3060679258436267
4.963 2.0802377622377617 0.3063909548395529
4.984 2.065762237762237 0.3066993006993006
5.006 2.0513869463869456 0.3075742035742035
5.028 2.0356247086247086 0.30837354312354304
5.05 2.02011655011655 0.30909731934731927
5.072 2.0030023310023304 0.30984071484071474
5.094 1.986137529137529 0.31060372960372956
5.116 1.9676899766899763 0.31186013986013983
5.138 1.94941958041958 0.3131398601398601
5.161 1.9295268065268063 0.31443822843822833
5.183 1.9094522144522137 0.31560372960372957
5.206 1.8876456876456866 0.3168391608391608
5.228 1.8653006993006984 0.31803263403263393
5.251 1.8407319347319342 0.3194265734265734
5.274 1.8151934731934727 0.32090442890442883
5.297 1.7868811188811184 0.3226993006993007
5.32 1.7570442890442886 0.32482750582750575
5.343 1.7239044289044285 0.32748251748251744
5.367 1.6889999999999992 0.331030303030303
5.39 1.6503543123543118 0.33585780885780886
5.413 1.6089044289044285 0.342030303030303
5.437 1.562610722610722 0.34980186480186476
5.461 1.51248951048951 0.359974358974359
5.484 1.4561748251748245 0.3738951048951048
5.508 1.3944825174825166 0.3938508158508158
5.532 1.326925407925407 0.42231235431235437
5.556 1.2571212121212114 0.46098834498834507
5.581 1.1851002331002323 0.5103776223776226
5.605 1.113864801864801 0.5708461538461542
5.629 1.0430745920745914 0.6438764568764571
5.654 0.976547785547785 0.7310256410256414
5.678 0.9152331002330998 0.8330163170163175
5.703 0.8656060606060602 0.9521771561771566
5.728 0.8338951048951045 1.086587412587413
5.753 0.8265314685314683 1.2296689976689983
5.778 0.8434918414918415 1.3747109557109563
5.803 0.8873496503496505 1.5150279720279727
5.828 0.9550699300699304 1.642284382284383
5.854 1.0422214452214458 1.7486736596736598
5.879 1.1380909090909095 1.830473193473194
5.905 1.2352820512820517 1.889125874125874
5.931 1.3243636363636366 1.9276736596736594
5.957 1.4014778554778557 1.953974358974359
5.982 1.4664895104895104 1.9764522144522143
6.009 1.5250675990675993 1.9990955710955711
6.035 1.5795804195804195 2.0232284382284376
6.061 1.6351538461538462 2.0488275058275054
6.087 1.693104895104895 2.073181818181818
6.114 1.7549207459207459 2.092811188811188
6.141 1.81702331002331 2.104787878787878
6.167 1.8772144522144516 2.1086876456876458
6.194 1.9307972027972025 2.1057342657342653
6.221 1.9774941724941724 2.0986899766899763
6.248 2.0160256410256405 2.09062937062937
6.275 2.048827505827505 2.0834125874125866
6.303 2.0756759906759905 2.078305361305361
6.33 2.099452214452214 2.0767668997668993
6.358 2.1203100233100227 2.0790699300699296
6.386 2.140799533799533 2.084853146853147
6.413 2.1605314685314685 2.0937435897435894
6.441 2.1819930069930065 2.105505827505827
6.469 2.204529137529138 2.1192983682983675
6.497 2.230293706293706 2.13355944055944
6.526 2.2576153846153844 2.147545454545454
6.554 2.2870023310023306 2.1603589743589735
6.583 2.3158554778554774 2.171435897435897
6.611 2.3444358974358974 2.1812983682983673
6.64 2.3707668997668994 2.1907552447552443
6.669 2.395822843822843 2.2011864801864793
6.698 2.418461538461538 2.2141142191142182
6.727 2.44197902097902 2.2314895104895105
6.757 2.4674219114219116 2.253202797202796
6.786 2.4985268065268067 2.2780116550116545
6.816 2.5356410256410244 2.3034289044289045
6.845 2.5802750582750584 2.32651282051282
6.875 2.629221445221445 2.345165501165501
6.905 2.682426573426573 2.358365967365967
6.935 2.736125874125874 2.3653100233100233
6.965 2.789494172494172 2.3664452214452214
6.996 2.8397972027972025 2.362783216783216
7.026 2.8877272727272723 2.3558065268065262
7.057 2.9314149184149185 2.3466783216783207
7.088 2.972293706293706 2.3375407925407923
7.118 3.0098065268065266 2.3296736596736585
7.149 3.0465804195804194 2.323727272727272
7.181 3.08251282051282 2.3207156177156167
7.212 3.121358974358974 2.3206969696969693
7.243 3.163198135198135 2.322240093240093
7.275 3.210519813519813 2.3228927738927734
7.307 3.262869463869463 2.3225882557159148
7.338 3.322440559440559 2.321365967365967
7.37 3.387822843822843 2.3132634032634023
7.402 3.459496503496503 2.2958927738927732
7.435 3.5340256410256408 2.266755244755244
7.467 3.6088508158508152 2.2240699300699287
7.5 3.6782214452214443 2.166664335664335
7.532 3.7388601398601398 2.095913752913752
7.565 3.784813519813519 2.01483916083916
7.598 3.8149696969696962 1.9271421911421904
7.631 3.8255594405594393 1.8384195804195798
7.664 3.8194125874125864 1.7552843822843816
7.698 3.798862470862469 1.6818298368298361
7.731 3.769256410256409 1.6206550116550107
7.765 3.7330139860139844 1.5721655011655007
7.799 3.69507226107226 1.5366526806526803
7.833 3.6571375291375277 1.5127529137529132
7.867 3.623065268065267 1.499207459207459
7.901 3.5936223776223772 1.4950909090909088
7.935 3.5729743589743586 1.4974172494172493
7.97 3.5590396270396254 1.502932400932401
8.005 3.553053613053612 1.5097785547785545
8.04 3.5525944055944043 1.5160652680652678
8.075 3.558529137529136 1.5208881118881117
8.11 3.5683962703962693 1.523167832167832
8.145 3.582613053613053 1.52227972027972
8.181 3.598594405594405 1.517715617715617
8.216 3.617027972027971 1.5087832167832167
8.252 3.635013986013986 1.4953426573426567
8.288 3.6535944055944056 1.477682983682983
8.324 3.669342657342656 1.4561002331002326
8.36 3.682762237762236 1.4319999999999993
8.397 3.6938088578088566 1.4061351981351977
8.433 3.7015034965034954 1.3785314685314678
8.47 3.705629370629369 1.3498741258741254
8.507 3.706633255633254 1.3208508158508152
8.544 3.7066682206682193 1.2924592074592072
8.581 3.705734265734265 1.2640745920745915
8.619 3.7015547785547778 1.2356596736596734
8.656 3.6944055944055942 1.207571095571095
8.694 3.6851118881118876 1.1794265734265728
8.732 3.6737156177156174 1.1518787878787873
8.77 3.658890442890442 1.125648018648018
8.808 3.643058275058274 1.1007249417249414
8.846 3.6245268065268057 1.0770582750582745
8.885 3.604435897435897 1.054526806526806
8.924 3.580937062937062 1.0337459207459205
8.962 3.555923076923076 1.0153543123543118
9.001 3.528186480186479 0.999636363636363
9.041 3.5002564102564095 0.9866013986013983
9.08 3.470615384615384 0.976170163170163
9.12 3.441289044289043 0.9681305361305359
9.159 3.4102937062937047 0.962072261072261
9.199 3.378662004662003 0.9576340326340324
9.239 3.3441445221445214 0.9561934731934729
9.28 3.3096806526806515 0.9585011655011652
9.32 3.273172494172494 0.964214452214452
9.361 3.2364545454545444 0.9736829836829833
9.401 3.1970629370629364 0.988
9.442 3.1589557109557096 1.008242424242424
9.483 3.1205990675990662 1.0342027972027972
9.525 3.0845850815850806 1.0673939393939396
9.566 3.0520466200466183 1.1085011655011656
9.608 3.026529137529137 1.154913752913753
9.65 3.0055524475524464 1.206815850815851
9.692 2.9941375291375287 1.2635641025641027
9.734 2.9904988344988337 1.3237109557109559
9.776 2.9999417249417237 1.3847808857808857
9.819 3.0151771561771556 1.4444638694638694
9.862 3.0388881118881113 1.5017622377622377
9.905 3.080578088578088 1.5549393939393938
9.948 3.1371724941724937 1.6045174825174826
9.991 3.2040000000000006 1.653

