969 .False.
#  Tholin optical constants at C/O = 1.0
#  ref: Photochemical Hazes Can Trace the C/O Ratio in Exoplanet Atmospheres
#  Corrales Lía, Gavilan Lisseth, Teal D. J., Kempton Eliza M. -R.
# wavelength  n  k
0.13 1.2730000000000006 0.3198041958041957
0.131 1.5112867132867134 0.31849417249417245
0.132 1.5724731934731937 0.3149114219114218
0.133 1.6098251748251746 0.30988811188811183
0.134 1.639468531468531 0.3031810411810411
0.135 1.6559860139860136 0.300107226107226
0.136 1.6746340326340325 0.29502097902097896
0.137 1.6849487179487177 0.2898321678321677
0.138 1.7068018648018641 0.28556643356643346
0.139 1.7198018648018643 0.27973426573426563
0.14 1.7272657342657338 0.27399999999999997
0.141 1.7421468531468531 0.2694801864801864
0.142 1.7481095571095566 0.26334265734265727
0.143 1.7530629370629367 0.26094638694638683
0.144 1.7604102564102557 0.25797668997668993
0.145 1.7662284382284377 0.2542937062937062
0.146 1.7687715617715614 0.24987878787878776
0.147 1.776836829836829 0.24713286713286708
0.148 1.778363636363636 0.2437762237762237
0.149 1.784412587412587 0.24219580419580414
0.15 1.786487179487179 0.23972338772338764
0.151 1.7892913752913748 0.2385687645687645
0.152 1.7914195804195798 0.2371631701631701
0.153 1.7959324009324007 0.23607459207459203
0.154 1.7987156177156172 0.23495571095571086
0.155 1.8017529137529134 0.23393706293706285
0.156 1.8037599067599064 0.233041958041958
0.157 1.8077272727272724 0.23269463869463866
0.158 1.8094615384615382 0.2323473193473193
0.159 1.8136177156177153 0.23199999999999998
0.16 1.8166060606060603 0.23166666666666663
0.161 1.8179090909090907 0.2313333333333333
0.162 1.8211515151515145 0.23099999999999996
0.163 1.8225244755244754 0.23038927738927736
0.164 1.8278111888111885 0.22968065268065266
0.165 1.8300240870240867 0.2288741258741258
0.166 1.8317101787101786 0.22845547785547782
0.167 1.8351235431235424 0.2280368298368298
0.168 1.8377948717948713 0.22768344988344985
0.169 1.8406468531468527 0.22739533799533795
0.17 1.8430132090132085 0.22710722610722606
0.171 1.844713286713286 0.2270271243907607
0.172 1.8481515151515149 0.22694702267429537
0.173 1.8490326340326335 0.22686692095783
0.174 1.8506433566433564 0.22678681924136468
0.175 1.8531655011655006 0.22670671752489932
0.176 1.8574277389277387 0.22664691448901975
0.177 1.858805361305361 0.2266074101337259
0.178 1.8605734265734262 0.22656790577843205
0.179 1.8627319347319347 0.22652840142313824
0.18 1.8664522144522144 0.2264888970678444
0.181 1.8692564102564098 0.22644939271255057
0.182 1.871433566433566 0.22640988835725673
0.183 1.8752610722610723 0.22637038400196288
0.184 1.8785687645687639 0.22633087964666906
0.185 1.8811724941724939 0.22629137529137522
0.186 1.885482517482517 0.22623034541216352
0.187 1.8879930069930067 0.22616931553295183
0.188 1.8903426573426567 0.2261082856537401
0.189 1.8940209790209788 0.22604725577452842
0.19 1.8976713286713283 0.22598622589531672
0.191 1.9031818181818176 0.22560722610722606
0.192 1.9066666666666663 0.2248352758352758
0.193 1.909449883449883 0.22398834498834494
0.194 1.9129930069930066 0.22270862470862463
0.195 1.9160815850815849 0.2214219114219114
0.196 1.9216433566433566 0.21839860139860134
0.197 1.9249487179487175 0.21724397824397815
0.198 1.9277296037296032 0.2159712509712509
0.199 1.931344988344988 0.2145804195804195
0.2 1.9342051282051278 0.21218181818181814
0.201 1.9378601398601394 0.20985081585081578
0.202 1.9403916083916082 0.20734265734265728
0.203 1.94458275058275 0.20206293706293701
0.204 1.9461118881118877 0.20021678321678318
0.205 1.9485571095571093 0.19848096348096342
0.206 1.9518881118881117 0.1968554778554778
0.207 1.9538710178710177 0.19399300699300698
0.208 1.9560613830613829 0.1913566433566433
0.209 1.9584592074592073 0.187065268065268
0.21 1.9603170163170158 0.18323076923076914
0.211 1.9611724941724937 0.17995804195804185
0.212 1.9616013986013985 0.17497202797202793
0.213 1.9619090909090904 0.17292074592074586
0.214 1.961529137529137 0.1701468531468531
0.215 1.9622074592074588 0.16831157731157725
0.216 1.9631375291375286 0.16637451437451434
0.217 1.96395337995338 0.16433566433566432
0.218 1.9649766899766894 0.16260839160839155
0.219 1.9660675990675986 0.16037762237762235
0.22 1.9663776223776224 0.1585687645687645
0.221 1.9667296037296034 0.1567855477855477
0.222 1.9669417249417245 0.15490209790209788
0.223 1.9677552447552442 0.15289510489510486
0.224 1.9679526029526027 0.15120046620046612
0.225 1.9682756410256408 0.14922843822843818
0.226 1.9687243589743584 0.14762237762237757
0.227 1.9690473970473965 0.1459790209790209
0.228 1.9692447552447547 0.1442703962703962
0.229 1.9700582750582747 0.14273892773892768
0.23 1.97018648018648 0.14122843822843817
0.231 1.9707482517482513 0.14004195804195801
0.232 1.9711468531468523 0.13866666666666666
0.233 1.9719370629370623 0.1372377622377622
0.234 1.9719999999999998 0.13591142191142183
0.235 1.972913752913752 0.13427972027972024
0.236 1.973181818181818 0.13251981351981354
0.237 1.9740466200466196 0.13108158508158507
0.238 1.9746806526806522 0.1294545454545454
0.239 1.97527972027972 0.1279230769230769
0.24 1.9758717948717945 0.12629137529137524
0.241 1.9766526806526803 0.12469930069930067
0.242 1.977123543123543 0.12286946386946385
0.243 1.9776285936285936 0.12092307692307688
0.244 1.9781678321678318 0.11887645687645684
0.245 1.9784219114219115 0.11712354312354308
0.246 1.9786993006993006 0.115034965034965
0.247 1.9785757575757577 0.1132354312354312
0.248 1.978361305361305 0.11136596736596732
0.25 1.9785967365967367 0.10946386946386942
0.251 1.9784032634032631 0.10777389277389274
0.252 1.9784708624708627 0.10631002331002329
0.253 1.9786759906759903 0.10498135198135194
0.254 1.9786456876456875 0.10375990675990673
0.255 1.9784627039627039 0.10192773892773889
0.256 1.9782797202797202 0.10010489510489508
0.257 1.9780344988344987 0.098053613053613
0.258 1.9777892773892771 0.09614219114219112
0.259 1.9775081585081582 0.09467599067599065
0.261 1.976874125874126 0.09327039627039624
0.262 1.976766899766899 0.092041958041958
0.263 1.9763496503496498 0.09070862470862469
0.264 1.976300699300699 0.0892167832167832
0.265 1.9758780108780103 0.08776223776223772
0.266 1.975465423465423 0.08620512820512817
0.267 1.9750629370629367 0.08505361305361302
0.269 1.9745384615384614 0.08404195804195802
0.27 1.9742261072261067 0.08288344988344987
0.271 1.9743869463869455 0.08170862470862468
0.272 1.9738391608391603 0.08033333333333328
0.273 1.9731165501165493 0.07905361305361303
0.275 1.9724899766899762 0.07791375291375291
0.276 1.9720901320901316 0.07693706293706291
0.277 1.9716037296037294 0.07604195804195803
0.278 1.9709790209790203 0.07499999999999998
0.279 1.9707832167832162 0.07399999999999997
0.281 1.970755244755244 0.07299999999999997
0.282 1.9704032634032629 0.07199999999999998
0.283 1.969631701631701 0.07099999999999998
0.284 1.969368298368298 0.06999999999999998
0.285 1.968554778554778 0.06895804195804195
0.287 1.9684335664335662 0.06806293706293705
0.288 1.9679883449883444 0.06708624708624708
0.289 1.9679393939393934 0.06632634032634031
0.29 1.9672937062937061 0.06569044289044286
0.292 1.9669417249417247 0.06466666666666664
0.293 1.9661655011655006 0.06383372183372181
0.294 1.9657097902097895 0.0631193473193473
0.296 1.9646843822843818 0.06192773892773891
0.297 1.964114685314685 0.060741258741258734
0.298 1.9636319930069925 0.06004428904428903
0.299 1.963236305361305 0.05970862470862469
0.301 1.9624449300699296 0.059333333333333314
0.302 1.9620763403263397 0.05903962703962702
0.303 1.961734848484848 0.058772727272727254
0.305 1.9610518648018642 0.05829254079254077
0.306 1.9607095571095565 0.05782362082362081
0.307 1.960366433566433 0.05712587412587411
0.309 1.959700466200466 0.05615804195804194
0.31 1.9593776223776223 0.05573286713286712
0.311 1.9592331002330996 0.055366433566433546
0.313 1.9587668997668994 0.05474999999999997
0.314 1.9583869463869457 0.05449999999999998
0.316 1.9581762237762232 0.05399999999999998
0.317 1.9579378399378393 0.05366666666666665
0.318 1.957566433566433 0.05333333333333331
0.32 1.9573286713286713 0.05259999999999998
0.321 1.957109557109557 0.05219999999999998
0.322 1.9569342657342654 0.051833333333333315
0.324 1.9566713286713284 0.05116666666666665
0.325 1.9564335664335657 0.050833333333333314
0.327 1.9559878787878777 0.05016666666666665
0.328 1.9558237762237751 0.04983333333333331
0.33 1.9556130536130532 0.04916666666666665
0.331 1.9553170163170155 0.04879999999999998
0.332 1.954682983682983 0.04839999999999998
0.334 1.9544708624708618 0.04774999999999997
0.335 1.954171328671328 0.04749999999999997
0.337 1.9537692307692303 0.04699999999999998
0.338 1.9536666666666662 0.046714285714285694
0.34 1.9535268065268057 0.04614285714285713
0.341 1.9533962703962697 0.04583333333333332
0.343 1.9532400932400926 0.04516666666666665
0.344 1.9528764568764563 0.04488888888888888
0.346 1.9520815850815847 0.04444444444444443
0.347 1.9519067599067592 0.044222222222222204
0.349 1.9514801864801856 0.04377777777777776
0.35 1.9514988344988342 0.04355555555555554
0.352 1.9509650349650343 0.04311111111111109
0.353 1.9510349650349648 0.042833333333333314
0.355 1.950543123543123 0.04216666666666665
0.356 1.950456876456876 0.04185714285714284
0.358 1.9499650349650348 0.04128571428571427
0.359 1.9500349650349647 0.04099999999999999
0.361 1.949543123543123 0.04059999999999999
0.363 1.9494568764568763 0.04019999999999999
0.364 1.9489650349650347 0.039999999999999994
0.366 1.9490349650349648 0.03966666666666666
0.367 1.9485431235431232 0.03949999999999999
0.369 1.9483729603729598 0.03916666666666666
0.371 1.9482587412587409 0.03884731934731934
0.372 1.9478298368298363 0.03869463869463868
0.374 1.9473636363636355 0.038389277389277374
0.375 1.9472086247086242 0.03823659673659672
0.377 1.9469689199689195 0.03784195804195802
0.379 1.946799533799533 0.037358041958041946
0.38 1.9470256410256404 0.037116083916083904
0.382 1.94662937062937 0.03666480186480185
0.384 1.9465571095571088 0.03624615384615383
0.385 1.9462459207459202 0.03603682983682982
0.387 1.9458313908313905 0.03570745920745919
0.389 1.945624708624708 0.03546736596736595
0.39 1.945568764568764 0.035347319347319335
0.392 1.945333333333333 0.035107226107226094
0.394 1.9451118881118874 0.03488694638694638
0.396 1.9449930069930066 0.03466666666666666
0.397 1.9445431235431228 0.034417249417249406
0.399 1.9443729603729598 0.03376689976689976
0.401 1.944216783216783 0.03354778554778554
0.402 1.9439347319347315 0.03343822843822843
0.404 1.943386946386946 0.033219114219114214
0.406 1.9430714840714838 0.032999999999999995
0.408 1.9427824397824396 0.03282957782957783
0.41 1.9425198135198136 0.032659155659155656
0.411 1.942692307692307 0.032573944573944566
0.413 1.9423496503496502 0.03240352240352239
0.415 1.9424172494172491 0.03223310023310022
0.417 1.9421390831390832 0.0319079254079254
0.419 1.9418333333333333 0.03158275058275058
0.42 1.9416666666666662 0.0314172494172494
0.422 1.9414405594405597 0.031157109557109545
0.424 1.9413030303030299 0.030896969696969687
0.426 1.94169696969697 0.03065734265734265
0.428 1.9415594405594403 0.030438228438228427
0.43 1.9412494172494172 0.030219114219114208
0.431 1.9412296037296035 0.030109557109557095
0.433 1.9410163170163166 0.029914788914788902
0.435 1.9406293706293707 0.029744366744366733
0.437 1.9403706293706284 0.029573944573944563
0.439 1.9399836829836825 0.029403522403522394
0.441 1.9397490287490282 0.029233100233100225
0.443 1.9396666666666658 0.029016317016317007
0.445 1.9396503496503492 0.02879953379953379
0.447 1.9393496503496492 0.02858275058275057
0.449 1.939417249417249 0.028417249417249407
0.451 1.9391390831390822 0.028254662004661996
0.453 1.938888888888888 0.028092074592074585
0.455 1.9386666666666665 0.02792948717948717
0.457 1.9384405594405583 0.02776689976689976
0.458 1.9383030303030298 0.027712121212121205
0.46 1.938738927738927 0.027602564102564096
0.462 1.938454545454545 0.027493006993006983
0.465 1.9383100233100226 0.027328671328671318
0.467 1.9381965811965804 0.02721911421911421
0.469 1.9380753690753683 0.0271095571095571
0.471 1.937946386946386 0.02699999999999999
0.473 1.9377738927738921 0.02689492558723327
0.475 1.9376666666666653 0.02678985117446655
0.477 1.9376270396270394 0.02668477676169983
0.479 1.9374895104895091 0.02657970234893311
0.481 1.9375081585081582 0.026474627936166388
0.483 1.9376013986013976 0.026369553523399668
0.485 1.9373333333333325 0.026231002331002323
0.487 1.9371111111111101 0.02605897435897435
0.489 1.9369166666666657 0.02588694638694638
0.492 1.9366666666666659 0.02562890442890442
0.494 1.9364405594405585 0.02545687645687645
0.496 1.9363869463869456 0.0253088578088578
0.498 1.9364871794871785 0.025160839160839152
0.5 1.936596736596736 0.025132867132867123
0.502 1.9364032634032622 0.025104895104895095
0.505 1.936596736596736 0.024982835346471704
0.507 1.9364032634032622 0.024848061029879204
0.509 1.93651282051282 0.02471328671328671
0.511 1.9366550116550107 0.02428671328671328
0.513 1.9364545454545448 0.024172027972027964
0.516 1.9363100233100226 0.023999999999999994
0.518 1.9361965811965807 0.023856643356643347
0.52 1.9360753690753685 0.0237132867132867
0.522 1.935946386946386 0.023286713286713275
0.525 1.9357738927738923 0.02320069930069929
0.527 1.9356666666666658 0.023143356643356636
0.529 1.9356270396270392 0.023086013986013978
0.532 1.9354895104895098 0.022999999999999993
0.534 1.9355501165501159 0.022942657342657335
0.536 1.9355384615384614 0.022885314685314677
0.538 1.9351631701631695 0.02282797202797202
0.541 1.9352383449883446 0.022741958041958034
0.543 1.935188228438228 0.022627972027972017
0.546 1.9349627039627033 0.022372027972027964
0.548 1.9350372960372957 0.02223892773892773
0.55 1.9348654678654675 0.022143356643356635
0.553 1.9347795537795534 0.021999999999999992
0.555 1.934836829836829 0.021904428904428896
0.558 1.934503496503496 0.021761072261072253
0.56 1.9343449883449877 0.02157109557109556
0.562 1.9344871794871792 0.021286713286713277
0.565 1.9345967365967358 0.021154384077460994
0.567 1.9344032634032629 0.021066164604626136
0.57 1.9345967365967358 0.020942657342657333
0.572 1.9344032634032629 0.020866200466200458
0.575 1.9345193473193467 0.020751515151515146
0.577 1.9345967365967358 0.020627622377622373
0.58 1.934480652680652 0.020370629370629365
0.582 1.9344032634032629 0.02003896103896103
0.585 1.934468997668997 0.019737262737262732
0.587 1.9345128205128197 0.01966666666666666
0.59 1.9345839160839153 0.01965578865578865
0.593 1.934655011655011 0.01954755244755244
0.595 1.9345748251748245 0.019410489510489508
0.598 1.9344545454545448 0.019381618381618376
0.6 1.934396736596736 0.019480186480186477
0.603 1.934310023310023 0.019217560217560214
0.606 1.9341824009324002 0.018847485847485846
0.608 1.934091491841491 0.018529137529137523
0.611 1.9339463869463864 0.018307109557109548
0.613 1.9337738927738921 0.01814801864801864
0.616 1.9336666666666662 0.017892773892773883
0.619 1.933627039627039 0.017663170163170157
0.622 1.93348951048951 0.017433566433566427
0.624 1.933508158508158 0.017340647857889233
0.627 1.9336853146853146 0.017201269994373436
0.63 1.9331235431235427 0.017061892130857643
0.632 1.9330263070263065 0.01696897355518045
0.635 1.9329510489510484 0.016829595691664652
0.638 1.9329463869463863 0.016715869715869712
0.641 1.9329821289821287 0.016627795627795622
0.644 1.9330229770229768 0.016539721539721535
0.646 1.933053613053613 0.016481005481005475
0.649 1.9330489510489508 0.01639293139293139
0.652 1.9329898989898988 0.016304857304857298
0.655 1.9328764568764565 0.01621678321678321
0.658 1.932356643356643 0.016026223776223772
0.661 1.9323030303030297 0.01583566433566433
0.663 1.9327389277389275 0.0157086247086247
0.666 1.9324965034965031 0.015076923076923071
0.669 1.9322470862470862 0.015057692307692303
0.672 1.932090132090132 0.015038461538461534
0.675 1.9320287490287487 0.015019230769230764
0.678 1.9320629370629365 0.014999999999999996
0.681 1.932277389277389 0.014980769230769226
0.684 1.9320699300699298 0.014961538461538455
0.687 1.932193473193473 0.014942307692307685
0.69 1.9322727272727274 0.014923076923076916
0.693 1.932073815073815 0.014333333333333326
0.696 1.9320139860139858 0.013868686868686867
0.699 1.93209324009324 0.01358541458541458
0.702 1.9320979020979019 0.013483516483516478
0.705 1.932102564102564 0.013381618381618377
0.708 1.9321072261072259 0.013279720279720275
0.711 1.9320797608188909 0.01314529914529914
0.714 1.9320201682375593 0.013010878010878003
0.717 1.9319605756562277 0.012876456876456869
0.721 1.931881118881119 0.012123543123543115
0.724 1.9312867132867129 0.012032301032301025
0.727 1.9309557109557105 0.011941058941058935
0.73 1.9307770007770002 0.011849816849816844
0.733 1.9307505827505822 0.011754168908015056
0.736 1.9306177156177151 0.011654115115653571
0.74 1.9304405594405591 0.011520710059171591
0.743 1.9303717948717942 0.011420656266810107
0.746 1.9303030303030295 0.011320602474448622
0.749 1.9307389277389273 0.011220548682087137
0.753 1.9304545454545452 0.011056791693155325
0.756 1.9303519813519805 0.010911210002119087
0.759 1.9301406371406364 0.010765628311082851
0.762 1.9300044500953586 0.010620046620046616
0.766 1.9299230769230766 0.010440559440559433
0.769 1.9299137529137524 0.010433566433566433
0.772 1.9299883449883448 0.01033333333333333
0.776 1.9298554778554773 0.010209790209790206
0.779 1.929829836829836 0.009713286713286707
0.783 1.92953613053613 0.009280991735537182
0.786 1.9300000000000002 0.009042735042735037
0.789 1.9296550116550113 0.008890442890442886
0.793 1.9297256077256075 0.008906759906759903
0.796 1.9297785547785546 0.0088997668997669
0.8 1.929460206460206 0.008916083916083914
0.803 1.9292214452214447 0.009149184149184147
0.807 1.9293030303030299 0.008720279720279712
0.81 1.9291048951048948 0.008370129870129856
0.814 1.9294452214452207 0.007865301365301358
0.817 1.92909324009324 0.007616383616383611
0.821 1.9289510489510486 0.007457431457431451
0.824 1.928666666666666 0.007338217338217331
0.828 1.92832634032634 0.007147276965458777
0.832 1.9283519813519812 0.006924348378893828
0.835 1.9282638694638692 0.006757151938970116
0.839 1.928072261072261 0.00641336441336441
0.843 1.9278065268065265 0.0059487179487179445
0.846 1.927452214452214 0.00624242424242424
0.85 1.9273962703962704 0.006069930069930068
0.854 1.927391608391608 0.005813519813519811
0.857 1.9274428904428902 0.005725407925407922
0.861 1.9270326340326336 0.005599844599844597
0.865 1.9270683760683758 0.005466200466200464
0.869 1.9268238428238427 0.00515384615384615
0.872 1.9264302364302364 0.004826573426573424
0.876 1.9260419580419579 0.004635586635586633
0.88 1.9257902097902095 0.004689976689976689
0.884 1.9254254079254078 0.0047552447552447535
0.888 1.9250606060606061 0.0046175363098440005
0.892 1.9249127539127537 0.0044798278644432475
0.895 1.9248018648018643 0.004376546530392683
0.899 1.9246456876456874 0.004311355311355311
0.903 1.9245279720279718 0.004318681318681318
0.907 1.924410256410256 0.004326007326007325
0.911 1.9242867132867132 0.004333333333333332
0.915 1.92416317016317 0.004250971250971249
0.919 1.924315462315462 0.004016317016317014
0.923 1.924230769230769 0.0036293706293706266
0.927 1.9239090909090908 0.003286713286713284
0.931 1.9237039627039623 0.002999999999999997
0.935 1.923281274281274 0.0027132867132867106
0.939 1.9229821289821285 0.0025000000000000005
0.943 1.922806526806526 0.0022867132867132847
0.947 1.9225431235431234 0.0022192513368983935
0.952 1.9224545454545445 0.0021349238996297795
0.956 1.9224219114219112 0.0020674619498148882
0.96 1.922113053613053 0.001999999999999997
0.964 1.9218041958041951 0.0019834451263022663
0.968 1.921573426573426 0.001966890252604535
0.972 1.9213426573426569 0.0019503353789068045
0.977 1.9207529137529136 0.0019296417867846406
0.981 1.9201072261072256 0.00191308691308691
0.985 1.9197328312712922 0.001896532039389179
0.99 1.9193634570557643 0.0018758384472670154
0.994 1.9191468531468525 0.0018592835735692845
0.998 1.918580419580419 0.0018427286998715536
1.003 1.9182470862470857 0.0018220351077493904
1.007 1.9180489510489505 0.0018054802340516595
1.011 1.9180349650349648 0.00177488168397259
1.016 1.917543123543123 0.0017190789008970785
1.02 1.91737296037296 0.0016744366744366704
1.025 1.9172167832167826 0.0016186338913611615
1.029 1.9169347319347312 0.0015739916649007532
1.033 1.916386946386946 0.001529349438440345
1.038 1.9160435120435115 0.0014735466553648336
1.043 1.915827201783723 0.0014177438722893245
1.047 1.915755852842809 0.0013731016458289164
1.052 1.9156666666666662 0.001317298862753405
1.056 1.9156045066045062 0.0012726566362929966
1.061 1.915526806526806 0.001191507838566661
1.065 1.91539627039627 0.001106311988664929
1.07 1.9152400932400928 0.0009998171762877618
1.075 1.9148764568764565 0.0008933223639105992
1.079 1.9140815850815849 0.0008081265140088673
1.084 1.9138228438228437 0.0007016317016317
1.089 1.9136060606060605 0.0007086789179812423
1.094 1.9136713286713285 0.000715726134330785
1.098 1.9128997668997665 0.0007213639074104189
1.103 1.912447552447552 0.0007284111237599613
1.108 1.9119994172494168 0.0008036130536130549
1.113 1.9115553613053609 0.0009469696969696994
1.118 1.9110276134122284 0.0010980647259717109
1.122 1.910538461538461 0.0012251314576896054
1.127 1.910160839160839 0.00138396487233697
1.132 1.9100551670551666 0.0015427982869843345
1.137 1.9098725718725715 0.001701631701631706
1.142 1.9096130536130531 0.0019529137529137532
1.147 1.909317016317016 0.0022041958041958114
1.152 1.908682983682983 0.002455477855477859
1.157 1.9084708624708622 0.002706759906759917
1.162 1.9080994560994557 0.0029580419580419646
1.167 1.9078104118104116 0.003226107226107237
1.172 1.9076037296037294 0.0034941724941724974
1.177 1.907482517482517 0.0037622377622377697
1.183 1.9073030303030298 0.004083916083916089
1.188 1.9076969696969694 0.004260086067778376
1.193 1.9075594405594403 0.004436256051640672
1.198 1.9073333333333329 0.004612426035502959
1.203 1.9071249999999997 0.004788596019365255
1.209 1.9068749999999997 0.0050000000000000044
1.214 1.9066666666666663 0.005176169983862292
1.219 1.9064405594405593 0.005352339967724588
1.224 1.906386946386946 0.005528509951586875
1.23 1.9064871794871794 0.0057399139322216255
1.235 1.9065967365967365 0.005916083916083921
1.24 1.906403263403263 0.0060642252484357775
1.246 1.9065128205128203 0.006241994847258009
1.251 1.9066130536130532 0.006390136179609865
1.257 1.9065594405594404 0.006567905778432097
1.262 1.906333333333333 0.00671604711078396
1.268 1.9060980392156859 0.006893816709606192
1.273 1.9059019607843133 0.007041958041958048
1.279 1.9056666666666664 0.007149362088293392
1.284 1.905440559440559 0.007238865460239514
1.29 1.9053869463869462 0.0073462695065748575
1.296 1.905487179487179 0.007453673552910201
1.301 1.9055967365967366 0.0075431769248563195
1.307 1.9054032634032627 0.007650580971191663
1.313 1.9055128205128207 0.007757985017527007
1.318 1.9056130536130529 0.007847488389473129
1.324 1.9055594405594407 0.007954892435808473
1.33 1.9053333333333327 0.008062296482143816
1.336 1.905098039215686 0.00816970052847916
1.341 1.9049019607843134 0.008251730457837331
1.347 1.904666666666666 0.008341198241961605
1.353 1.9044405594405593 0.008430666026085876
1.359 1.9043030303030297 0.008520133810210148
1.365 1.9046969696969696 0.008609601594334422
1.371 1.9045594405594397 0.008699069378458693
1.377 1.904333333333333 0.008788537162582965
1.383 1.9041111111111104 0.008878004946707239
1.389 1.9038609168609162 0.00896747273083151
1.395 1.9035827505827503 0.009056940514955782
1.401 1.903650349650349 0.009146408299080056
1.407 1.9034335664335662 0.009200162156683895
1.413 1.9032074592074586 0.009218202087767304
1.419 1.903099987731566 0.009236242018850713
1.426 1.902926512084406 0.009257288605114692
1.432 1.9027365967365963 0.009275328536198101
1.438 1.9029370629370626 0.00929336846728151
1.444 1.9030631701631697 0.00931140839836492
1.451 1.9031235431235427 0.009332454984628898
1.457 1.9036433566433562 0.009350494915712307
1.463 1.9036130536130529 0.009368534846795716
1.47 1.9034289044289041 0.009389581433059693
1.476 1.903613053613053 0.009375433726578763
1.482 1.90355944055944 0.009329098382533495
1.489 1.9033333333333329 0.00927504048114735
1.495 1.9031228070175432 0.009228705137102082
1.502 1.9028771929824553 0.009174647235715936
1.508 1.9026666666666658 0.009128311891670668
1.515 1.9024405594405587 0.009074253990284524
1.522 1.9023869463869456 0.009020196088898378
1.528 1.902445221445221 0.00897386074485311
1.535 1.9026596736596733 0.008919802843466964
1.542 1.9024895104895096 0.008810701736074867
1.548 1.9024592074592073 0.008670006610305115
1.555 1.9022797202797195 0.008505862296907071
1.562 1.9018508158508152 0.008341717983509024
1.569 1.9013659673659664 0.008177573670110983
1.575 1.9012143295301183 0.008079884079884078
1.582 1.9009494949494943 0.008016086016086011
1.589 1.9005967365967362 0.007952287952287949
1.596 1.9002307692307687 0.007888489888489884
1.603 1.899534576534576 0.007824691824691822
1.61 1.8989696969696963 0.0077608937608937565
1.617 1.8985361305361301 0.007697095697095694
1.624 1.8978956876456872 0.007633297633297629
1.631 1.8970483682983676 0.007615776962311613
1.638 1.8962584197411776 0.007644533684137642
1.645 1.895525841974117 0.007673290405963672
1.653 1.8947548428582905 0.007706155230907705
1.66 1.8941381721726545 0.0077349119527337345
1.667 1.8934491064491061 0.0077636686745597636
1.674 1.8926876456876456 0.007792425396385793
1.682 1.8920979020979016 0.008025900025900028
1.689 1.8918484848484844 0.008405723905723913
1.696 1.891496503496503 0.008785547785547788
1.704 1.8911332725245766 0.009193371845545759
1.711 1.8907725718725716 0.009550217898043991
1.719 1.8903113442113437 0.009958041958041963
1.726 1.88985066045066 0.010316274634456453
1.734 1.8892588966588961 0.01072568340750159
1.741 1.8887411033411028 0.01108391608391609
1.749 1.888149339549339 0.01146963562753037
1.756 1.887695165050003 0.011807140228192861
1.764 1.8872488157004277 0.012210526315789477
1.772 1.8868662852299207 0.012631578947368426
1.779 1.886587412587412 0.013000000000000001
1.787 1.8860675990675981 0.013500000000000002
1.795 1.885666666666666 0.014000000000000004
1.803 1.8854172494172485 0.01466666666666667
1.811 1.8848065268065257 0.015266666666666668
1.818 1.8843240093240086 0.01573333333333334
1.826 1.8840784770784762 0.016333333333333335
1.834 1.883810411810411 0.017
1.842 1.8835198135198128 0.017666666666666667
1.85 1.883692307692307 0.018250000000000002
1.858 1.8833496503496494 0.01875
1.866 1.8834172494172488 0.01930769230769231
1.875 1.883128384436076 0.02
1.883 1.8828888888888884 0.02066666666666667
1.891 1.8826666666666663 0.021250000000000005
1.899 1.8824405594405589 0.021750000000000002
1.907 1.882386946386946 0.02223529411764706
1.916 1.882487179487179 0.022764705882352937
1.924 1.8825128205128199 0.023242424242424238
1.932 1.8826130536130532 0.02372727272727272
1.941 1.882643356643356 0.02426470588235294
1.949 1.8821235431235428 0.02473529411764706
1.958 1.8820874396920904 0.02526470588235294
1.966 1.8820553477530217 0.02573529411764706
1.975 1.8819743589743585 0.026257142857142864
1.984 1.8818484848484844 0.02677142857142857
1.992 1.8817365967365964 0.027228571428571432
2.001 1.8818253276777863 0.027742857142857152
2.01 1.8819140586189762 0.028264705882352942
2.018 1.8819929305667005 0.028735294117647053
2.027 1.8820496170496166 0.029200000000000004
2.036 1.8820742590742587 0.0296
2.045 1.8820989010989007 0.029999999999999995
2.054 1.8821235431235428 0.030399999999999993
2.063 1.882643356643356 0.030800000000000008
2.072 1.882613053613053 0.031200000000000006
2.081 1.88251282051282 0.0316
2.09 1.882403263403263 0.032
2.099 1.882596736596736 0.032333333333333346
2.108 1.882403263403263 0.03266666666666667
2.117 1.882596736596736 0.033
2.126 1.882403263403263 0.033321428571428564
2.136 1.882596736596736 0.03367857142857143
2.145 1.882403263403263 0.033999999999999996
2.154 1.882596736596736 0.034321428571428565
2.164 1.882403263403263 0.034678571428571434
2.173 1.882596736596736 0.035
2.183 1.882403263403263 0.03534482758620689
2.192 1.882596736596736 0.03565517241379312
2.202 1.882403263403263 0.036000000000000004
2.211 1.882596736596736 0.03626865671641791
2.221 1.882403263403263 0.036567164179104474
2.231 1.882596736596736 0.03686567164179103
2.24 1.882403263403263 0.03711392405063291
2.25 1.882596736596736 0.037367088607594925
2.26 1.882403263403263 0.03762025316455695
2.27 1.882596736596736 0.03787341772151898
2.28 1.882403263403263 0.038113636363636356
2.289 1.882596736596736 0.038318181818181814
2.299 1.882403263403263 0.038545454545454536
2.309 1.8825128205128199 0.03877272727272727
2.319 1.8826130536130532 0.03899999999999999
2.33 1.88255944055944 0.039215686274509796
2.34 1.882333333333333 0.03941176470588234
2.35 1.8821111111111106 0.0396078431372549
2.36 1.8818609168609164 0.03980392156862744
2.37 1.8815827505827503 0.039999999999999994
2.381 1.8816503496503494 0.04020754716981131
2.391 1.88134965034965 0.040396226415094334
2.402 1.881333333333333 0.040603773584905654
2.412 1.8812536280923373 0.040792452830188675
2.423 1.880988946537333 0.040999999999999995
2.433 1.880587412587412 0.04121052631578946
2.444 1.8804335664335663 0.04144210526315789
2.454 1.88007414091285 0.04165263157894737
2.465 1.8797886557886552 0.04188421052631578
2.476 1.879613053613053 0.042146666666666666
2.487 1.8793170163170159 0.04244
2.497 1.8786410256410253 0.042706666666666664
2.508 1.8785337995337987 0.043
2.519 1.8781779331779327 0.0434
2.53 1.8778220668220664 0.04379999999999999
2.541 1.8774662004661997 0.044199999999999996
2.552 1.877358974358974 0.044599999999999994
2.563 1.8766829836829833 0.04499999999999999
2.575 1.876386946386946 0.04535294117647058
2.586 1.8761274281274276 0.045676470588235284
2.597 1.8759448329448325 0.04599999999999999
2.608 1.8758391608391602 0.04615942028985507
2.62 1.8754195804195801 0.04633333333333333
2.631 1.874918826271767 0.046492753623188394
2.643 1.874474815040032 0.046666666666666655
2.654 1.8741615485963308 0.04682608695652173
2.666 1.8736591251885366 0.04699999999999999
2.677 1.8730512820512817 0.04718965517241379
2.689 1.87213986013986 0.04739655172413793
2.701 1.8713216783216782 0.04760344827586207
2.712 1.8697668997668992 0.047793103448275864
2.724 1.8684273504273499 0.04800000000000001
2.736 1.867118298368298 0.048694638694638706
2.748 1.865839743589743 0.049340326340326354
2.76 1.864644133644133 0.04993706293706294
2.772 1.863531468531468 0.05099766899766899
2.784 1.8616177156177154 0.05167365967365965
2.796 1.8601491841491835 0.05239471639471638
2.808 1.8583123543123539 0.05316083916083916
2.821 1.8559650349650345 0.054538461538461536
2.833 1.85327972027972 0.0563986013986014
2.845 1.8505547785547782 0.05896736596736597
2.858 1.8475221445221444 0.06210722610722611
2.87 1.8458423108423105 0.06575524475524477
2.883 1.8444639160839156 0.06992307692307694
2.895 1.8435990209790205 0.07425874125874128
2.908 1.8429569079569075 0.07903030303030303
2.92 1.8426363636363634 0.08382983682983684
2.933 1.8432222222222217 0.08885081585081588
2.946 1.8442121212121207 0.09407459207459208
2.959 1.8456060606060603 0.09941958041958045
2.972 1.8487296037296035 0.10480652680652683
2.985 1.8522913752913748 0.10984848484848483
2.998 1.856664335664335 0.11402097902097902
3.011 1.8615198135198137 0.1169137529137529
3.024 1.8665431235431234 0.11890209790209785
3.037 1.871165501165501 0.1198422688422688
3.05 1.8757785547785544 0.12048738823365684
3.063 1.8794568764568764 0.12083745607626202
3.077 1.8832843822843817 0.12121445221445219
3.09 1.8866946386946382 0.12131938211042687
3.104 1.8905664335664334 0.12143238353686113
3.117 1.894358974358974 0.12138876570583886
3.131 1.8987482517482515 0.12118181818181815
3.144 1.9025944055944053 0.12002097902097901
3.158 1.9059324009324001 0.11804195804195801
3.172 1.9084032634032626 0.1157319347319347
3.186 1.9110349650349647 0.11329137529137526
3.199 1.9122319347319345 0.11096736596736592
3.213 1.9133531468531466 0.10890442890442886
3.227 1.9143065268065267 0.10722610722610719
3.241 1.915293494384403 0.1057412587412587
3.256 1.9163869463869458 0.1042564102564102
3.27 1.9173076923076922 0.10265734265734264
3.284 1.9169813519813514 0.10107459207459205
3.298 1.9167885835095133 0.09975757575757573
3.313 1.9166584810538294 0.09963519813519812
3.327 1.916608391608391 0.0997605424878152
3.342 1.917102670057215 0.10015151515151512
3.356 1.91800381436745 0.10098834498834498
3.371 1.9194405594405586 0.10107734689552869
3.385 1.9227972027972025 0.10085410044500952
3.4 1.9247179487179482 0.10028671328671325
3.415 1.9264001554001549 0.09825874125874122
3.43 1.9278438228438224 0.09597668997668994
3.445 1.9288438228438225 0.0939277389277389
3.46 1.9292307692307689 0.09237529137529134
3.475 1.929464646464646 0.09064568764568762
3.49 1.929545454545454 0.0888391608391608
3.505 1.929384615384615 0.08703263403263399
3.52 1.9291258741258739 0.08534265734265732
3.536 1.928614839061647 0.08390442890442888
3.551 1.9282212964340621 0.08324465389682778
3.567 1.9278927738927738 0.08257494679233807
3.582 1.9272470862470858 0.08197902097902096
3.598 1.9267884243416156 0.08104195804195802
3.613 1.9265134865134863 0.07999999999999996
3.629 1.9263856143856142 0.07933333333333331
3.645 1.926145299145299 0.07874999999999999
3.661 1.9257925407925407 0.07824999999999999
3.677 1.9252494172494168 0.07766666666666665
3.693 1.9249836829836828 0.07699999999999999
3.709 1.9247179487179487 0.07599999999999997
3.725 1.924452214452214 0.07533333333333331
3.741 1.924010242282969 0.07475757575757573
3.758 1.9233533940806664 0.07424242424242422
3.774 1.9227470683162988 0.07377450242065624
3.79 1.922152626860319 0.07332350726196876
3.807 1.9215464286956823 0.07285331535933942
3.824 1.9209656264133872 0.07239211391018617
3.84 1.9204185547785542 0.07195804195804194
3.857 1.9198368298368291 0.0716230436230436
3.874 1.9192470862470856 0.07128804528804526
3.891 1.9187529137529133 0.07095304695304694
3.908 1.9181631701631696 0.07071151287736652
3.925 1.917564879564879 0.07056344306100402
3.942 1.917005827505827 0.07041537324464152
3.959 1.9164860139860134 0.07026730342827903
3.976 1.9159240228370658 0.07011923361191653
3.993 1.9153198540589838 0.06997116379555403
4.011 1.9146631368631362 0.0698787552011851
4.028 1.9140268398268392 0.06985227545040629
4.046 1.9134765900765898 0.06982423806722872
4.063 1.9130735264735261 0.0697977583164499
4.081 1.9126045066045063 0.06976972093327233
4.099 1.9120932400932396 0.06974168355009476
4.117 1.9109720279720277 0.06971364616691719
4.135 1.910308469308469 0.06968560878373961
4.153 1.9097278554778552 0.06965757140056204
4.171 1.9092301864801864 0.06962953401738448
4.189 1.9086705516705516 0.06960149663420691
4.207 1.9080489510489507 0.06957345925102934
4.225 1.9070139860139859 0.069579485796103
4.244 1.9064856809856807 0.06962180351794593
4.262 1.9059109557109555 0.06966189399127083
4.281 1.9052259518259516 0.06970421171311378
4.3 1.9044238014238009 0.06974652943495671
4.318 1.9035528885528878 0.06978661990828161
4.337 1.9025862470862462 0.06982893763012454
4.356 1.9015722610722605 0.06987125535196749
4.375 1.9006124708624703 0.06991357307381044
4.394 1.899706876456876 0.07014219114219111
4.413 1.8986219538037714 0.07055710955710953
4.432 1.8973577029031568 0.07102916741378279
4.452 1.8961035801805026 0.0715862172016018
4.471 1.8949849979080744 0.07221713879340998
4.491 1.8938930129699356 0.07298834498834497
4.51 1.8929368238599003 0.07430069930069928
4.53 1.8922097902097896 0.07596969696969695
4.55 1.891762237762237 0.07798834498834499
4.569 1.8923263403263395 0.07987179487179487
4.589 1.894270396270396 0.08122377622377622
4.609 1.8967296037296033 0.08165501165501163
4.629 1.8983962703962698 0.08122377622377622
4.649 1.899363636363636 0.07987179487179485
4.67 1.8993273178434467 0.07798834498834496
4.69 1.8989308469308466 0.07605361305361302
4.71 1.8981724941724938 0.07425874125874123
4.731 1.896482517482517 0.07268997668997668
4.752 1.8945501165501162 0.07178554778554774
4.772 1.8928181818181817 0.07174601398601395
4.793 1.8911701631701627 0.07170450349650345
4.814 1.8895967365967365 0.07166299300699297
4.835 1.8883193473193467 0.07162148251748249
4.856 1.886871794871794 0.07157997202797199
4.877 1.885480186480186 0.07153846153846151
4.898 1.8833053613053603 0.07158113681190602
4.92 1.8817274520351435 0.07162584424122884
4.941 1.8802805063153893 0.07166851951467333
4.963 1.8788267197918351 0.07171322694399615
4.984 1.877334588488434 0.07175590221744066
5.006 1.8756620046620045 0.07180060964676348
5.028 1.873230769230769 0.07184531707608628
5.05 1.8714708624708618 0.0718900245054091
5.072 1.8694871794871786 0.07193473193473192
5.094 1.867554778554778 0.072054718785488
5.116 1.8654662004662 0.07217470563624408
5.138 1.8636410256410252 0.07229469248700017
5.161 1.8613706293706285 0.07242013328551788
5.183 1.8593706293706291 0.07254012013627396
5.206 1.8567902097902098 0.07266556093479169
5.228 1.854328671328671 0.07278554778554777
5.251 1.8513916083916078 0.07300548795036983
5.274 1.8487062937062932 0.07322542811519188
5.297 1.8455827505827502 0.07344536828001394
5.32 1.842319347319347 0.073665308444836
5.343 1.8383822843822843 0.07388524860965805
5.367 1.8344988344988342 0.07418221778221777
5.39 1.8298344988344986 0.07453146853146853
5.413 1.8254662004662001 0.07488071928071928
5.437 1.8202004662004658 0.07536752136752135
5.461 1.8147365967365963 0.07597668997668994
5.484 1.8080909090909085 0.07690442890442889
5.508 1.8011118881118877 0.07814918414918415
5.532 1.7931351981351975 0.07983916083916083
5.556 1.7847249417249413 0.08234265734265735
5.581 1.775039627039627 0.08572027972027974
5.605 1.7650116550116541 0.09011655011655012
5.629 1.7534778554778547 0.09573193473193475
5.654 1.741484848484848 0.10314918414918417
5.678 1.7280582750582747 0.11284382284382288
5.703 1.7145011655011653 0.1261188811188812
5.728 1.701496503496503 0.14328205128205135
5.753 1.6911025641025634 0.1641864801864803
5.778 1.6836200466200464 0.1882097902097903
5.803 1.6804195804195798 0.21503496503496516
5.828 1.6817086247086244 0.243848484848485
5.854 1.689114219114219 0.2731282051282053
5.879 1.7018694638694636 0.3012494172494174
5.905 1.7208088578088578 0.3267599067599068
5.931 1.7443613053613052 0.34765034965034963
5.957 1.771221445221445 0.363004662004662
5.982 1.799132867132867 0.37255477855477853
6.009 1.8274219114219115 0.37610489510489503
6.035 1.8536363636363633 0.37388811188811183
6.061 1.8765804195804194 0.36697668997668986
6.087 1.8947645687645682 0.35716317016317
6.114 1.908990675990676 0.3460442890442889
6.141 1.9185944055944053 0.3348764568764567
6.167 1.9252097902097893 0.32516317016317
6.194 1.9294801864801858 0.31719580419580407
6.221 1.9329953379953377 0.3110652680652679
6.248 1.9354778554778551 0.3063379953379952
6.275 1.9381165501165496 0.3031608391608391
6.303 1.9405641025641023 0.3012377622377621
6.33 1.943543123543123 0.30086700572155106
6.358 1.9466410256410258 0.3004825174825174
6.386 1.951212121212121 0.3004077558804831
6.413 1.9567365967365964 0.3003356643356642
6.441 1.9636433566433564 0.300128205128205
6.469 1.9712191142191138 0.2989230769230769
6.497 1.9795571095571092 0.29629603729603715
6.526 1.9876596736596732 0.2918811188811188
6.554 1.9954125874125863 0.28568764568764554
6.583 2.001564102564102 0.27797668997668995
6.611 2.0063473193473182 0.2694055944055943
6.64 2.0084965034965028 0.2602051282051281
6.669 2.008659673659673 0.2513006993006992
6.698 2.0062610722610716 0.2430046620046619
6.727 2.0024265734265727 0.2362820512820512
6.757 1.997510489510489 0.232074592074592
6.786 1.9929510489510485 0.2313218363557346
6.816 1.9885431235431235 0.2305431235431235
6.845 1.9850209790209785 0.23101631701631697
6.875 1.9822307692307692 0.23150582750582746
6.905 1.9816503496503493 0.23370862470862472
6.935 1.9810699300699295 0.23637529137529129
6.965 1.9809981597350015 0.23885547785547778
6.996 1.9809239970555759 0.24077622377622368
7.026 1.9813418045369264 0.2429463869463869
7.057 1.982279436011143 0.24531235431235426
7.088 1.983712262096877 0.24815384615384606
7.118 1.9855780885780878 0.25187878787878787
7.149 1.9898531468531466 0.25524941724941724
7.181 1.9942727272727265 0.25762237762237755
7.212 1.9996526806526804 0.258088578088578
7.243 2.005144522144521 0.2585547785547785
7.275 2.010897435897435 0.25815967365967357
7.307 2.0162843822843817 0.25776456876456866
7.338 2.0217249417249414 0.2557599067599067
7.37 2.0262424242424237 0.25273193473193456
7.402 2.030540792540792 0.2493473193473193
7.435 2.033575757575757 0.2458041958041957
7.467 2.036445221445221 0.24212121212121207
7.5 2.0384358974358965 0.23905361305361297
7.532 2.040578088578088 0.236041958041958
7.565 2.0424662004662 0.2328834498834498
7.598 2.04476923076923 0.22970862470862463
7.631 2.0459020979020974 0.22633333333333325
7.664 2.0468497025362695 0.22305361305361301
7.698 2.0476351459485786 0.21995571095571087
7.731 2.048247086247086 0.21691608391608383
7.765 2.0487226107226104 0.21397668997668995
7.799 2.0489300699300697 0.21092540792540787
7.833 2.0481305361305355 0.20817249417249412
7.867 2.047398601398601 0.20589277389277383
7.901 2.046748013543634 0.20417249417249408
7.935 2.0461787725656335 0.2029254079254078
7.97 2.0457933177933176 0.2019347319347319
8.005 2.045608391608391 0.20129759129759126
8.04 2.0459720279720277 0.20065268065268063
8.075 2.0464982517482513 0.19999999999999996
8.11 2.0471870629370628 0.199020979020979
8.145 2.0482009236869048 0.19806526806526806
8.181 2.0495780885780883 0.19707459207459202
8.216 2.051645687645687 0.1958275058275058
8.252 2.0528826728826726 0.19410722610722603
8.288 2.053908313908314 0.1918275058275058
8.324 2.05472261072261 0.189074592074592
8.36 2.0555384615384615 0.186065268065268
8.397 2.0558484848484846 0.18302097902097897
8.433 2.0556643356643356 0.17999999999999997
8.47 2.055550116550116 0.17693706293706285
8.507 2.0550536130536123 0.17395571095571088
8.544 2.0537738927738927 0.171074592074592
8.581 2.052551032301032 0.16820512820512817
8.619 2.051117965367965 0.16550582750582749
8.656 2.0495501165501167 0.16317249417249416
8.694 2.047461538461538 0.16127039627039624
8.732 2.0454848484848482 0.15996503496503492
8.77 2.0437016317016314 0.15887412587412583
8.808 2.0426138306138304 0.15794638694638688
8.846 2.041543033310775 0.15683682983682978
8.885 2.0404615083840882 0.1555361305361305
8.924 2.039436094208821 0.15372261072261068
8.962 2.038491644718917 0.15162237762237757
9.001 2.0374437018677525 0.1491748251748251
9.041 2.036288232864182 0.1466410256410256
9.08 2.035140526140526 0.1435594405594405
9.12 2.0339417249417244 0.1399580419580419
9.159 2.031337995337995 0.1356223776223776
9.199 2.02807226107226 0.13053379953379945
9.239 2.0234219114219107 0.12509557109557104
9.28 2.0173356643356635 0.11966666666666657
9.32 2.0089510489510483 0.11472261072261065
9.361 1.999230769230769 0.11118181818181813
9.401 1.987533799533799 0.1101507831011963
9.442 1.975128205128205 0.10993628593628592
9.483 1.9613170163170157 0.11056410256410254
9.525 1.9472983682983673 0.11466899766899767
9.566 1.932853146853146 0.12217249417249418
9.608 1.919410256410256 0.13271095571095579
9.65 1.9065804195804192 0.14624009324009332
9.692 1.8968298368298364 0.16289277389277393
9.734 1.8894662004662 0.18175291375291383
9.776 1.8867995337995331 0.20186713286713295
9.819 1.8864522144522142 0.2223986013986015
9.862 1.8895174825174819 0.24307459207459217
9.905 1.8995431235431226 0.2632331002331003
9.948 1.9152703962703959 0.28302097902097906
9.991 1.9349999999999998 0.30300000000000005

