2125 .False. # Number of lines, conductive flag
# 5 line header for n-k original data
# Rutile TiO2 - Ribarsky (1985), Zeidler et al. (2011) - (Crystalline)
# Taken from: http://www.astro.uni-jena.de/Laboratory/OCDB/tioxides.html
# wl(um)      n                k
0.4662	2.7770387570599646	0.00155
0.4706	2.7684373097513912	0.00157
0.475	2.7599095368326845	0.00153
0.47939	2.751221434860685	0.00148
0.48379	2.742333422505223	0.00132
0.48819	2.733265085517029	0.00121
0.49259	2.724148353410298	0.00111
0.49698	2.7155672652373934	0.00102
0.50138	2.7075471589017464	0.000967568
0.50578	2.7001082417434916	0.000922769
0.51018	2.6932505003745275	0.000868047
0.51458	2.6869653072370903	0.000813379
0.51897	2.681257662874952	0.000758527
0.52337	2.6761015643525203	0.000705209
0.52777	2.671510655398465	0.000661829
0.53217	2.667403999829234	0.000614065
0.53656	2.6632919722789006	0.000569872
0.54096	2.6590703653430503	0.000530049
0.54536	2.6547484318195513	0.000493017
0.54976	2.6503261717084037	0.000462955
0.55416	2.645864859234091	0.000432364
0.55856	2.6414401127720213	0.000403578
0.56295	2.637062067252263	0.000378386
0.56735	2.6327107771371407	0.000355098
0.57175	2.6283838343093504	0.000336423
0.57615	2.623965084267415	0.000317395
0.58054	2.619436493461395	0.000299974
0.58494	2.6147774304980964	0.000284563
0.58934	2.609998074377346	0.000271064
0.59374	2.605389333273898	0.00026028
0.59813	2.6014646833140684	0.000248577
0.60253	2.5982153039677263	0.00023891
0.60693	2.595650913608578	0.00023017
0.61133	2.5937348445772765	0.000222621
0.61573	2.5918965042316637	0.000216143
0.62013	2.5899405231203407	0.000209784
0.62452	2.5878717473991664	0.000204214
0.62892	2.585680752121802	0.000199775
0.63332	2.5834115417610435	0.000195323
0.63772	2.5811590149471924	0.00019231
0.64211	2.5789323920747296	0.00018805
0.64651	2.5767215290758982	0.000185267
0.65091	2.5745309153985056	0.000182605
0.65531	2.572341726390071	0.000181397
0.65971	2.570145044504968	0.000178725
0.6641	2.5679458877265704	0.000177818
0.6685	2.5657342371173932	0.00017574
0.6729	2.563521955976436	0.000174785
0.6773	2.5613319405459825	0.000173894
0.6817	2.5591660267684824	0.000173573
0.68609	2.5570290550727677	0.000172657
0.69049	2.5549102901188943	0.000171751
0.69489	2.5527180632767545	0.000170777
0.69929	2.550388719393564	0.000170143
0.70369	2.5479222584693244	0.000169726
0.70808	2.5453247531873773	0.00016949
0.71248	2.542733001983676	0.000169035
0.71688	2.5408507648679657	0.00016882
0.72128	2.5397671283456016	0.000169355
0.72567	2.539481834787342	0.000169428
0.73007	2.5399933843644025	0.000168736
0.73447	2.5404880374059355	0.000169163
0.73887	2.540200203928436	0.00016875
0.74327	2.5391298839319036	0.000168934
0.74766	2.5372821755085786	0.000169332
0.75206	2.5347370843510704	0.000169468
0.75646	2.532102217146323	0.000170168
0.76086	2.529491668462426	0.000169518
0.76526	2.526905438299379	0.000170677
0.76965	2.524349321611764	0.000169868
0.77405	2.5220710364276826	0.000169124
0.77845	2.5204273896161773	0.000170377
0.78285	2.519420318198606	0.000170584
0.78724	2.5190499424743047	0.000170916
0.79164	2.519272317640443	0.000172612
0.79604	2.5196426052540035	0.000172226
0.80044	2.5200411219831107	0.000168558
0.80484	2.5204678678277643	0.000170323
0.80923	2.5209217767483296	0.000169067
0.81363	2.5211210350570563	0.000168894
0.81803	2.520527116647612	0.000170013
0.82243	2.519127248150956	0.000168781
0.82683	2.5169214295670863	0.00017131
0.83122	2.5139843599818756	0.000171291
0.83562	2.5115220323630307	0.000168794
0.84002	2.5099951761519153	0.000172469
0.84442	2.5094037913485305	0.000172507
0.84881	2.5097460353181664	0.000170755
0.85321	2.5105257329863115	0.000172552
0.85761	2.510438956280435	0.000175598
0.86201	2.5094173012153886	0.00017448
0.86641	2.507460767791173	0.000175323
0.8708	2.5046056927522358	0.000176535
0.8752	2.5019656253603535	0.000175839
0.8796	2.5001273567157587	0.000177082
0.884	2.4990908868184514	0.000177357
0.8884	2.4988562156684315	0.000178063
0.89279	2.499259168271916	0.000178899
0.89719	2.499712520703297	0.000179393
0.90159	2.5001619590101254	0.000179992
0.90599	2.5006074831923994	0.000180613
0.91039	2.5010460512506087	0.000181125
0.91478	2.50102883093108	0.000181866
0.91918	2.500234141833075	0.000182556
0.92358	2.498661138735105	0.00018302
0.92798	2.496309821637171	0.000183632
0.93237	2.4934174040545676	0.000184276
0.93677	2.4911523897630845	0.000184891
0.94117	2.4896891735959406	0.00018532
0.94557	2.4890277555531357	0.000185916
0.94997	2.4891681356346718	0.000186564
0.95436	2.4896348351996074	0.000187115
0.95876	2.4899423278909225	0.000187678
0.96316	2.4900893458361635	0.000188479
0.96756	2.490075889035331	0.000191101
0.97196	2.4899338575611822	0.000195261
0.97635	2.4899033251718508	0.000196275
0.98075	2.4900335905729976	0.000196704
0.98515	2.4903249063262485	0.000198138
0.98955	2.490777272431604	0.000199088
0.99394	2.491001472109311	0.000198666
0.99834	2.49042633898795	0.000200048
1.00274	2.4890453785000366	0.000200069
1.00714	2.486858590645571	0.000199794
1.01154	2.4839644495738953	0.000200457
1.01593	2.4815372047837	0.000201415
1.02033	2.4799054335435655	0.000202506
1.02473	2.4790755761506396	0.000202899
1.02913	2.4790476326049227	0.000203612
1.03353	2.4795205171941497	0.00020473
1.03792	2.4798773736120197	0.000204774
1.04232	2.4801015390794627	0.000206543
1.04672	2.4801920488302036	0.000207627
1.05112	2.4801532335302356	0.000208916
1.05552	2.480077296593805	0.000209908
1.05991	2.4800015526246546	0.000211405
1.06431	2.4799256565477523	0.000212615
1.06871	2.4798497809238547	0.000213671
1.07311	2.4798072766489576	0.000215025
1.0775	2.4798922220591173	0.000216408
1.0819	2.4801107422234194	0.000217205
1.0863	2.4804627953863903	0.000218296
1.0907	2.4809365523071354	0.000218902
1.0951	2.4809395852886498	0.000219722
1.09949	2.4801441222892624	0.000220824
1.10389	2.4785465393317536	0.000220901
1.10829	2.476147737929227	0.000221982
1.11269	2.4732472904008542	0.000223564
1.11709	2.471027563701351	0.000222763
1.12148	2.4696119282444284	0.000223814
1.12588	2.468993934665817	0.000225117
1.13028	2.4691758170215548	0.000225378
1.13468	2.4696319972784324	0.00022631
1.13908	2.4699507299517123	0.000226742
1.14347	2.4701317588652842	0.000226959
1.14787	2.47017590875224	0.000227484
1.15227	2.4701039513296554	0.000228358
1.15667	2.47003611257202	0.000229034
1.16106	2.4699912577878176	0.000229853
1.16546	2.469969182627234	0.000230872
1.16986	2.469970015296802	0.000231546
1.17426	2.469983019453518	0.000232491
1.17866	2.4699960358085256	0.000233238
1.18305	2.4700090231815457	0.000234326
1.18745	2.470022040740565	0.000235861
1.19185	2.4700330336830696	0.000237743
1.19625	2.4700249629478344	0.000237295
1.20065	2.4699939807663047	0.000238548
1.20504	2.4699402356005593	0.000239417
1.20944	2.4698634825979076	0.000240149
1.21384	2.4698248949121426	0.000242428
1.21824	2.4699224763598817	0.000242387
1.22264	2.4701575258827035	0.000243051
1.22703	2.4705290409910132	0.000245362
1.23143	2.470989104018307	0.000245407
1.23583	2.470861269148526	0.000246113
1.24023	2.4699315372745443	0.000249007
1.24462	2.468204753092121	0.000247919
1.24902	2.465673049702933	0.000248809
1.25342	2.4628239228231297	0.000249965
1.25782	2.4607369294171892	0.000252092
1.26222	2.4594518499613627	0.00025183
1.26661	2.458968873364281	0.000252507
1.27101	2.459261047608344	0.00025474
1.27541	2.459694479044885	0.000254404
1.27981	2.4599903237849343	0.000256035
1.28421	2.4601485818284936	0.000256222
1.2886	2.460169362188407	0.000258249
1.293	2.4600902268998617	0.000257803
1.2974	2.4600265382809106	0.000258621
1.3018	2.4599864558907916	0.000260455
1.3062	2.459969979729504	0.000260728
1.31059	2.4599768181873327	0.000261344
1.31499	2.459989963840945	0.000262229
1.31939	2.4599990588180605	0.000263032
1.32379	2.4600041031186777	0.000263319
1.32818	2.46000509907714	0.000263302
1.33258	2.460002867552118	0.000264213
1.33698	2.4600009276342787	0.000264358
1.34138	2.4599996855465935	0.00026449
1.34578	2.4599991412890625	0.00026523
1.35017	2.459999293098885	0.000266324
1.35457	2.4599996936204667	0.000266799
1.35897	2.459999957837622	0.000268303
1.36337	2.4600000857503517	0.000268263
1.36777	2.4600000773586532	0.000267365
1.37216	2.459999964029114	0.000269184
1.37656	2.4599999373091705	0.000273591
1.38096	2.460000030585632	0.000274757
1.38536	2.460000243858498	0.000276744
1.38975	2.4600005762342882	0.00027354
1.39415	2.4600007162374826	0.000274548
1.39855	2.4600002737025064	0.000277838
1.40295	2.4599992474935273	0.000275182
1.40735	2.4599976376105457	0.000274581
1.41174	2.4599957597889714	0.000275326
1.41614	2.45999653500796	0.000275966
1.42054	2.460000692274559	0.000277164
1.42494	2.4600082315887666	0.000278403
1.42934	2.4600191529505846	0.000279765
1.43373	2.4600251230644226	0.000283014
1.43813	2.4600116809237518	0.000282112
1.44253	2.4599785301714263	0.000284673
1.44693	2.459925670807445	0.000283664
1.45133	2.4598592509577935	0.000283292
1.45572	2.4598747769169935	0.000287153
1.46012	2.4600050773315014	0.000285761
1.46452	2.4602502473683288	0.000286814
1.46892	2.4606102870274755	0.000287613
1.47331	2.460862041175763	0.000289626
1.47771	2.460469302902533	0.00028964
1.48211	2.459407055507042	0.000292535
1.48651	2.457675298989289	0.000293112
1.49091	2.455288997625998	0.000293295
1.4953	2.4527186002876413	0.000293188
1.4997	2.457590603681337	0.000294162
1.5041	2.45751949865711	0.000295778
1.5085	2.457447857630871	0.000296809
1.5129	2.457375681959676	0.000298014
1.51729	2.4573031388493813	0.000298609
1.52169	2.4572298991570456	0.000299986
1.52609	2.457156128873129	0.00030008
1.53049	2.457081829344874	0.000301455
1.53489	2.4570070019170664	0.000301856
1.53928	2.4569318197870826	0.000303607
1.54368	2.4568559417768654	0.000304332
1.54808	2.4567795398836867	0.000303496
1.55248	2.4567026154425164	0.00030575
1.55687	2.456625346388666	0.000307583
1.56127	2.4565473820266566	0.000308701
1.56567	2.4564688991038217	0.000308452
1.57007	2.4563898989453175	0.000309113
1.57447	2.456310382873843	0.000310393
1.57886	2.456230534679958	0.000310633
1.58326	2.4561499919058654	0.000311933
1.58766	2.456068937169186	0.000312332
1.59206	2.4559873717828027	0.000312196
1.59646	2.455905297057147	0.000314072
1.60085	2.4558229025632854	0.000314537
1.60525	2.45573981423072	0.000316259
1.60965	2.455656220472479	0.000316915
1.61405	2.4555721225891753	0.000318131
1.61844	2.4554877147224268	0.000318003
1.62284	2.4554026136193965	0.000313896
1.62724	2.455317012275478	0.000314167
1.63164	2.4552309119814684	0.000315133
1.63604	2.4551443140257123	0.000315768
1.64043	2.4550574181975726	0.000316397
1.64483	2.454969829897288	0.000317156
1.64923	2.454881747782645	0.000317818
1.65363	2.4547931731321726	0.000318774
1.65803	2.454704107221942	0.00031984
1.66242	2.454614755416276	0.000321934
1.66682	2.454524711914203	0.00032576
1.67122	2.4544341809629775	0.000325483
1.67562	2.454343163828855	0.000324636
1.68002	2.454251661775639	0.000325663
1.68441	2.45415988567052	0.000326699
1.68881	2.454067418655635	0.000327389
1.69321	2.4539744704954756	0.000328133
1.69761	2.4538810424440287	0.000328706
1.702	2.453787349718853	0.00032934
1.7064	2.4536929667205336	0.000329741
1.7108	2.453598107575323	0.000330329
1.7152	2.4535027735273913	0.000330598
1.7196	2.453406965818455	0.000331657
1.72399	2.453310905040942	0.000332313
1.72839	2.453214154794795	0.000333077
1.73279	2.453116934595256	0.000334054
1.73719	2.4530192456742235	0.000334812
1.74159	2.452921089261143	0.000336005
1.74598	2.4528226912531714	0.000337254
1.75038	2.452723604590031	0.000337829
1.75478	2.4526240541056703	0.000338863
1.75918	2.4525240410197187	0.000339135
1.76358	2.452423566549349	0.000340261
1.76797	2.4523228618270063	0.000340363
1.77237	2.4522214692712154	0.000339664
1.77677	2.4521196189650514	0.000341024
1.78117	2.452017312115871	0.000339852
1.78556	2.4519147839943503	0.000340246
1.78996	2.451811568702159	0.000341958
1.79436	2.451707900471571	0.000343041
1.79876	2.4516037805001307	0.000344391
1.80316	2.451499209982925	0.000345643
1.80755	2.4513944293026784	0.000346924
1.81195	2.451288962286588	0.000348321
1.81635	2.451183048292568	0.000349379
1.82075	2.4510766885058897	0.000350536
1.82515	2.4509698841093703	0.000351252
1.82954	2.4508628805302926	0.000351578
1.83394	2.450755191456504	0.00035275
1.83834	2.4506470613039255	0.000352647
1.84274	2.450538491245558	0.000353788
1.84713	2.450429730695752	0.000354197
1.85153	2.4503202853281385	0.000355658
1.85593	2.4502104035563623	0.000356562
1.86033	2.4501000865436087	0.00035749
1.86473	2.449989335450611	0.000358487
1.86912	2.449878404616551	0.000358463
1.87352	2.4497667898154103	0.000359116
1.87792	2.4496547443988668	0.000359909
1.88232	2.449542269517835	0.00036128
1.88672	2.4494293663207745	0.000363723
1.89111	2.449316294006161	0.000365875
1.89551	2.449202538579551	0.000366564
1.89991	2.4490883582649703	0.000367363
1.90431	2.448973754201065	0.000368437
1.90871	2.4488587275240223	0.000368083
1.9131	2.4487435422267616	0.000368043
1.9175	2.4486276746762496	0.000367575
1.9219	2.4485113879038742	0.000368726
1.9263	2.44839468303601	0.000367583
1.93069	2.448277827854481	0.000366098
1.93509	2.4481602911087834	0.000366117
1.93949	2.4480423396294455	0.000365823
1.94389	2.4479239745330266	0.000365624
1.94829	2.4478051969336296	0.000365935
1.95268	2.4476862792925616	0.000366341
1.95708	2.4475666809509	0.000367142
1.96148	2.4474466734313256	0.000367645
1.96588	2.447326257838125	0.000368559
1.97028	2.447205435273131	0.000369014
1.97467	2.4470844828142395	0.000369613
1.97907	2.4469628505200376	0.000370266
1.98347	2.4468408145423233	0.000370585
1.98787	2.4467183759731137	0.000371062
1.99227	2.4465955359019693	0.000371517
1.99666	2.4464725759611747	0.000371776
2.00106	2.446348937051368	0.000377183
2.00546	2.4462248998911225	0.000370351
2.00986	2.446100465560186	0.000375226
2.01425	2.44597591928963	0.000374376
2.01865	2.44585069474328	0.000379838
2.02305	2.445725076248311	0.000376609
2.02745	2.4455990648746537	0.000378659
2.03185	2.445472661689783	0.000378016
2.03624	2.4453461563689625	0.000381699
2.04064	2.445218973638712	0.000380103
2.04504	2.4450914022825363	0.000379192
2.04944	2.4449634433580956	0.000380137
2.05384	2.444835097920594	0.000386471
2.05823	2.444706660029238	0.000383458
2.06263	2.4445775455938774	0.000381768
2.06703	2.444448047793961	0.000380083
2.07143	2.4443181676748758	0.000386626
2.07582	2.4441882027596797	0.000380961
2.08022	2.4440575619916003	0.000387633
2.08462	2.4439265420234313	0.000382099
2.08902	2.4437951438907484	0.000387875
2.09342	2.443663368626669	0.000388235
2.09781	2.4435315180315063	0.000387721
2.10221	2.4433989924454416	0.000386093
2.10661	2.4432660928102767	0.000389033
2.11101	2.4431328201493123	0.000390915
2.11541	2.4429991754833984	0.000386534
2.1198	2.4428654648318044	0.000395038
2.1242	2.4427310800484032	0.000395385
2.1286	2.4425963263055626	0.000389849
2.133	2.4424612046143146	0.000391377
2.1374	2.4423257159832357	0.000393946
2.14179	2.4421901705929527	0.000391004
2.14619	2.4420539519263733	0.000394974
2.15059	2.441917369328689	0.000396164
2.15499	2.441780423798663	0.000396496
2.15938	2.4416434288046283	0.000393161
2.16378	2.441505761215578	0.000394041
2.16818	2.441367733673488	0.000396099
2.17258	2.441229347167303	0.000397567
2.17698	2.441090602683515	0.000396059
2.18137	2.4409518177498915	0.000398576
2.18577	2.440812361068555	0.000394727
2.19017	2.440672549352132	0.000398015
2.19457	2.4405323835772994	0.000401221
2.19897	2.440391864718277	0.000397836
2.20336	2.440251314306613	0.00039724
2.20776	2.4401100929890043	0.000402144
2.21216	2.439968521492939	0.000403481
2.21656	2.4398266007828213	0.00040108
2.22096	2.439684331820601	0.000401533
2.22535	2.4395420400866548	0.000403806
2.22975	2.4393990782822983	0.00039942
2.23415	2.439255771094789	0.000402429
2.23855	2.4391121194762597	0.000401907
2.24294	2.4389684520266965	0.000407321
2.24734	2.438824115170123	0.000403995
2.25174	2.4386794367220554	0.00040573
2.25614	2.4385344176248114	0.000403009
2.26054	2.438389058818254	0.000404422
2.26493	2.4382436927540385	0.000407828
2.26933	2.438097658105376	0.000410143
2.27373	2.437951286550142	0.000408303
2.27813	2.4378045790183833	0.000404939
2.28253	2.437657536437692	0.000407128
2.28692	2.437510495058387	0.000412089
2.29132	2.4373627859090177	0.000406898
2.29572	2.437214744476673	0.000407975
2.30012	2.4370663716791294	0.000411272
2.30452	2.4369176684317084	0.000409513
2.30891	2.4367689747310846	0.00041208
2.31331	2.4366196140659007	0.000408652
2.31771	2.436469925680012	0.000407254
2.32211	2.436319910478924	0.000409327
2.3265	2.4361699114188684	0.000411894
2.3309	2.436019246031723	0.000410147
2.3353	2.435868256529126	0.000410174
2.3397	2.4357169438067694	0.000407663
2.3441	2.4355653087578877	0.000414347
2.34849	2.435413697992675	0.00041458
2.35289	2.4352614216881387	0.000412548
2.35729	2.4351088257200426	0.000415114
2.36169	2.4349559109718046	0.000414212
2.36609	2.43480267832439	0.00041221
2.37048	2.4346494779915964	0.000416769
2.37488	2.43449561289642	0.000416656
2.37928	2.4343414325282464	0.000417208
2.38368	2.434186937758225	0.000413801
2.38807	2.434032481646925	0.000418888
2.39247	2.4338773613864593	0.000417582
2.39687	2.4337219293209014	0.00042167
2.40127	2.433566186311584	0.000419369
2.40567	2.4334101332173854	0.000419969
2.41006	2.433254126613597	0.000422318
2.41446	2.4330974566163364	0.000423384
2.41886	2.4329404790941656	0.000420447
2.42326	2.432783194896148	0.000427684
2.42766	2.432625604868891	0.000426451
2.43205	2.432468069053998	0.000429053
2.43645	2.4323098705885466	0.000435713
2.44085	2.432151368817043	0.000435174
2.44525	2.4319925645762788	0.000440304
2.44965	2.431833458700591	0.000441575
2.45404	2.431674414650186	0.000446692
2.45844	2.43151470867866	0.00044955
2.46284	2.4313547035586134	0.000454
2.46724	2.431194400114567	0.000460563
2.47163	2.4310341645074196	0.000456732
2.47603	2.4308732675524674	0.000459024
2.48043	2.4307120747304936	0.000463368
2.48483	2.430550586856204	0.0004616
2.48923	2.4303888047418494	0.000460808
2.49362	2.4302270978828115	0.00046283
2.49802	2.4300647303793967	0.000461598
2.50242	2.429902071056111	0.000464329
2.50682	2.429739120715389	0.000462494
2.51122	2.429575880157212	0.000465108
2.51561	2.4294127221656825	0.000457945
2.52001	2.429248904217778	0.000457278
2.52441	2.429084798435826	0.000455
2.52881	2.428920405609994	0.000448083
2.53321	2.4287557265279878	0.000443404
2.5376	2.4285911372175715	0.000450865
2.542	2.4284258886226597	0.000444179
2.5464	2.4282603561182006	0.000441092
2.5508	2.4280945404820873	0.000447684
2.55519	2.4279288203047424	0.000441662
2.55959	2.427762441368269	0.000449952
2.56399	2.427595781617343	0.000442327
2.56839	2.427428841820043	0.000447554
2.57279	2.4272616227419905	0.000446515
2.57718	2.427094506137912	0.000453762
2.58158	2.4269267314158105	0.00045097
2.58598	2.4267586796933744	0.000448317
2.59038	2.4265903517264102	0.000450566
2.59478	2.4264217482682717	0.000454432
2.59917	2.4262532541948723	0.000453679
2.60357	2.426084102626481	0.000454885
2.60797	2.425914677810548	0.000458817
2.61237	2.4257449804906086	0.000452671
2.61676	2.425575398008677	0.000459293
2.62116	2.425405158516644	0.00045525
2.62556	2.4252346487348144	0.000454504
2.62996	2.425063869396908	0.000459185
2.63436	2.4248928212341916	0.000461547
2.63875	2.4247218946340223	0.000461734
2.64315	2.424550311612499	0.000460249
2.64755	2.42437846194359	0.000464406
2.65195	2.424206346348745	0.000462722
2.65635	2.42403396554696	0.000466708
2.66074	2.423861712929773	0.000467376
2.66514	2.4236888044599563	0.00046591
2.66954	2.423515632923838	0.000467321
2.67394	2.4233421990305994	0.000473285
2.67834	2.423168503486964	0.000470959
2.68273	2.4229949426481863	0.000472459
2.68713	2.4228207265047814	0.000474714
2.69153	2.422646250814836	0.000473483
2.69593	2.422471516275258	0.000474334
2.70032	2.4222969215833405	0.000474123
2.70472	2.422121672009766	0.000478649
2.70912	2.4219461656609904	0.000474653
2.71352	2.421770403224108	0.000480205
2.71792	2.4215943853837567	0.000484481
2.72231	2.421418513729862	0.000480421
2.72671	2.421241987703265	0.000480207
2.73111	2.421065208310847	0.000483087
2.73551	2.4208881762274284	0.000481885
2.73991	2.4207108921253786	0.000487912
2.7443	2.4205337604487407	0.000483456
2.7487	2.420355974885685	0.000491744
2.7531	2.4201779393048604	0.000488388
2.7575	2.419999654368819	0.000489012
2.7619	2.4198211207376565	0.000490565
2.76629	2.419642745671715	0.000490931
2.77069	2.4194637171822744	0.000490964
2.77509	2.4192844419617914	0.000494518
2.77949	2.4191049206605477	0.00049808
2.78388	2.418925562764909	0.00049814
2.78828	2.4187455517987724	0.000497242
2.79268	2.41856529668653	0.00050076
2.79708	2.4183847980686473	0.0004991
2.80148	2.418204056583134	0.000504233
2.80587	2.4180234844663366	0.000507167
2.81027	2.4178422596981477	0.000504218
2.81467	2.4176607939601977	0.000508197
2.81907	2.417479087880683	0.000504915
2.82347	2.4172971420853435	0.000507178
2.82786	2.417115371524635	0.000513133
2.83226	2.4169329487063225	0.000513662
2.83666	2.4167502880332705	0.000512262
2.84106	2.4165673901214024	0.000509757
2.84545	2.416384672066865	0.000510377
2.84985	2.4162013020510242	0.000514394
2.85425	2.416017696628029	0.000516688
2.85865	2.4158338564039887	0.000518299
2.86305	2.4156497819825575	0.000523581
2.86744	2.4154658931111848	0.000523852
2.87184	2.4152813526249735	0.000527176
2.87624	2.4150965797362467	0.000524509
2.88064	2.4149115750388437	0.000527433
2.88504	2.414726339124148	0.000534137
2.88943	2.414541294356995	0.000537276
2.89383	2.4143555982941987	0.00053852
2.89823	2.4141696727722017	0.000541448
2.90263	2.413983518372572	0.000537204
2.90703	2.4137971356744203	0.000545664
2.91142	2.4136109496267486	0.00054773
2.91582	2.413424112574666	0.000548561
2.92022	2.4132370489453705	0.000557892
2.92462	2.413049759308159	0.000555309
2.92901	2.4128626706556795	0.000556899
2.93341	2.4126749312111495	0.000556671
2.93781	2.412486967450588	0.00056097
2.94221	2.412298779933476	0.000555737
2.94661	2.412110369216839	0.000557961
2.951	2.4119221648194467	0.0005618
2.9554	2.4117333098691494	0.000559501
2.9598	2.411544233374426	0.000562411
2.9642	2.4113549358824895	0.000565449
2.9686	2.4111654179380935	0.000568584
2.97299	2.4109761115548567	0.000556932
2.97739	2.4107861548279454	0.000562964
2.98179	2.4105959792668905	0.000562898
2.98619	2.410405585406631	0.000564717
2.99059	2.4102149737796528	0.000574848
2.99498	2.4100245788638475	0.000574099
2.99938	2.409833533782986	0.000581542
3.00378	2.409642272516937	0.000585939
3.00818	2.4094507955883686	0.000591505
3.01257	2.4092595394248253	0.00059393
3.01697	2.409067633216602	0.000603005
3.02137	2.4088755128979664	0.000606237
3.02577	2.4086831789817724	0.000609451
3.03017	2.4084906319784176	0.000620721
3.03456	2.408298310726442	0.000624461
3.03896	2.4081053395515544	0.000621312
3.04336	2.4079121568048296	0.000623517
3.04776	2.4077187629868497	0.000625408
3.05216	2.4075251585957416	0.000631509
3.05655	2.4073317848524165	0.000622251
3.06095	2.4071377612753864	0.000616961
3.06535	2.4069435286037666	0.000613404
3.06975	2.406749087325871	0.00059976
3.07415	2.4065544379275545	0.000599955
3.07854	2.4063600239841683	0.000593022
3.08294	2.406164960263027	0.000595813
3.08734	2.4059696898632184	0.000597575
3.09174	2.405774213260785	0.000597335
3.09613	2.4055789758947803	0.000591661
3.10053	2.4053830887713636	0.00059017
3.10493	2.4051869968576516	0.000593668
3.10933	2.404990700619871	0.000591709
3.11373	2.404794200521792	0.000596522
3.11812	2.4045979443083945	0.000596005
3.12252	2.404401038331918	0.000600474
3.12692	2.4042039298706883	0.000600991
3.13132	2.404006619378661	0.000600726
3.13572	2.4038091073073353	0.000590345
3.14011	2.4036118436816425	0.000601618
3.14451	2.4034139302519937	0.000602476
3.14891	2.4032158165818087	0.000608166
3.15331	2.403017503112772	0.000605375
3.1577	2.4028194416753306	0.000608775
3.1621	2.402620730375425	0.000610636
3.1665	2.402421820586004	0.000609194
3.1709	2.4022227127389355	0.000612328
3.1753	2.4020234072636355	0.000611261
3.17969	2.4018243582254972	0.000610198
3.18409	2.4016246592188915	0.000612036
3.18849	2.4014247638566055	0.000614757
3.19289	2.4012246725582385	0.000610286
3.19729	2.4010243857409317	0.000613636
3.20168	2.400824359680999	0.000613884
3.20608	2.400623683509439	0.000610295
3.21048	2.400422813054708	0.00061049
3.21488	2.400221748724134	0.000610668
3.21928	2.4000204909225897	0.000609937
3.22367	2.3998194981139727	0.0006246
3.22807	2.3996178550127123	0.00062485
3.23247	2.3994160196394665	0.000614305
3.23687	2.3992139923892895	0.000616155
3.24126	2.3990122334596236	0.00061647
3.24566	2.3988098240648004	0.000621502
3.25006	2.398607223962607	0.000622198
3.25446	2.398404433538284	0.000623168
3.25886	2.398201453174619	0.000619773
3.26325	2.3979987452163978	0.00061979
3.26765	2.397795386542113	0.000619438
3.27205	2.3975918390612616	0.000624873
3.27645	2.3973881031468127	0.000623105
3.28085	2.397184179169283	0.000625572
3.28524	2.396980531599424	0.000623308
3.28964	2.3967762330227913	0.000627567
3.29404	2.3965717474790673	0.000626851
3.29844	2.3963670753289534	0.000627904
3.30283	2.396162682728857	0.000629016
3.30723	2.3959576388603203	0.000633661
3.31163	2.395752409451961	0.000631732
3.31603	2.395546994854662	0.000630737
3.32043	2.3953413954168523	0.000632204
3.32482	2.3951360793841787	0.000632205
3.32922	2.3949301117189523	0.000635099
3.33362	2.3947239602429984	0.000638272
3.33802	2.3945176252949305	0.000636399
3.34242	2.394311107210907	0.000637067
3.34681	2.3941048763063795	0.000638578
3.35121	2.393897993363432	0.000638688
3.35561	2.3936909282775267	0.000642683
3.36001	2.3934836813750073	0.000647453
3.36441	2.3932762529797613	0.000645209
3.3688	2.393069115458312	0.00064933
3.3732	2.3928613254501205	0.000655378
3.3776	2.3926533549054176	0.000651451
3.382	2.3924452041382747	0.000654436
3.38639	2.3922373471428657	0.000657132
3.39079	2.3920288372710727	0.00065558
3.39519	2.391820148103629	0.000659977
3.39959	2.391611279944791	0.000665216
3.40399	2.391402233096361	0.000663186
3.40838	2.391193483571621	0.00067685
3.41278	2.390984080644011	0.000665174
3.41718	2.3907744999168137	0.000679563
3.42158	2.3905647416820157	0.000680602
3.42598	2.3903548062291464	0.000683924
3.43037	2.390145171573813	0.000675745
3.43477	2.3899348829447216	0.00067069
3.43917	2.3897244179507804	0.000668559
3.44357	2.389513776871706	0.00067154
3.44797	2.389302959984757	0.000665545
3.45236	2.389092447291774	0.000670266
3.45676	2.3888812800090475	0.000665543
3.46116	2.3886699377348837	0.000664242
3.46556	2.3884584207367263	0.000668229
3.46995	2.388247210594113	0.000667292
3.47435	2.388035345336087	0.000667885
3.47875	2.387823306141081	0.000671886
3.48315	2.3876110932667243	0.000673145
3.48755	2.3873987069681895	0.00067151
3.49194	2.3871866307840492	0.000673696
3.49634	2.38697389878558	0.000680082
3.50074	2.3867609941131613	0.000686696
3.50514	2.3865479170121526	0.000686136
3.50954	2.386334667725455	0.000685636
3.51393	2.3861217317365404	0.000679933
3.51833	2.38590813918733	0.000673638
3.52273	2.385694375165876	0.000675918
3.52713	2.3854804399052663	0.000674566
3.53153	2.3852663336361317	0.000676384
3.53592	2.385052543773401	0.000680695
3.54032	2.384838096556664	0.00067595
3.54472	2.384623479008061	0.000675672
3.54912	2.384408691348412	0.000675914
3.55351	2.384194222528426	0.000679366
3.55791	2.3839790956846953	0.00067975
3.56231	2.3837637993771534	0.000677599
3.56671	2.3835483338168015	0.000682233
3.57111	2.3833326992121835	0.000682112
3.5755	2.3831173864230335	0.000685667
3.5799	2.382901414728735	0.000681987
3.5843	2.3826852746006226	0.000685634
3.5887	2.382468966237427	0.000685148
3.5931	2.3822524898354245	0.000684626
3.59749	2.382036338151876	0.000684142
3.60189	2.3818195266320785	0.000687716
3.60629	2.3816025476471396	0.000689027
3.61069	2.3813854013835196	0.000687377
3.61508	2.381168582108531	0.000689808
3.61948	2.3809511022162515	0.00069271
3.62388	2.3807334555895334	0.00069035
3.62828	2.3805156424050224	0.000689359
3.63268	2.380297662836907	0.000690641
3.63707	2.380080013031103	0.000697609
3.64147	2.3798617015857024	0.000695969
3.64587	2.379643224264157	0.00069747
3.65027	2.379424581230838	0.000701466
3.65467	2.3792057726476648	0.000699689
3.65906	2.3789872965296195	0.000699427
3.66346	2.378768157698025	0.000700459
3.66786	2.378548853787251	0.000704288
3.67226	2.3783293849493994	0.000702145
3.67666	2.3781097513341183	0.000702215
3.68105	2.377890452816611	0.000701812
3.68545	2.37767049045926	0.000707331
3.68985	2.3774503637583684	0.000707717
3.69425	2.3772300728537696	0.000707879
3.69864	2.3770101191027777	0.000706136
3.70304	2.376789500572858	0.000709744
3.70744	2.3765687182436963	0.000708127
3.71184	2.3763477722453095	0.000714858
3.71624	2.3761266627052584	0.000718727
3.72063	2.3759058928269177	0.000716551
3.72503	2.3756844569473863	0.000715757
3.72943	2.375462857893872	0.000722022
3.73383	2.375241095784122	0.000719699
3.73823	2.3750191707334243	0.000713938
3.74262	2.3747975877843226	0.000716733
3.74702	2.374575337557473	0.000723147
3.75142	2.3743529247205744	0.000722737
3.75582	2.3741303493791013	0.000725392
3.76022	2.373907611636074	0.000725075
3.76461	2.373685218367006	0.000727725
3.76901	2.3734621564886407	0.000726132
3.77341	2.3732389325028356	0.000725618
3.77781	2.373015546502793	0.000727808
3.7822	2.372792506826243	0.00073095
3.7866	2.3725687974352265	0.00072753
3.791	2.3723449262946628	0.000729191
3.7954	2.372120893487938	0.000734473
3.7998	2.3718966990959887	0.000734191
3.80419	2.371672853280116	0.000737395
3.80859	2.371448336317497	0.000740386
3.81299	2.3712236579975565	0.00073876
3.81739	2.3709988183914135	0.000738493
3.82179	2.3707738175677284	0.000736838
3.82618	2.370549167507134	0.000740911
3.83058	2.3703238448105735	0.000744473
3.83498	2.370098361087592	0.000746771
3.83938	2.3698727163970377	0.000743276
3.84377	2.3696474241722485	0.000749193
3.84817	2.3694214580787936	0.000747045
3.85257	2.3691953311794616	0.000745807
3.85697	2.368969043523285	0.00075014
3.86137	2.3687425951568386	0.000752627
3.86576	2.3685165013269023	0.000752999
3.87016	2.368289732034838	0.00075324
3.87456	2.368062802157416	0.000754027
3.87896	2.367835711731398	0.000756318
3.88336	2.3676084607910908	0.000756619
3.88775	2.367381566394415	0.000755942
3.89215	2.367153994883258	0.000758198
3.89655	2.3669262629459378	0.000758553
3.90095	2.3666983706069455	0.000762292
3.90535	2.3664703178883157	0.000764386
3.90974	2.3662426236575165	0.000758633
3.91414	2.366014250600294	0.000761628
3.91854	2.365785717214778	0.000762714
3.92294	2.3655570235131873	0.000764562
3.92733	2.365328689809777	0.000768136
3.93173	2.3650996758671834	0.000772291
3.93613	2.3648705016304348	0.000766902
3.94053	2.3646411671019334	0.000770807
3.94493	2.36441167228163	0.000770061
3.94932	2.3641825392922016	0.00077222
3.95372	2.3639527242426417	0.0007754
3.95812	2.363722748886414	0.00077113
3.96252	2.363492613213652	0.00077633
3.96692	2.363262317212032	0.000776897
3.97131	2.363032384813007	0.000781045
3.97571	2.362801768471366	0.00078139
3.98011	2.3625709917492173	0.000779359
3.98451	2.362340054624426	0.00078071
3.98891	2.362108957072398	0.000782491
3.9933	2.3618782248344052	0.000787538
3.9977	2.3616468067090763	0.000784775
4.0021	2.3614152280680774	0.000786276
4.0065	2.3611834888769994	0.000789281
4.01089	2.360952116326029	0.000789177
4.01529	2.360720056286855	0.000787473
4.01969	2.3604878355797436	0.000789354
4.02409	2.3602554541604728	0.000789583
4.02849	2.3600229119823624	0.000795432
4.03288	2.3597907380490604	0.000797377
4.03728	2.3595578745690644	0.000793092
4.04168	2.359324850175587	0.000797272
4.04608	2.3590916648121323	0.000796533
4.05048	2.3588583184197534	0.000797517
4.05487	2.3586253418185565	0.000797064
4.05927	2.358391673547989	0.000801421
4.06367	2.3581578440570703	0.00080351
4.06807	2.3579238532770335	0.000801322
4.07246	2.3576902334836167	0.000804909
4.07686	2.3574559202762098	0.000803198
4.08126	2.357221445558834	0.000805464
4.08566	2.356986809252909	0.00080656
4.09006	2.3567520112773996	0.000805675
4.09445	2.356517585731654	0.000807956
4.09885	2.3562824645319616	0.000811384
4.10325	2.3560471814050494	0.000815435
4.10765	2.3558117362600655	0.000811603
4.11205	2.355576129003704	0.000812343
4.11644	2.355340895563873	0.000812557
4.12084	2.355104964164003	0.000813827
4.12524	2.3548688703583363	0.000820252
4.12964	2.3546326140437497	0.000818408
4.13404	2.3543961951146666	0.000816198
4.13843	2.3541601513332	0.000818662
4.14283	2.353923407218772	0.000825283
4.14723	2.353686500158643	0.000825075
4.15163	2.3534494300374202	0.00082121
4.15602	2.353212736088947	0.000824441
4.16042	2.3529753398608113	0.000826608
4.16482	2.352737780210953	0.000826762
4.16922	2.352500057014165	0.000824603
4.17362	2.3522621701427844	0.000823997
4.17801	2.3520246606767734	0.000824836
4.18241	2.35178644643613	0.000832713
4.18681	2.3515480681234817	0.000834558
4.19121	2.351309525601348	0.000828487
4.19561	2.351070818729796	0.000828888
4.2	2.3508324904425035	0.00083509
4.2044	2.3505934548168295	0.000842121
4.2088	2.350354254407539	0.00083845
4.2132	2.350114889064884	0.000835735
4.2176	2.349875358636657	0.000835836
4.22199	2.349636207918548	0.000843096
4.22639	2.349396347228828	0.000843966
4.23079	2.349156320982556	0.000844174
4.23519	2.348916129017712	0.000840068
4.23958	2.348676317625858	0.000844977
4.24398	2.348435794105565	0.000846739
4.24838	2.3481951043662943	0.000850523
4.25278	2.347954248236211	0.000844293
4.25718	2.347713225541023	0.000846123
4.26157	2.3474725844509794	0.000847917
4.26597	2.3472312284724595	0.000853921
4.27037	2.3469897053916453	0.000858007
4.27477	2.34674801502443	0.000853622
4.27917	2.346506157184253	0.000847491
4.28356	2.346264681930291	0.000854052
4.28796	2.3460224889563857	0.000863042
4.29236	2.345780127935544	0.000860155
4.29676	2.345537598671388	0.000854173
4.30116	2.3452949009650856	0.000858358
4.30555	2.3450525867756835	0.000865894
4.30995	2.3448095519627463	0.000865443
4.31435	2.344566348096903	0.000864569
4.31875	2.3443229749695074	0.000860201
4.32314	2.3440799860676704	0.00086182
4.32754	2.343836274167298	0.000868374
4.33194	2.3435923923651902	0.00087292
4.33634	2.3433483404428834	0.000871057
4.34074	2.3431041181794585	0.000860326
4.34513	2.342860280983341	0.000867272
4.34953	2.342615717753521	0.000872864
4.35393	2.342370983505617	0.000882149
4.35833	2.3421260780088935	0.000879816
4.36273	2.3418810010301616	0.00087581
4.36712	2.341636309912047	0.000871359
4.37152	2.3413908896509894	0.000877549
4.37592	2.341145297194172	0.000882482
4.38032	2.3408995322985895	0.000879663
4.38472	2.3406535947187828	0.00087778
4.38911	2.3404080437451635	0.000879545
4.39351	2.340161760444587	0.000882446
4.39791	2.33991530370925	0.000889722
4.40231	2.339668673283877	0.000887571
4.4067	2.339422430027181	0.000884827
4.4111	2.339175451842311	0.000887832
4.4155	2.338928299187446	0.000891202
4.4199	2.3386809717974932	0.000893479
4.4243	2.338433469404908	0.000896018
4.42869	2.3381863548423976	0.000889457
4.43309	2.3379385020313603	0.000893245
4.43749	2.3376904734009467	0.000898055
4.44189	2.3374422686737937	0.000899984
4.44629	2.3371938875700833	0.000898357
4.45068	2.336945894912057	0.000896746
4.45508	2.33669716060843	0.000900777
4.45948	2.336448249074718	0.000902331
4.46388	2.3361991600212884	0.000904859
4.46828	2.335949893156053	0.000906569
4.47267	2.335701015307016	0.000905785
4.47707	2.335451392337885	0.000905352
4.48147	2.335201590666636	0.000906336
4.48587	2.3349516099913643	0.000913528
4.49026	2.334702018756658	0.000911342
4.49466	2.334451679566379	0.00091421
4.49906	2.33420116045234	0.000912099
4.50346	2.333950461102825	0.000915359
4.50786	2.333699581203658	0.000919276
4.51225	2.3334490912361616	0.000920709
4.51665	2.333197849697496	0.000918631
4.52105	2.3329464266526587	0.000918224
4.52545	2.332694821777658	0.000919471
4.52985	2.332443034746051	0.000923664
4.53424	2.3321916380940775	0.000925108
4.53864	2.3319394861759695	0.000927634
4.54304	2.3316871511079493	0.000924309
4.54744	2.3314346325537563	0.000929974
4.55184	2.331181930174674	0.000929355
4.55623	2.3309296185807433	0.000931529
4.56063	2.3306765479456475	0.000936014
4.56503	2.330423292455572	0.000933136
4.56943	2.3301698517619887	0.000933386
4.57382	2.3299168021478436	0.000939141
4.57822	2.3296629904147457	0.000940253
4.58262	2.329408992418625	0.000935483
4.58702	2.329154807801134	0.000936774
4.59142	2.3289004362014705	0.000940698
4.59581	2.3286464560121196	0.00094295
4.60021	2.328391709782919	0.000944799
4.60461	2.3281367754752473	0.000947659
4.60901	2.3278816527184887	0.000947182
4.61341	2.3276263411395695	0.00094691
4.6178	2.3273714212613386	0.000950292
4.6222	2.3271157313403443	0.000952489
4.6266	2.3268598514641075	0.00095447
4.631	2.326603781249739	0.000952693
4.63539	2.326348102939651	0.000951868
4.63979	2.3260916513253207	0.000955872
4.64419	2.3258350082103534	0.000962236
4.64859	2.3255781732020453	0.00096189
4.65299	2.3253211459052374	0.000956527
4.65738	2.325064510731951	0.00095575
4.66178	2.324807098102133	0.000960667
4.66618	2.3245494919845244	0.000964964
4.67058	2.32429169197415	0.000969657
4.67498	2.3240336976635816	0.000968329
4.67937	2.3237760956572315	0.000965649
4.68377	2.3235177119580914	0.000966468
4.68817	2.323259132722683	0.000973063
4.69257	2.323000357533759	0.000974972
4.69697	2.322741385971619	0.000978839
4.70136	2.322482806856545	0.000978981
4.70576	2.3222234417277625	0.00097581
4.71016	2.3219638789529045	0.000978285
4.71456	2.3217041181024562	0.000981576
4.71895	2.3214447497865596	0.000987095
4.72335	2.321184591939195	0.000984912
4.72775	2.320924234713957	0.000983992
4.73215	2.3206636776715124	0.000982629
4.73655	2.320402920370075	0.000985511
4.74094	2.320142555679668	0.000990648
4.74534	2.319881396982732	0.000996317
4.74974	2.319620036687735	0.000994592
4.75414	2.319358474343076	0.000990578
4.75854	2.3190967094946973	0.000989783
4.76293	2.3188353372979273	0.000993319
4.76733	2.318573166532953	0.001
4.77173	2.318310791888407	0.000999898
4.77613	2.3180482129004156	0.000998619
4.78053	2.3177854291026514	0.000998676
4.78492	2.3175230379618728	0.000999967
4.78932	2.317259843603905	0.00101
4.79372	2.316996443023528	0.00101
4.79812	2.316732835744598	0.00101
4.80251	2.3164696211020805	0.00101
4.80691	2.316205599460289	0.001
4.81131	2.3159413696778834	0.00101
4.81571	2.315676931268904	0.00101
4.82011	2.3154122837449376	0.00102
4.8245	2.3151480288011554	0.00102
4.8289	2.3148829620502087	0.00102
4.8333	2.3146176847054294	0.00102
4.8377	2.3143521962685876	0.00102
4.8421	2.314086496238998	0.00102
4.84649	2.3138211887001123	0.00103
4.85089	2.313555064456912	0.00103
4.85529	2.313288727105334	0.00103
4.85969	2.3130221761348797	0.00103
4.86408	2.3127560175600816	0.00102
4.86848	2.3124890382989705	0.00103
4.87288	2.3122218438739273	0.00104
4.87728	2.3119544337646376	0.00104
4.88168	2.311686807448329	0.00104
4.88607	2.3114195733801015	0.00104
4.89047	2.311151513565995	0.00103
4.89487	2.3108832359630314	0.00104
4.89927	2.310614740038625	0.00104
4.90367	2.3103460252577337	0.00104
4.90806	2.310077702546046	0.00105
4.91246	2.309808548937701	0.00105
4.91686	2.309539174854249	0.00104
4.92126	2.3092695797508322	0.00105
4.92566	2.3089997630801387	0.00105
4.93005	2.308730338269165	0.00105
4.93445	2.308460077318851	0.00105
4.93885	2.3081895931458525	0.00105
4.94325	2.307918885193043	0.00105
4.94764	2.307648568910822	0.00106
4.95204	2.30737741222896	0.00106
4.95644	2.3071060300824553	0.00107
4.96084	2.306834421904364	0.00107
4.96524	2.306562587125287	0.00107
4.96963	2.3062911437539855	0.00107
4.97403	2.3060188545731797	0.00106
4.97843	2.305746337069773	0.00107
4.98283	2.305473590664551	0.00107
4.98723	2.3052006147758446	0.00108
4.99162	2.3049280300034454	0.00107
4.99602	2.30465459391782	0.00107
5.00042	2.304380926590311	0.00107
5.00482	2.304107027429432	0.00108
5.00921	2.3038335191315515	0.00108
5.01361	2.3035591550499355	0.00109
5.01801	2.303284557347126	0.00109
5.02241	2.3030097254218234	0.00109
5.02681	2.3027346586702713	0.00109
5.0312	2.302459982440428	0.00109
5.0356	2.3021844447524376	0.00109
5.04	2.3019086704135896	0.0011
5.0444	2.3016326588103135	0.00109
5.0488	2.301356409326582	0.0011
5.05319	2.3010805499965663	0.00111
5.05759	2.300803823438183	0.0011
5.06199	2.3005268571379527	0.00111
5.06639	2.3002496504700334	0.0011
5.07079	2.299972202806126	0.0011
5.07518	2.299695144901934	0.00111
5.07958	2.2994172139026503	0.00111
5.08398	2.2991390400092033	0.00111
5.08838	2.2988606225834807	0.00112
5.09277	2.298582594584052	0.00111
5.09717	2.2983036887267465	0.00112
5.10157	2.2980245374095656	0.00111
5.10597	2.297745139984579	0.00112
5.11037	2.2974654958014034	0.00112
5.11476	2.297186240605464	0.00112
5.11916	2.296906101509471	0.00112
5.12356	2.296625713690904	0.00112
5.12796	2.2963450764895645	0.00112
5.13236	2.2960641892427978	0.00113
5.13675	2.2957836905201505	0.00114
5.14115	2.2955023017568177	0.00114
5.14555	2.2952206609468884	0.00114
5.14995	2.2949387674178925	0.00114
5.15434	2.2946572620257166	0.00114
5.15874	2.2943748616095627	0.00114
5.16314	2.2940922064437483	0.00114
5.16754	2.2938092958459895	0.00115
5.17194	2.2935261291315454	0.00115
5.17633	2.2932433500492584	0.00116
5.18073	2.292959669623397	0.00115
5.18513	2.2926757310134716	0.00115
5.18953	2.2923915335249267	0.00115
5.19393	2.2921070764607516	0.00116
5.19832	2.2918230065019656	0.00117
5.20272	2.2915380287796006	0.00117
5.20712	2.291252789377444	0.00116
5.21152	2.2909672875886673	0.00116
5.21592	2.290681522703989	0.00117
5.22031	2.2903961443765204	0.00117
5.22471	2.2901098517643694	0.00118
5.22911	2.28982329391537	0.00118
5.23351	2.2895364701104257	0.00119
5.2379	2.289250032409252	0.00118
5.2423	2.288962675133856	0.00118
5.2467	2.288675049732145	0.00118
5.2511	2.2883871554752044	0.00118
5.2555	2.2880989916316663	0.00119
5.25989	2.287811213306938	0.0012
5.26429	2.2875225087031543	0.00121
5.26869	2.287233532305618	0.0012
5.27309	2.2869442833731464	0.00119
5.27749	2.2866547611621	0.0012
5.28188	2.286365623865441	0.0012
5.28628	2.286075553481842	0.00121
5.29068	2.2857852075757283	0.00121
5.29508	2.2854945853936464	0.00122
5.29948	2.285203686179686	0.00122
5.30387	2.2849131712569286	0.00121
5.30827	2.284621716335596	0.00121
5.31267	2.2843299821016627	0.00122
5.31707	2.2840379677894016	0.00123
5.32146	2.2837463372568116	0.00123
5.32586	2.283453761121814	0.00124
5.33026	2.2831609025983424	0.00124
5.33466	2.2828677609108547	0.00123
5.33906	2.282574335281357	0.00123
5.34345	2.282281292776327	0.00124
5.34785	2.281987297568761	0.00124
5.35225	2.2816930160722535	0.00126
5.35665	2.2813984474989906	0.00126
5.36105	2.281103591058706	0.00125
5.36544	2.2808091170708735	0.00126
5.36984	2.2805136831746804	0.00125
5.37424	2.2802179590277496	0.00126
5.37864	2.279921943829999	0.00126
5.38303	2.2796263105355123	0.00127
5.38743	2.2793297114921014	0.00128
5.39183	2.27903281898473	0.00127
5.39623	2.278735632203501	0.00127
5.40063	2.2784381503360605	0.00127
5.40502	2.2781410496713606	0.00127
5.40942	2.277842975859907	0.00128
5.41382	2.2775446045123173	0.00129
5.41822	2.277245934806424	0.00129
5.42262	2.276946965917603	0.00129
5.42701	2.276648377516134	0.0013
5.43141	2.276348808462434	0.0013
5.43581	2.2760489377390973	0.00129
5.44021	2.275748764511684	0.0013
5.44461	2.2754482879433007	0.00131
5.449	2.275148191132717	0.00132
5.4534	2.274847106056076	0.00132
5.4578	2.274545715114973	0.00132
5.4622	2.2742440174626952	0.00132
5.46659	2.27394269897491	0.00132
5.47099	2.273640386052238	0.00132
5.47539	2.273337763865475	0.00133
5.47979	2.273034831558095	0.00134
5.48419	2.272731588271118	0.00134
5.48858	2.2724287233953375	0.00134
5.49298	2.272124856274077	0.00134
5.49738	2.271820675583518	0.00134
5.50178	2.271516180454864	0.00135
5.50618	2.2712113700168626	0.00135
5.51057	2.270906937224545	0.00136
5.51497	2.2706014942658603	0.00136
5.51937	2.270295733371343	0.00136
5.52377	2.269989653659926	0.00137
5.52816	2.2696839509735254	0.00137
5.53256	2.2693772317048992	0.00138
5.53696	2.2690701909634634	0.00138
5.54136	2.2687628278583354	0.00139
5.54576	2.2684551414961773	0.00138
5.55015	2.26814783137329	0.00139
5.55455	2.267839496547012	0.00139
5.55895	2.267530835771008	0.0014
5.56335	2.2672218481421273	0.0014
5.56775	2.2669125327547612	0.0014
5.57214	2.266603592810654	0.0014
5.57654	2.2662936199297428	0.00141
5.58094	2.2659833165608667	0.00141
5.58534	2.2656726817886015	0.00142
5.58974	2.2653617146950693	0.00142
5.59413	2.265051122239216	0.00142
5.59853	2.2647394885002017	0.00143
5.60293	2.2644275196736574	0.00143
5.60733	2.2641152148318873	0.00144
5.61172	2.263803283976984	0.00144
5.61612	2.2634903050808215	0.00144
5.62052	2.2631769873737464	0.00146
5.62492	2.2628633299182477	0.00146
5.62932	2.2625493317743612	0.00146
5.63371	2.262235706796292	0.00146
5.63811	2.261921025225566	0.00146
5.64251	2.2616060001339804	0.00146
5.64691	2.2612906305717537	0.00147
5.65131	2.26097491558665	0.00149
5.6557	2.260659572938695	0.00148
5.6601	2.2603431650317933	0.00149
5.6645	2.2600264088327573	0.00148
5.6689	2.259709303379538	0.00149
5.6733	2.2593918477076267	0.0015
5.67769	2.2590747635372743	0.0015
5.68209	2.258756605326093	0.00151
5.68649	2.258438093990179	0.00151
5.69089	2.2581192285552123	0.00151
5.69528	2.2578007339488915	0.00152
5.69968	2.2574811581933574	0.00151
5.70408	2.257161225403304	0.00153
5.70848	2.256840934594595	0.00154
5.71288	2.2565202847806365	0.00156
5.71727	2.2562000049490294	0.00155
5.72167	2.255878634976521	0.00156
5.72607	2.2555569030265143	0.00155
5.73047	2.2552348081026015	0.00155
5.73487	2.2549123492059184	0.00156
5.73926	2.2545902594403193	0.00158
5.74366	2.254267070424591	0.00158
5.74806	2.253943514427059	0.00158
5.75246	2.253619590439045	0.00158
5.75686	2.253295297449413	0.00158
5.76125	2.252971372735323	0.00159
5.76565	2.25264633954364	0.00159
5.77005	2.252320934304521	0.0016
5.77445	2.2519951559970184	0.00161
5.77884	2.251669745278091	0.00161
5.78324	2.251343218614853	0.00161
5.78764	2.2510163158079886	0.00162
5.79204	2.2506890358267326	0.00162
5.79644	2.250361377637864	0.00164
5.80083	2.250034086176088	0.00161
5.80523	2.249705669327967	0.00162
5.80963	2.249376871160207	0.00163
5.81403	2.249047690629772	0.00163
5.81843	2.248718126691172	0.00164
5.82282	2.2483889286158556	0.00165
5.82722	2.2480585955919716	0.00165
5.83162	2.247727876011112	0.00165
5.83602	2.2473967688179677	0.00165
5.84042	2.2470652729547793	0.00166
5.84481	2.246734142089438	0.00167
5.84921	2.2464018665924232	0.00168
5.85361	2.2460691992397686	0.00168
5.85801	2.245736138963896	0.00169
5.8624	2.2454034429928957	0.00169
5.8668	2.245069594557128	0.00168
5.8712	2.2447353499831246	0.00169
5.8756	2.244400708193491	0.0017
5.88	2.2440656681083793	0.0017
5.88439	2.2437309914615273	0.00171
5.88879	2.2433951524474676	0.00172
5.89319	2.2430589118861266	0.00173
5.89759	2.2427222686878405	0.00173
5.90199	2.24238522176049	0.00173
5.90638	2.2420485374051085	0.00173
5.91078	2.2417106806572447	0.00173
5.91518	2.241372416891729	0.00175
5.91958	2.241033745006627	0.00176
5.92397	2.2406954350012387	0.00176
5.92837	2.2403559444951666	0.00177
5.93277	2.2400160425514963	0.00177
5.93717	2.2396757280584785	0.00177
5.94157	2.2393349999019074	0.00178
5.94596	2.2389946327610937	0.00178
5.95036	2.238653074871476	0.00179
5.95476	2.238311099963509	0.0018
5.95916	2.237968706913172	0.00181
5.96356	2.2376258945939895	0.00181
5.96795	2.237283442428879	0.00182
5.97235	2.2369397891420597	0.00183
5.97675	2.236595713194815	0.00182
5.98115	2.2362512134508528	0.00183
5.98555	2.2359062887714254	0.00184
5.98994	2.235561723387354	0.00184
5.99434	2.23521594638319	0.00185
5.99874	2.2348697410151965	0.00186
6.00314	2.2345231061348123	0.00187
6.00753	2.2341768298654934	0.00187
6.01193	2.233829333487529	0.00187
6.01633	2.2334814041393853	0.00187
6.02073	2.2331330406626835	0.00188
6.02513	2.2327842418965904	0.00189
6.02952	2.2324358008899456	0.00189
6.03392	2.2320861290486613	0.00191
6.03832	2.2317360184234127	0.00192
6.04272	2.231385467843552	0.00193
6.04712	2.231034476135975	0.00194
6.05151	2.2306838413411474	0.00194
6.05591	2.2303319648582547	0.00195
6.06031	2.2299796437162884	0.00195
6.06471	2.229626876732329	0.00195
6.06911	2.2292736627210026	0.00197
6.0735	2.2289208047813425	0.00197
6.0779	2.2285666941720637	0.00198
6.0823	2.2282121329672755	0.00199
6.0867	2.2278571199717887	0.002
6.09109	2.2275024623796886	0.002
6.09549	2.227146543241021	0.002
6.09989	2.2267901687140883	0.00198
6.10429	2.226433337593886	0.00199
6.10869	2.226076048672952	0.00204
6.11308	2.2257191143261843	0.00205
6.11748	2.2253609072189224	0.00205
6.12188	2.2250022386765798	0.00207
6.12628	2.2246431074818793	0.00207
6.13068	2.2242835124150897	0.00207
6.13507	2.2239242711008114	0.00209
6.13947	2.2235637456820347	0.0021
6.14387	2.2232027527200335	0.0021
6.14827	2.2228412909852633	0.00212
6.15267	2.2224793592457193	0.00213
6.15706	2.222117780445295	0.00213
6.16146	2.221754906065592	0.00214
6.16586	2.221391557973198	0.00215
6.17026	2.221027734926294	0.00216
6.17465	2.2206642641742853	0.00217
6.17905	2.2202994885696077	0.00217
6.18345	2.219934234273078	0.00218
6.18785	2.2195685000330636	0.0022
6.19225	2.2192022845954753	0.00221
6.19664	2.2188364206560163	0.00222
6.20104	2.218469240151971	0.00223
6.20544	2.2181015746762256	0.00224
6.20984	2.2177334229648746	0.00226
6.21424	2.2173647837515595	0.00226
6.21863	2.2169964952498216	0.00227
6.22303	2.2166268783388547	0.00229
6.22743	2.2162567701150127	0.00231
6.23183	2.21588616930212	0.00231
6.23623	2.215515074621547	0.00231
6.24062	2.2151443298769076	0.00232
6.24502	2.214772244744976	0.00234
6.24942	2.2143996618976676	0.00234
6.25382	2.2140265800465384	0.00234
6.25821	2.213653847519219	0.00235
6.26261	2.2132797649267295	0.00238
6.26701	2.2129051794532995	0.00239
6.27141	2.2125300898006666	0.00241
6.27581	2.2121544946681153	0.00241
6.2802	2.211779248105121	0.00243
6.2846	2.211402639256992	0.00244
6.289	2.2110255210150394	0.00244
6.2934	2.210647892068733	0.00245
6.2978	2.210269751105085	0.00245
6.30219	2.2098919579696013	0.00247
6.30659	2.2095127901936444	0.00249
6.31099	2.2091331064496584	0.00249
6.31539	2.208752905414839	0.0025
6.31978	2.2083730516248625	0.00252
6.32418	2.207991813213348	0.00252
6.32858	2.207610053530888	0.00254
6.33298	2.207227771244865	0.00253
6.33738	2.2068449650202053	0.00255
6.34177	2.2064625053238967	0.00257
6.34617	2.2060786484053	0.00257
6.35057	2.2056942635311696	0.0026
6.35497	2.205309349356617	0.0026
6.35937	2.204923904534299	0.00262
6.36376	2.2045388055386503	0.00262
6.36816	2.2041522965826412	0.00263
6.37256	2.203765252925185	0.00264
6.37696	2.203377673209122	0.00265
6.38136	2.2029895560748374	0.00266
6.38575	2.202601784081047	0.00267
6.39015	2.202212589250806	0.00268
6.39455	2.2018228529118775	0.0027
6.39895	2.201432573694832	0.0027
6.40334	2.201042639081034	0.00271
6.40774	2.2006512712312585	0.00272
6.41214	2.2002593563834756	0.00273
6.41654	2.19986689315844	0.00273
6.42094	2.199473880174451	0.00275
6.42533	2.1990812111371993	0.00277
6.42973	2.1986870957377036	0.00278
6.43413	2.1982924264225794	0.00279
6.43853	2.197897201800312	0.00281
6.44293	2.1975014204769283	0.00282
6.44732	2.1971059824612293	0.00284
6.45172	2.1967090848170496	0.00285
6.45612	2.1963116262782965	0.00285
6.46052	2.1959136054411807	0.00285
6.46492	2.195515020899462	0.00286
6.46931	2.1951167790445294	0.00286
6.47371	2.1947170641542133	0.00289
6.47811	2.1943167813290505	0.00291
6.48251	2.193915929152984	0.00292
6.4869	2.193515419180576	0.00294
6.4913	2.193113425346752	0.00295
6.4957	2.192710857902357	0.00295
6.5001	2.192307715421517	0.00296
6.5045	2.1919039964759044	0.00298
6.50889	2.1915006191474813	0.00298
6.51329	2.1910957442957995	0.00298
6.51769	2.190690288682893	0.00299
6.52209	2.1902842508706186	0.00301
6.52649	2.1898776294183757	0.00302
6.53088	2.189471349016957	0.00305
6.53528	2.1890635572878208	0.00306
6.53968	2.1886551775854817	0.00306
6.54408	2.188246208459524	0.00307
6.54847	2.1878375799462884	0.00308
6.55287	2.1874274289598903	0.00309
6.55727	2.1870166841872143	0.00311
6.56167	2.1866053441680298	0.00313
6.56607	2.1861934074396516	0.00314
6.57046	2.18578181079557	0.00315
6.57486	2.1853686776154166	0.00317
6.57926	2.184954943326625	0.00318
6.58366	2.184540606456694	0.00318
6.58806	2.184125665530669	0.0032
6.59245	2.1837110641825683	0.00321
6.59685	2.1832949120909193	0.00322
6.60125	2.1828781515069466	0.00323
6.60565	2.1824607809458794	0.00325
6.61005	2.18204279892049	0.00328
6.61444	2.1816251559894035	0.0033
6.61884	2.18120594796203	0.00331
6.62324	2.1807861239973216	0.00331
6.62764	2.1803656825982367	0.00332
6.63203	2.1799455799234475	0.00333
6.63643	2.179523900566445	0.00334
6.64083	2.179101599272629	0.00334
6.64523	2.1786786745351407	0.00334
6.64963	2.178255124844667	0.00338
6.65402	2.1778319134375725	0.0034
6.65842	2.177407110732312	0.00342
6.66282	2.1769816785348435	0.00343
6.66722	2.1765556153260404	0.00345
6.67162	2.176128919584319	0.00348
6.67601	2.17570256170976	0.00347
6.68041	2.1752745977738672	0.00347
6.68481	2.17484599672905	0.00349
6.68921	2.1744167570439084	0.00351
6.6936	2.1739878549112452	0.00353
6.698	2.173557334801613	0.00354
6.7024	2.173126171446227	0.00356
6.7068	2.172694363303872	0.00359
6.7112	2.1722619088308783	0.00361
6.71559	2.1718297915403615	0.00364
6.71999	2.171396041242983	0.00363
6.72439	2.1709616399727523	0.00364
6.72879	2.170526586176182	0.00365
6.73319	2.1700908782973327	0.00367
6.73758	2.1696555072576102	0.00368
6.74198	2.16921848803197	0.00362
6.74638	2.168780810045052	0.00369
6.75078	2.1683424717311	0.00379
6.75518	2.167903471521902	0.00373
6.75957	2.167464807835829	0.00375
6.76397	2.1670244806349217	0.00376
6.76837	2.166583486822985	0.00379
6.77277	2.1661418248219944	0.0038
6.77716	2.16570049911151	0.00381
6.78156	2.1652574975161025	0.00383
6.78596	2.164813822986433	0.00386
6.79036	2.1643694739346584	0.00388
6.79476	2.163924448770481	0.00389
6.79915	2.1634797596317874	0.00391
6.80355	2.163033379007765	0.00394
6.80795	2.1625863174893487	0.00397
6.81235	2.1621385734764247	0.004
6.81675	2.1616901453664252	0.00404
6.82114	2.1612420530461844	0.00408
6.82554	2.160792253488398	0.00404
6.82994	2.1603417650147607	0.00404
6.83434	2.159890586012887	0.00405
6.83874	2.1594387148679397	0.00407
6.84313	2.15898717930702	0.00408
6.84753	2.158533920603831	0.00411
6.85193	2.158079964902009	0.00415
6.85633	2.157625310576896	0.00416
6.86072	2.157170991693307	0.00417
6.86512	2.156714936834862	0.00418
6.86952	2.1562581784681436	0.0042
6.87392	2.155800714958681	0.00422
6.87832	2.1553425446695496	0.00424
6.88271	2.1548847096719546	0.00426
6.88711	2.154425122518526	0.0043
6.89151	2.1539648236636593	0.00432
6.89591	2.1535038114606144	0.00433
6.90031	2.1530420842601945	0.00436
6.9047	2.1525806922332693	0.00436
6.9091	2.152117531715075	0.00439
6.9135	2.151653651240953	0.00442
6.9179	2.1511890491518924	0.00442
6.92229	2.1507247821653674	0.00443
6.92669	2.150258733509052	0.00447
6.93109	2.1497919582498213	0.00449
6.93549	2.149324454718848	0.00451
6.93989	2.148856221244848	0.00453
6.94428	2.1483883228145957	0.00455
6.94868	2.1479186260993544	0.00457
6.95308	2.1474481944163255	0.0046
6.95748	2.1469770260844125	0.00462
6.96188	2.1465051194200626	0.00462
6.96627	2.146033547774565	0.00464
6.97067	2.1455601610724715	0.00468
6.97507	2.1450860309763957	0.00471
6.97947	2.1446111557929672	0.00471
6.98387	2.1441355338263635	0.00472
6.98826	2.143660246888311	0.00475
6.99266	2.1431831279649516	0.00479
6.99706	2.142705257160087	0.0048
7.00146	2.142226632768077	0.00483
7.00585	2.1417483434377473	0.00483
7.01025	2.1412682084671166	0.00486
7.01465	2.1407873147815875	0.00489
7.01905	2.140305660665704	0.0049
7.02345	2.1398232444015575	0.00493
7.02784	2.139341163272806	0.00496
7.03224	2.1388572192905144	0.00498
7.03664	2.1383725079954212	0.005
7.04104	2.1378870276598	0.00502
7.04544	2.1374007765534695	0.00506
7.04983	2.136914860692794	0.00509
7.05423	2.1364270646062846	0.0051
7.05863	2.1359384925477434	0.00515
7.06303	2.135449142777174	0.00517
7.06742	2.1349601283672306	0.00517
7.07182	2.134469219720229	0.00515
7.07622	2.133977528130454	0.00517
7.08062	2.133485051848092	0.00522
7.08502	2.132991789120876	0.00526
7.08941	2.1324988619320715	0.00527
7.09381	2.1320040228458774	0.00531
7.09821	2.1315083920472984	0.00534
7.10261	2.1310119677742527	0.00537
7.10701	2.1305147482622018	0.00543
7.1114	2.1300178645048407	0.00543
7.1158	2.1295190510287525	0.00543
7.1202	2.1290194370093434	0.00543
7.1246	2.1285190206722606	0.00547
7.129	2.128017800240696	0.00551
7.13339	2.1275169158192897	0.00554
7.13779	2.1270140836961158	0.00557
7.14219	2.12651044213736	0.0056
7.14659	2.1260059893563987	0.00562
7.15098	2.125501872818626	0.00564
7.15538	2.1249957940774173	0.00566
7.15978	2.1244888987434782	0.00569
7.16418	2.1239811850203694	0.00573
7.16858	2.123472651109197	0.00577
7.17297	2.122964453768974	0.00578
7.17737	2.1224542759494716	0.0058
7.18177	2.121943272534597	0.00583
7.18617	2.12143144171564	0.00586
7.19057	2.1209187816814343	0.00588
7.19496	2.1204064585870785	0.00592
7.19936	2.119892136573949	0.00593
7.20376	2.1193769799014786	0.00595
7.20816	2.118860986748687	0.006
7.21255	2.118345330860915	0.00603
7.21695	2.117827661186173	0.00604
7.22135	2.117309149557593	0.00605
7.22575	2.116789794144378	0.00609
7.23015	2.1162695931132762	0.00613
7.23454	2.115749729791897	0.00618
7.23894	2.11522783394774	0.0062
7.24334	2.1147050869753956	0.00625
7.24774	2.114181487031797	0.00627
7.25214	2.113657032271421	0.00626
7.25653	2.113132915708558	0.0063
7.26093	2.1126067477215096	0.00634
7.26533	2.1120797193705982	0.00636
7.26973	2.111551828800486	0.00638
7.27413	2.11102307415338	0.00641
7.27852	2.110494658235367	0.00643
7.28292	2.109964171825459	0.00646
7.28732	2.1094328157546878	0.00651
7.29172	2.108900588155444	0.00655
7.29611	2.108368699742497	0.00656
7.30051	2.1078347254650387	0.00658
7.30491	2.107299874045815	0.00662
7.30931	2.1067641436074007	0.00666
7.31371	2.106227532269917	0.00668
7.3181	2.1056912607308753	0.00669
7.3225	2.105152883958537	0.00676
7.3269	2.1046136206370507	0.0068
7.3313	2.1040734688767224	0.00683
7.3357	2.1035324267854008	0.00685
7.34009	2.102991725150403	0.00688
7.34449	2.1024488987450742	0.0069
7.34889	2.10190517632189	0.00694
7.35329	2.101360555978885	0.00703
7.35769	2.1008150358116375	0.00705
7.36208	2.10026985680503	0.00703
7.36648	2.0997225333221103	0.00705
7.37088	2.099174304291302	0.0071
7.37528	2.0986251677983683	0.00717
7.37967	2.098076373063357	0.00723
7.38407	2.097525417966953	0.00727
7.38847	2.096973549655353	0.00729
7.39287	2.0964207662045053	0.0073
7.39727	2.095867065687903	0.00733
7.40166	2.095313707718869	0.00736
7.40606	2.094758169376619	0.00743
7.41046	2.094201708178759	0.00749
7.41486	2.093644322188967	0.00753
7.41926	2.093086009468464	0.00754
7.42365	2.0925280401335593	0.00753
7.42805	2.091967870242722	0.00758
7.43245	2.0914067677945334	0.00764
7.43685	2.0908447308404017	0.00766
7.44125	2.090281757429277	0.00769
7.44564	2.089719128290862	0.00777
7.45004	2.0891542782422023	0.00781
7.45444	2.088588485873127	0.00785
7.45884	2.0880217492227713	0.0079
7.46323	2.0874553575905317	0.00793
7.46763	2.086886728642457	0.00795
7.47203	2.086317149520253	0.00799
7.47643	2.085746618253242	0.00805
7.48083	2.0851751328682875	0.00813
7.48522	2.0846039934786553	0.00816
7.48962	2.0840305961082706	0.00819
7.49402	2.08345623869031	0.00828
7.49842	2.082880919241826	0.00832
7.50282	2.0823046357774104	0.00833
7.50721	2.0817286993365514	0.00835
7.51161	2.0811504840764803	0.00843
7.51601	2.0805712988340623	0.0085
7.52041	2.0799911416140757	0.00856
7.52481	2.0794100104188447	0.00861
7.5292	2.0788292273271325	0.00863
7.5336	2.0782461444035105	0.00869
7.538	2.077662081501442	0.00876
7.5424	2.077077036613437	0.00879
7.54679	2.0764923407305282	0.00884
7.55119	2.0759053280815616	0.00885
7.55559	2.075317327414033	0.00891
7.55999	2.074728336710633	0.00901
7.56439	2.0741383539516014	0.00904
7.56878	2.073548721372488	0.00913
7.57318	2.072956750699249	0.0092
7.57758	2.0723637819009677	0.00924
7.58198	2.0717698129480664	0.00928
7.58638	2.0711748418085105	0.00936
7.59077	2.070580222077374	0.00948
7.59517	2.069983242747853	0.00955
7.59957	2.0693852551254843	0.00963
7.60397	2.0687862571684192	0.00974
7.60837	2.068186246832355	0.00979
7.61276	2.0675865891875818	0.00979
7.61716	2.0669845502632787	0.00976
7.62156	2.0663814928169986	0.00984
7.62596	2.06577741479462	0.00996
7.63035	2.0651736905293263	0.01005
7.63475	2.0645675675137545	0.01013
7.63915	2.0639604177496826	0.01016
7.64355	2.0633522391731756	0.01023
7.64795	2.0627430297178435	0.01029
7.65234	2.062134175402093	0.01038
7.65674	2.0615229003347846	0.01051
7.66114	2.060910588179465	0.01053
7.66554	2.0602972368599284	0.01055
7.66994	2.0596828442975124	0.0107
7.67433	2.0590688083134996	0.01087
7.67873	2.0584523293978134	0.0109
7.68313	2.057834802993278	0.01099
7.68753	2.057216227011417	0.01105
7.69193	2.0565965993612982	0.01108
7.69632	2.0559773297854242	0.01117
7.70072	2.0553555949182285	0.01125
7.70512	2.0547328021000206	0.01138
7.70952	2.0541089492300513	0.01146
7.71391	2.053485455672381	0.01154
7.71831	2.0528594788079935	0.01159
7.72271	2.052232435579666	0.01151
7.72711	2.0516043238768376	0.01148
7.73151	2.0509751415864885	0.01195
7.7359	2.050346320208667	0.01227
7.7403	2.049714992839581	0.01219
7.7447	2.049082588534012	0.01217
7.7491	2.048449105169125	0.01225
7.7535	2.0478145406196324	0.01235
7.75789	2.047180338641869	0.01256
7.76229	2.0465436078068104	0.01275
7.76669	2.045905789401398	0.01281
7.77109	2.0452668812905275	0.01283
7.77549	2.044626881336639	0.01278
7.77988	2.043987245673348	0.01277
7.78428	2.043345058104551	0.01295
7.78868	2.042701772270204	0.01316
7.79308	2.042057386022933	0.01323
7.79747	2.041413365484619	0.01322
7.80187	2.0407667744727105	0.01329
7.80627	2.0401190765959214	0.01331
7.81067	2.039470269697061	0.01345
7.81507	2.0388203516164825	0.01364
7.81946	2.0381708010728827	0.01364
7.82386	2.0375186566778147	0.01361
7.82826	2.0368653946122883	0.01362
7.83266	2.0362110127068442	0.01363
7.83706	2.035555508789564	0.01384
7.84145	2.0349003742988994	0.01404
7.84585	2.034242622394764	0.01414
7.85025	2.0335837419532683	0.01425
7.85465	2.032923730792679	0.01424
7.85904	2.0322640906150706	0.0144
7.86344	2.031601814043512	0.01454
7.86784	2.030938400197911	0.01457
7.87224	2.0302738468867214	0.01465
7.87664	2.02960815191594	0.01468
7.88103	2.028942829930439	0.0146
7.88543	2.0282748476558106	0.0145
7.88983	2.027605717129857	0.01458
7.89423	2.0269354361487597	0.01469
7.89863	2.0262640025062466	0.01476
7.90302	2.0255929439148828	0.01487
7.90742	2.024919200953134	0.01486
7.91182	2.0242442987014506	0.01487
7.91622	2.0235682349437436	0.0149
7.92062	2.022891007461469	0.01506
7.92501	2.0222141571604784	0.01519
7.92941	2.021534598221068	0.01513
7.93381	2.0208538688917876	0.01508
7.93821	2.020171966944279	0.01514
7.9426	2.0194904439286976	0.01527
7.947	2.01880619272755	0.01531
7.9514	2.0181207622134476	0.01508
7.9558	2.017434150148215	0.01502
7.9602	2.0167463542912207	0.015
7.96459	2.016058939613714	0.01498
7.96899	2.015368772144671	0.015
7.97339	2.0146774141523562	0.015
7.97779	2.0139848633863235	0.01499
7.98219	2.013291117593673	0.01519
7.98658	2.0125977552942853	0.01526
7.99098	2.011901615408661	0.01515
7.99538	2.011204273728124	0.01531
7.99978	2.010505727989956	0.01536
8.00418	2.0098059759289866	0.01535
8.00857	2.0091066097419676	0.01541
8.01297	2.0084044409845894	0.01546
8.01737	2.00770105909933	0.0155
8.02177	2.0069964618112017	0.01552
8.02616	2.0062922523499935	0.01553
8.03056	2.0055852201965694	0.0154
8.03496	2.004876965805772	0.01542
8.03936	2.0041674868927997	0.01546
8.04376	2.0034567811703954	0.01532
8.04815	2.0027464657777903	0.01521
8.05255	2.0020333023661427	0.01538
8.05695	2.001318905273774	0.01572
8.06135	2.0006032722036116	0.01555
8.06575	1.999886400856126	0.01525
8.07014	1.9991699224101795	0.01535
8.07454	1.9984505704269913	0.01552
8.07894	1.9977299732584086	0.01563
8.08334	1.9970081285950867	0.01542
8.08773	1.9962866789405016	0.0155
8.09213	1.9955623351982028	0.01573
8.09653	1.994836737023667	0.01576
8.10093	1.9941098820977368	0.01562
8.10533	1.993381768098796	0.0155
8.10972	1.9926540518060338	0.01553
8.11412	1.9919234155611463	0.01547
8.11852	1.9911915132689675	0.01561
8.12292	1.9904583425980675	0.01573
8.12732	1.9897239012145609	0.01554
8.13171	1.9889898603054854	0.01539
8.13611	1.9882528733865483	0.01542
8.14051	1.9875146087439395	0.0156
8.14491	1.9867750640339579	0.01554
8.14931	1.9860342369104462	0.01548
8.1537	1.9852938131011295	0.01542
8.1581	1.984550417030194	0.01521
8.1625	1.9838057314978788	0.0151
8.1669	1.9830597541482131	0.01521
8.17129	1.9823141824362398	0.01525
8.17569	1.9815656173234892	0.01528
8.18009	1.9808157533161148	0.01549
8.18449	1.9800645880483274	0.01543
8.18889	1.9793121191518868	0.01521
8.19328	1.978560058863366	0.01528
8.19768	1.977804978571335	0.01546
8.20208	1.9770485875365915	0.01542
8.20648	1.9762908833810775	0.01554
8.21088	1.9755318637242811	0.0156
8.21527	1.974773255719091	0.01552
8.21967	1.9740116009116853	0.01547
8.22407	1.9732486234521542	0.01537
8.22847	1.9724843209501692	0.01535
8.23286	1.9717204325878128	0.01566
8.23726	1.9709534758451703	0.01787
8.24166	1.9701851868798075	0.02214
8.24606	1.9694155632915795	0.0164
8.25046	1.9686446026778879	0.0146
8.25485	1.9678740593814865	0.01615
8.25925	1.967100420551609	0.01675
8.26365	1.966325437479216	0.01656
8.26805	1.9655491077518927	0.01637
8.27245	1.9647714289547693	0.016
8.27684	1.9639941707280097	0.01623
8.28124	1.963213789616659	0.01699
8.28564	1.9624320521816734	0.01676
8.29004	1.9616489559983672	0.01622
8.29444	1.9608644986395978	0.01636
8.29883	1.9600804651803712	0.01615
8.30323	1.9592932812868231	0.01595
8.30763	1.9585047289271922	0.0161
8.31203	1.957714805664524	0.01631
8.31642	1.9569253090196932	0.01626
8.32082	1.9561326397598104	0.01614
8.32522	1.9553385922768476	0.01614
8.32962	1.95454316412403	0.01619
8.33402	1.953746352852132	0.01597
8.33841	1.9529499716659902	0.01598
8.34281	1.952150389955815	0.01644
8.34721	1.9513494177697308	0.01648
8.35161	1.950547052648695	0.0161
8.35601	1.94974329213121	0.01601
8.3604	1.9489399652454562	0.01615
8.3648	1.9481334097261176	0.01627
8.3692	1.9473254514167178	0.01645
8.3736	1.946516087845942	0.01657
8.37799	1.945707160800015	0.01659
8.38239	1.944894982490564	0.01638
8.38679	1.9440813914967021	0.01637
8.39119	1.9432663853373007	0.01641
8.39559	1.9424499615287754	0.01649
8.39998	1.9416339779333216	0.01676
8.40438	1.940814714602033	0.01676
8.40878	1.9399940261617998	0.01675
8.41318	1.9391719101192222	0.01682
8.41758	1.9383483639784456	0.01682
8.42197	1.937525261818973	0.01673
8.42637	1.9366988512488335	0.01648
8.43077	1.9358710030838895	0.01662
8.43517	1.9350417148184715	0.01697
8.43957	1.9342109839444523	0.01727
8.44396	1.9333807009006734	0.01717
8.44836	1.932547080568181	0.01681
8.45276	1.931712010093698	0.01687
8.45716	1.9308754869592848	0.01696
8.46155	1.930039414792474	0.01691
8.46595	1.9291999820903791	0.01696
8.47035	1.9283590891655396	0.01697
8.47475	1.9275167334902006	0.01708
8.47915	1.9266729125341484	0.0172
8.48354	1.9258295465416482	0.01708
8.48794	1.9249827907682924	0.01686
8.49234	1.9241345621146253	0.01687
8.49674	1.9232848580406208	0.01728
8.50114	1.9224336760037963	0.0174
8.50553	1.9215829530091273	0.01741
8.50993	1.9207288107828626	0.01722
8.51433	1.9198731829573967	0.01738
8.51873	1.9190160669804304	0.01795
8.52312	1.9181594133681004	0.01841
8.52752	1.9172993168180983	0.0185
8.53192	1.9164377244507913	0.01848
8.53632	1.915574633704064	0.01821
8.54072	1.9147100420133483	0.01795
8.54511	1.9138459169163964	0.01802
8.54951	1.9129783190599998	0.0181
8.55391	1.9121092125570245	0.01822
8.55831	1.9112385948330841	0.01828
8.56271	1.9103664633113424	0.01793
8.5671	1.9094948026970964	0.01771
8.5715	1.9086196392945147	0.01764
8.5759	1.907742954354756	0.01772
8.5803	1.9068647452911638	0.01823
8.5847	1.905985009514628	0.01853
8.58909	1.9051057490446213	0.01863
8.59349	1.9042229555495778	0.01877
8.59789	1.9033386275654305	0.01897
8.60229	1.9024527624932541	0.019
8.60668	1.9015673763083094	0.01879
8.61108	1.9006784327616442	0.01854
8.61548	1.8997879443213677	0.01852
8.61988	1.8988959083787385	0.0185
8.62428	1.8980023223225588	0.01846
8.62867	1.8971092197079327	0.01866
8.63307	1.8962125291190821	0.01906
8.63747	1.8953142805743146	0.01994
8.64187	1.8944144714526194	0.02035
8.64627	1.8935130991305278	0.0199
8.65066	1.8926122148915594	0.01945
8.65506	1.8917077118561025	0.01917
8.65946	1.890801637741098	0.01901
8.66386	1.8898939899132614	0.01933
8.66825	1.8889868339446645	0.01969
8.67265	1.8880760343730962	0.01998
8.67705	1.8871636531801204	0.02021
8.68145	1.88624968772264	0.02002
8.68585	1.8853341353551	0.02008
8.69024	1.8844190796471707	0.02032
8.69464	1.8835003491346942	0.02033
8.69904	1.8825800237667987	0.02012
8.70344	1.881658100888114	0.01994
8.70784	1.8807345778408184	0.02014
8.71223	1.8798115563427067	0.02069
8.71663	1.8788848286267557	0.02064
8.72103	1.8779564927600483	0.02011
8.72543	1.877026546074944	0.01985
8.72983	1.8760949859013478	0.0199
8.73422	1.875163932256408	0.02031
8.73862	1.874229140767929	0.021
8.74302	1.8732927277720288	0.02146
8.74742	1.8723546905887982	0.02142
8.75181	1.8714171639825308	0.02129
8.75621	1.870475874081663	0.0211
8.76061	1.8695329519451105	0.02111
8.76501	1.8685883948831483	0.02142
8.76941	1.8676422002035937	0.02148
8.7738	1.8666965212440374	0.02166
8.7782	1.8657470469801067	0.02194
8.7826	1.8647959270134464	0.0218
8.787	1.86384315864206	0.02099
8.7914	1.862888739161497	0.02057
8.79579	1.8619348406358138	0.02111
8.80019	1.8609771145816214	0.02191
8.80459	1.8600177292963298	0.02172
8.80899	1.8590566820656702	0.02103
8.81339	1.858093970172922	0.02089
8.81778	1.8571317845624817	0.02094
8.82218	1.856165738984339	0.02116
8.82658	1.8551980205854013	0.02161
8.83098	1.85422862663913	0.02213
8.83537	1.8532597633037136	0.02235
8.83977	1.8522870138969083	0.02217
8.84417	1.8513125807546396	0.02155
8.84857	1.8503364611405513	0.02119
8.85297	1.8493586523158372	0.02198
8.85736	1.8483813795977342	0.02386
8.86176	1.8474001879802115	0.02473
8.86616	1.8464172989271463	0.02322
8.87056	1.8454327096899168	0.02258
8.87496	1.8444464175174418	0.02258
8.87935	1.8434606670418272	0.0226
8.88375	1.842470964621756	0.02257
8.88815	1.8414795510047401	0.02252
8.89255	1.840486423429884	0.02272
8.89694	1.839493842092076	0.02294
8.90134	1.8384972822200967	0.02264
8.90574	1.8374990000991551	0.0225
8.91014	1.8364989929585405	0.02292
8.91454	1.835497258025086	0.02345
8.91893	1.8344960750907675	0.02408
8.92333	1.8334908801848913	0.02425
8.92773	1.8324839491582692	0.02344
8.93213	1.8314752792279196	0.02395
8.93653	1.830464867608405	0.02476
8.94092	1.8294550138465597	0.02479
8.94532	1.8284411144568116	0.0247
8.94972	1.8274254650132098	0.02515
8.95412	1.8264080627204973	0.02454
8.95852	1.82538890478097	0.0239
8.96291	1.8243703106547886	0.02445
8.96731	1.823347637024706	0.02463
8.97171	1.8223231993463314	0.02442
8.97611	1.8212969948121425	0.02395
8.9805	1.8202713589256965	0.02381
8.9849	1.8192416162790395	0.02608
8.9893	1.8182100983456666	0.02789
8.9937	1.8171768023082413	0.02634
8.9981	1.8161417253469696	0.02459
9.00249	1.8151072231657188	0.02404
9.00689	1.814068579951145	0.02468
9.01129	1.8130281473450391	0.02531
9.01569	1.8119859225177937	0.0253
9.02009	1.810941902637343	0.0251
9.02448	1.8098984637682851	0.02352
9.02888	1.8088508493711857	0.02261
9.03328	1.8078014314164135	0.0229
9.03768	1.8067502070620882	0.02405
9.04208	1.805697173463875	0.0248
9.04647	1.804644727208213	0.02455
9.05087	1.803588070707492	0.02456
9.05527	1.8025295964216306	0.02562
9.05967	1.801469301496476	0.02636
9.06406	1.8004095990505307	0.0255
9.06846	1.7993456584285703	0.02558
9.07286	1.7982798885966413	0.02549
9.07726	1.7972122866907763	0.02461
9.08166	1.796142849844556	0.02439
9.08605	1.7950740119900686	0.02624
9.09045	1.7940009008406712	0.02775
9.09485	1.7929259461434575	0.02547
9.09925	1.7918491450221878	0.02422
9.10365	1.7907704945981722	0.0246
9.10804	1.7896924497801538	0.02487
9.11244	1.7886100963240807	0.02608
9.11684	1.7875258849210154	0.02847
9.12124	1.7864398126824488	0.03073
9.12564	1.785351876717419	0.0285
9.13003	1.7842645530750905	0.02529
9.13443	1.7831728852266093	0.02398
9.13883	1.7820793449706356	0.0239
9.14323	1.7809839294063907	0.02433
9.14762	1.7798891316118044	0.02629
9.15202	1.7787899609974227	0.02772
9.15642	1.7776889063643153	0.02792
9.16082	1.7765859648018885	0.02716
9.16522	1.7754811333970926	0.02562
9.16961	1.774376926664788	0.02527
9.17401	1.7732683111379515	0.02634
9.17841	1.7721577970215074	0.02744
9.18281	1.7710453813925917	0.02716
9.18721	1.769931061325885	0.02661
9.1916	1.7688173729388859	0.02715
9.196	1.7676992395557205	0.02731
9.2004	1.7665791929507404	0.02819
9.2048	1.7654572301888114	0.03129
9.2092	1.7643333483323418	0.03103
9.21359	1.7632101052678806	0.02842
9.21799	1.762082380778023	0.02693
9.22239	1.7609527283728192	0.0268
9.22679	1.7598211451048615	0.02894
9.23118	1.75869020639422	0.03229
9.23558	1.757554756953803	0.02977
9.23998	1.7564173678004023	0.02707
9.24438	1.755278035976794	0.02682
9.24878	1.7541367585233023	0.0282
9.25317	1.7529961329303232	0.02907
9.25757	1.751850959766934	0.0272
11.2	1.0089656670183191	0.176
11.4	0.905	0.209
11.6	0.7839999999999999	0.256
11.8	0.649	0.328
12.	0.513	0.44
12.2	0.406	0.591
12.4	0.34	0.751
12.6	0.301	0.902
12.8	0.278	1.04
13.	0.26400000000000007	1.17
13.2	0.255	1.3
13.4	0.24999999999999997	1.42
13.6	0.249	1.53
13.8	0.25	1.65
14.	0.253	1.76
14.2	0.258	1.87
14.4	0.26499999999999996	1.98
14.6	0.275	2.09
14.8	0.287	2.21
15.	0.30299999999999994	2.32
15.2	0.32200000000000006	2.44
15.4	0.3469999999999999	2.56
15.6	0.378	2.69
15.8	0.418	2.81
16.	0.4680000000000001	2.94
16.2	0.533	3.07
16.4	0.6139999999999999	3.19
16.6	0.7099999999999999	3.3
16.8	0.814	3.39
17.	0.908	3.45
17.2	0.9720000000000001	3.49
17.4	1.	3.54
17.6	1.0000000000000002	3.62
17.8	1.	3.76
18.	1.02	3.94
18.2	1.06	4.16
18.4	1.15	4.43
18.6	1.3100000000000003	4.74
18.8	1.56	5.1
19.	1.96	5.51
19.2	2.6200000000000006	5.91
19.4	3.64	6.12
19.6	4.96	5.72
19.8	5.88	4.51
20.	5.950000000000001	3.17
20.2	5.53	2.21
20.4	5.010000000000001	1.63
20.6	4.51	1.27
20.8	4.06	1.05
21.	3.66	0.909
21.2	3.29	0.826
21.4	2.9600000000000004	0.783
21.6	2.64	0.772
21.8	2.33	0.792
22.	2.03	0.846
22.2	1.73	0.941
22.4	1.45	1.09
22.6	1.21	1.28
22.8	1.0299999999999998	1.51
23.	0.904	1.75
23.2	0.822	1.98
23.4	0.772	2.19
23.6	0.7440000000000001	2.4
23.8	0.733	2.59
24.	0.737	2.78
24.2	0.756	2.96
24.4	0.7899999999999999	3.14
24.6	0.8410000000000001	3.32
24.8	0.916	3.51
25.	1.02	3.7
25.2	1.17	3.9
25.4	1.3899999999999997	4.09
25.6	1.7	4.26
25.8	2.15	4.33
26.	2.7	4.18
26.2	3.18	3.67
26.4	3.3	2.93
26.6	3.0200000000000005	2.26
26.8	2.52	1.84
27.	1.95	1.66
27.2	1.4000000000000001	1.72
27.4	0.968	1.95
27.6	0.704	2.24
27.8	0.5529999999999999	2.51
28.	0.465	2.75
28.2	0.411	2.95
28.4	0.37699999999999995	3.13
28.6	0.35600000000000004	3.3
28.8	0.344	3.44
29.	0.336	3.58
29.2	0.3330000000000001	3.71
29.4	0.332	3.83
29.6	0.334	3.94
29.8	0.336	4.05
30.	0.3410000000000001	4.15
30.2	0.346	4.25
30.4	0.3509999999999999	4.35
30.6	0.358	4.45
30.8	0.36500000000000005	4.54
31.	0.372	4.63
31.2	0.38	4.72
31.4	0.389	4.81
31.6	0.39799999999999996	4.9
31.8	0.407	4.98
32.	0.4159999999999999	5.07
32.2	0.426	5.16
32.4	0.43599999999999994	5.24
32.6	0.446	5.33
32.8	0.4570000000000001	5.41
33.	0.4680000000000001	5.49
33.2	0.4799999999999999	5.58
33.4	0.49100000000000005	5.66
33.6	0.5030000000000001	5.75
33.8	0.516	5.83
34.	0.528	5.92
34.2	0.5410000000000001	6.
34.4	0.555	6.09
34.6	0.569	6.17
34.8	0.5829999999999999	6.26
35.	0.598	6.34
35.2	0.6129999999999999	6.43
35.4	0.6280000000000001	6.52
35.6	0.6439999999999999	6.6
35.8	0.6610000000000001	6.69
36.	0.678	6.78
36.2	0.695	6.87
