443 .False. # Number of lines, conductive flag
# 5 line header for n-k original data
# Thin film VO2[s] (proxy for VO[s]) - Wan et al. (2019) - Sample 2, non-conducting
# Taken from: https://onlinelibrary.wiley.com/doi/epdf/10.1002/andp.201900188
# wl(um)      n                k
0.3 1.47 1.01
0.31 1.49 1.05
0.32 1.53 1.08
0.33 1.59 1.11
0.34 1.65 1.12
0.35 1.7 1.13
0.36 1.76 1.12
0.37 1.8 1.11
0.38 1.84 1.11
0.39 1.88 1.1
0.4 1.92 1.1
0.41 1.96 1.09
0.42 2.0 1.07
0.43 2.03 1.05
0.44 2.05 1.03
0.45 2.07 1.0
0.46 2.08 0.98
0.47 2.08 0.97
0.48 2.08 0.97
0.49 2.08 0.97
0.5 2.09 0.97
0.51 2.1 0.98
0.52 2.12 0.99
0.53 2.14 1.0
0.54 2.16 1.0
0.55 2.19 1.0
0.56 2.21 1.0
0.57 2.24 1.0
0.58 2.27 0.99
0.59 2.29 0.97
0.6 2.31 0.96
0.61 2.33 0.94
0.62 2.34 0.93
0.63 2.35 0.91
0.64 2.36 0.89
0.65 2.37 0.88
0.66 2.37 0.86
0.67 2.38 0.85
0.68 2.38 0.83
0.69 2.38 0.82
0.7 2.38 0.82
0.71 2.38 0.81
0.72 2.37 0.8
0.73 2.37 0.8
0.74 2.37 0.8
0.75 2.37 0.79
0.76 2.37 0.79
0.77 2.37 0.8
0.78 2.37 0.8
0.79 2.37 0.8
0.8 2.37 0.8
0.81 2.37 0.81
0.82 2.37 0.81
0.83 2.38 0.82
0.84 2.38 0.82
0.85 2.38 0.83
0.86 2.39 0.83
0.87 2.4 0.84
0.88 2.4 0.84
0.89 2.41 0.84
0.9 2.42 0.85
0.91 2.43 0.85
0.92 2.43 0.86
0.93 2.44 0.86
0.94 2.45 0.86
0.95 2.46 0.87
0.96 2.47 0.87
0.97 2.48 0.87
0.98 2.49 0.87
0.99 2.5 0.88
1.0 2.51 0.88
1.01 2.52 0.88
1.02 2.53 0.88
1.03 2.54 0.88
1.04 2.55 0.88
1.05 2.56 0.88
1.06 2.57 0.89
1.07 2.58 0.89
1.08 2.59 0.89
1.09 2.6 0.89
1.1 2.61 0.89
1.11 2.62 0.89
1.12 2.63 0.89
1.13 2.64 0.89
1.14 2.66 0.89
1.15 2.67 0.89
1.16 2.68 0.89
1.17 2.69 0.88
1.18 2.7 0.88
1.19 2.72 0.88
1.2 2.73 0.88
1.21 2.74 0.87
1.22 2.75 0.87
1.23 2.77 0.87
1.24 2.78 0.86
1.25 2.79 0.86
1.26 2.8 0.85
1.27 2.81 0.85
1.28 2.83 0.84
1.29 2.84 0.83
1.3 2.85 0.83
1.31 2.86 0.82
1.32 2.87 0.81
1.33 2.88 0.81
1.34 2.89 0.8
1.43 2.96 0.72
1.44 2.97 0.71
1.45 2.97 0.7
1.46 2.98 0.69
1.47 2.98 0.68
1.48 2.98 0.67
1.49 2.99 0.66
1.5 2.99 0.65
1.51 3.0 0.64
1.52 3.0 0.63
1.53 3.0 0.62
1.54 3.0 0.61
1.55 3.01 0.61
1.56 3.01 0.6
1.57 3.01 0.59
1.58 3.01 0.58
1.59 3.01 0.57
1.6 3.02 0.56
1.61 3.02 0.56
1.62 3.02 0.55
1.63 3.02 0.54
1.64 3.02 0.53
1.65 3.02 0.53
1.66 3.02 0.52
1.67 3.02 0.51
1.68 3.02 0.51
1.69 3.02 0.5
1.7 3.02 0.49
1.71 3.02 0.49
1.72 3.02 0.48
1.73 3.02 0.48
1.74 3.02 0.47
1.75 3.02 0.46
1.76 3.02 0.46
1.77 3.02 0.45
1.78 3.02 0.45
1.79 3.02 0.44
1.8 3.02 0.44
1.81 3.02 0.43
1.82 3.02 0.43
1.83 3.02 0.42
1.84 3.02 0.42
1.85 3.02 0.41
1.86 3.02 0.41
1.87 3.01 0.4
1.88 3.01 0.4
1.89 3.01 0.4
1.9 3.01 0.39
1.91 3.01 0.39
1.92 3.01 0.38
1.93 3.01 0.38
1.94 3.01 0.38
1.95 3.01 0.37
1.96 3.01 0.37
1.97 3.01 0.36
1.98 3.01 0.36
1.99 3.0 0.36
2.0 3.0 0.35
2.1 2.99 0.31
2.2 2.98 0.29
2.3 2.97 0.27
2.4 2.96 0.25
2.5 2.95 0.24
2.6 2.94 0.22
2.7 2.93 0.21
2.8 2.92 0.2
2.9 2.91 0.19
3.0 2.91 0.18
3.1 2.9 0.17
3.2 2.89 0.17
3.3 2.88 0.16
3.4 2.87 0.15
3.5 2.87 0.15
3.6 2.86 0.14
3.7 2.85 0.14
3.8 2.85 0.14
3.9 2.84 0.13
4.0 2.84 0.13
4.1 2.83 0.13
4.2 2.82 0.12
4.3 2.82 0.12
4.4 2.81 0.12
4.5 2.81 0.12
4.6 2.8 0.11
4.7 2.8 0.11
4.8 2.79 0.11
4.9 2.79 0.11
5.0 2.78 0.11
5.1 2.77 0.1
5.2 2.77 0.1
5.3 2.76 0.1
5.4 2.76 0.1
5.5 2.75 0.1
5.6 2.75 0.1
5.7 2.74 0.1
5.8 2.74 0.1
5.9 2.73 0.1
6.0 2.72 0.09
6.1 2.72 0.09
6.2 2.71 0.09
6.3 2.71 0.09
6.4 2.7 0.09
6.5 2.69 0.09
6.6 2.69 0.09
6.7 2.68 0.09
6.8 2.67 0.09
6.9 2.67 0.09
7.0 2.66 0.09
7.1 2.65 0.09
7.2 2.65 0.09
7.3 2.64 0.09
7.4 2.63 0.09
7.5 2.63 0.09
7.6 2.62 0.09
7.7 2.61 0.09
7.8 2.6 0.09
7.9 2.59 0.09
8.0 2.58 0.09
8.1 2.58 0.09
8.2 2.57 0.09
8.3 2.56 0.1
8.4 2.55 0.1
8.5 2.54 0.1
8.6 2.53 0.1
8.7 2.52 0.1
8.8 2.51 0.1
8.9 2.5 0.1
9.0 2.49 0.1
9.1 2.48 0.11
9.2 2.46 0.11
9.3 2.45 0.11
9.4 2.44 0.11
9.5 2.43 0.12
9.6 2.41 0.12
9.7 2.4 0.12
9.8 2.39 0.12
9.9 2.37 0.13
10.0 2.36 0.13
10.1 2.34 0.13
10.2 2.32 0.14
10.3 2.31 0.14
10.4 2.29 0.15
10.5 2.27 0.15
10.6 2.25 0.16
10.7 2.23 0.17
10.8 2.21 0.17
10.9 2.19 0.18
11.0 2.17 0.19
11.1 2.15 0.2
11.2 2.13 0.21
11.3 2.1 0.22
11.4 2.08 0.23
11.5 2.05 0.24
11.6 2.03 0.26
11.7 2.0 0.27
11.8 1.97 0.29
11.9 1.94 0.31
12.0 1.91 0.33
12.1 1.88 0.35
12.2 1.84 0.38
12.3 1.81 0.41
12.4 1.78 0.44
12.5 1.74 0.48
12.6 1.71 0.52
12.7 1.68 0.56
12.8 1.64 0.61
12.9 1.62 0.67
13.0 1.59 0.72
13.1 1.56 0.79
13.2 1.55 0.85
13.3 1.53 0.92
13.4 1.52 1.0
13.5 1.52 1.07
13.6 1.53 1.15
13.7 1.54 1.22
13.8 1.55 1.3
13.9 1.57 1.37
14.0 1.6 1.44
14.1 1.63 1.51
14.2 1.66 1.57
14.3 1.7 1.63
14.4 1.74 1.69
14.5 1.78 1.75
14.6 1.81 1.81
14.7 1.85 1.87
14.8 1.89 1.93
14.9 1.94 2.0
15.0 1.99 2.07
15.1 2.06 2.15
15.2 2.14 2.23
15.3 2.24 2.3
15.4 2.36 2.35
15.5 2.49 2.37
15.6 2.61 2.37
15.7 2.7 2.36
15.8 2.78 2.35
15.9 2.85 2.37
16.0 2.95 2.4
16.1 3.08 2.44
16.2 3.26 2.46
16.3 3.48 2.41
16.4 3.68 2.29
16.5 3.84 2.1
16.6 3.93 1.88
16.7 3.96 1.67
16.8 3.93 1.48
16.9 3.87 1.31
17.0 3.8 1.19
17.1 3.71 1.08
17.2 3.63 1.0
17.3 3.54 0.94
17.4 3.45 0.89
17.5 3.37 0.86
17.6 3.29 0.84
17.7 3.21 0.82
17.8 3.13 0.82
17.9 3.06 0.82
18.0 2.99 0.83
18.1 2.91 0.85
18.2 2.84 0.88
18.3 2.78 0.92
18.4 2.71 0.97
18.5 2.65 1.03
18.6 2.6 1.1
18.7 2.56 1.19
18.8 2.54 1.29
18.9 2.53 1.4
19.0 2.55 1.51
19.1 2.59 1.63
19.2 2.67 1.74
19.3 2.78 1.84
19.4 2.91 1.9
19.5 3.06 1.93
19.6 3.21 1.92
19.7 3.36 1.87
19.8 3.48 1.78
19.9 3.56 1.68
20.0 3.62 1.56
20.1 3.64 1.44
20.2 3.64 1.33
20.3 3.62 1.23
20.4 3.58 1.15
20.5 3.54 1.08
20.6 3.49 1.03
20.7 3.44 0.98
20.8 3.38 0.94
20.9 3.33 0.92
21.0 3.28 0.9
21.1 3.22 0.88
21.2 3.17 0.87
21.3 3.12 0.87
21.4 3.08 0.87
21.5 3.03 0.88
21.6 2.98 0.89
21.7 2.94 0.9
21.8 2.9 0.91
21.9 2.86 0.93
22.0 2.82 0.95
22.1 2.78 0.98
22.2 2.74 1.0
22.3 2.71 1.03
22.4 2.68 1.07
22.5 2.64 1.1
22.6 2.62 1.14
22.7 2.59 1.18
22.8 2.56 1.23
22.9 2.54 1.27
23.0 2.52 1.32
23.1 2.51 1.38
23.2 2.5 1.43
23.3 2.49 1.49
23.4 2.49 1.55
23.5 2.5 1.62
23.6 2.51 1.68
23.7 2.54 1.74
23.8 2.57 1.8
23.9 2.61 1.86
24.0 2.65 1.91
24.1 2.7 1.95
24.2 2.76 1.99
24.3 2.83 2.02
24.4 2.89 2.03
24.5 2.96 2.03
24.6 3.02 2.02
24.7 3.08 2.0
24.8 3.12 1.98
24.9 3.16 1.94
25.0 3.19 1.9
25.1 3.21 1.85
25.2 3.22 1.81
25.3 3.22 1.77
25.4 3.2 1.73
25.5 3.18 1.69
25.6 3.15 1.66
25.7 3.12 1.63
25.8 3.08 1.62
25.9 3.03 1.6
26.0 2.99 1.6
26.1 2.94 1.6
26.2 2.88 1.61
26.3 2.83 1.63
26.4 2.77 1.65
26.5 2.72 1.69
26.6 2.67 1.73
26.7 2.61 1.77
26.8 2.56 1.83
26.9 2.52 1.89
27.0 2.47 1.96
27.1 2.43 2.04
27.2 2.4 2.12
27.3 2.37 2.21
27.4 2.35 2.3
27.5 2.33 2.4
27.6 2.32 2.51
27.7 2.32 2.61
27.8 2.33 2.73
27.9 2.34 2.84
28.0 2.37 2.96
28.1 2.4 3.08
28.2 2.44 3.2
28.3 2.49 3.32
28.4 2.55 3.44
28.5 2.62 3.57
28.6 2.7 3.69
28.7 2.79 3.81
28.8 2.9 3.93
28.9 3.01 4.05
29.0 3.14 4.16
29.1 3.28 4.26
29.2 3.44 4.36
29.3 3.61 4.45
29.4 3.79 4.53
29.5 3.98 4.59
29.6 4.18 4.64
29.7 4.4 4.67
29.8 4.62 4.67
29.9 4.85 4.66
30.0 5.07 4.62
