# Cross sections for PH
# Converted from earlier Leiden database cross sections by Alan Heays 2016-02-24
# Photodissociation source: PH P.D. CF. NH SHIFTED
# Lines represented with gaussian of width 1.0 nm FWHM
# wavelength: (nm)
# photoabsorption:    cross section (cm2)
# photodissociation:  cross section (cm2)
# 
# wavelength   photoabsorption photodissociation
 117.0000000       2.77982e-27       2.77982e-27
 117.1000000       9.69511e-27       9.69511e-27
 117.2000000       4.60181e-26       4.60181e-26
 117.3000000       2.06821e-25       2.06821e-25
 117.4000000       8.80141e-25       8.80141e-25
 117.5000000       3.54650e-24       3.54650e-24
 117.6000000       1.35312e-23       1.35312e-23
 117.7000000       4.88833e-23       4.88833e-23
 117.8000000       1.67214e-22       1.67214e-22
 117.9000000       5.41588e-22       5.41588e-22
 118.0000000       1.66092e-21       1.66092e-21
 118.1000000       4.82293e-21       4.82293e-21
 118.2000000       1.32602e-20       1.32602e-20
 118.3000000       3.45198e-20       3.45198e-20
 118.4000000       8.50863e-20       8.50863e-20
 118.5000000       1.98574e-19       1.98574e-19
 118.6000000       4.38788e-19       4.38788e-19
 118.7000000       9.18023e-19       9.18023e-19
 118.8000000       1.81851e-18       1.81851e-18
 118.9000000       3.41068e-18       3.41068e-18
 119.0000000       6.05653e-18       6.05653e-18
 119.1000000       1.01827e-17       1.01827e-17
 119.2000000       1.62091e-17       1.62091e-17
 119.3000000       2.44291e-17       2.44291e-17
 119.4000000       3.48582e-17       3.48582e-17
 119.5000000       4.70926e-17       4.70926e-17
 119.6000000       6.02349e-17       6.02349e-17
 119.7000000       7.29441e-17       7.29441e-17
 119.8000000       8.36331e-17       8.36331e-17
 119.9000000       9.07843e-17       9.07843e-17
 120.0000000       9.33015e-17       9.33015e-17
 120.1000000       9.07843e-17       9.07843e-17
 120.2000000       8.36331e-17       8.36331e-17
 120.3000000       7.29441e-17       7.29441e-17
 120.4000000       6.02349e-17       6.02349e-17
 120.5000000       4.70926e-17       4.70926e-17
 120.6000000       3.48582e-17       3.48582e-17
 120.7000000       2.44291e-17       2.44291e-17
 120.8000000       1.62091e-17       1.62091e-17
 120.9000000       1.01827e-17       1.01827e-17
 121.0000000       6.05653e-18       6.05653e-18
 121.1000000       3.41068e-18       3.41068e-18
 121.2000000       1.81851e-18       1.81851e-18
 121.3000000       9.18023e-19       9.18023e-19
 121.4000000       4.38788e-19       4.38788e-19
 121.5000000       1.98574e-19       1.98574e-19
 121.6000000       8.50863e-20       8.50863e-20
 121.7000000       3.45198e-20       3.45198e-20
 121.8000000       1.32602e-20       1.32602e-20
 121.9000000       4.82293e-21       4.82293e-21
 122.0000000       1.66092e-21       1.66092e-21
 122.1000000       5.41588e-22       5.41588e-22
 122.2000000       1.67214e-22       1.67214e-22
 122.3000000       4.88833e-23       4.88833e-23
 122.4000000       1.35312e-23       1.35312e-23
 122.5000000       3.54650e-24       3.54650e-24
 122.6000000       8.80141e-25       8.80141e-25
 122.7000000       2.06821e-25       2.06821e-25
 122.8000000       4.60181e-26       4.60181e-26
 122.9000000       9.96282e-27       9.96282e-27
 123.0000000       3.50908e-27       3.50908e-27
 123.1000000       4.38681e-28       4.38681e-28
 123.2000000       0.00000e+00       0.00000e+00
 123.3000000       0.00000e+00       0.00000e+00
 123.4000000       0.00000e+00       0.00000e+00
 123.5000000       0.00000e+00       0.00000e+00
 123.6000000       0.00000e+00       0.00000e+00
 123.7000000       0.00000e+00       0.00000e+00
 123.8000000       0.00000e+00       0.00000e+00
 123.9000000       0.00000e+00       0.00000e+00
 124.0000000       0.00000e+00       0.00000e+00
 124.1000000       0.00000e+00       0.00000e+00
 124.2000000       0.00000e+00       0.00000e+00
 124.3000000       0.00000e+00       0.00000e+00
 124.4000000       0.00000e+00       0.00000e+00
 124.5000000       0.00000e+00       0.00000e+00
 124.6000000       0.00000e+00       0.00000e+00
 124.7000000       0.00000e+00       0.00000e+00
 124.8000000       0.00000e+00       0.00000e+00
 124.9000000       0.00000e+00       0.00000e+00
 125.0000000       0.00000e+00       0.00000e+00
 125.1000000       0.00000e+00       0.00000e+00
 125.2000000       0.00000e+00       0.00000e+00
 125.3000000       0.00000e+00       0.00000e+00
 125.4000000       0.00000e+00       0.00000e+00
 125.5000000       0.00000e+00       0.00000e+00
 125.6000000       0.00000e+00       0.00000e+00
 125.7000000       0.00000e+00       0.00000e+00
 125.8000000       0.00000e+00       0.00000e+00
 125.9000000       0.00000e+00       0.00000e+00
 126.0000000       0.00000e+00       0.00000e+00
 126.1000000       0.00000e+00       0.00000e+00
 126.2000000       0.00000e+00       0.00000e+00
 126.3000000       0.00000e+00       0.00000e+00
 126.4000000       0.00000e+00       0.00000e+00
 126.5000000       0.00000e+00       0.00000e+00
 126.6000000       0.00000e+00       0.00000e+00
 126.7000000       0.00000e+00       0.00000e+00
 126.8000000       0.00000e+00       0.00000e+00
 126.9000000       0.00000e+00       0.00000e+00
 127.0000000       0.00000e+00       0.00000e+00
 127.1000000       0.00000e+00       0.00000e+00
 127.2000000       0.00000e+00       0.00000e+00
 127.3000000       0.00000e+00       0.00000e+00
 127.4000000       0.00000e+00       0.00000e+00
 127.5000000       0.00000e+00       0.00000e+00
 127.6000000       0.00000e+00       0.00000e+00
 127.7000000       0.00000e+00       0.00000e+00
 127.8000000       0.00000e+00       0.00000e+00
 127.9000000       0.00000e+00       0.00000e+00
 128.0000000       0.00000e+00       0.00000e+00
 128.1000000       0.00000e+00       0.00000e+00
 128.2000000       0.00000e+00       0.00000e+00
 128.3000000       0.00000e+00       0.00000e+00
 128.4000000       0.00000e+00       0.00000e+00
 128.5000000       0.00000e+00       0.00000e+00
 128.6000000       0.00000e+00       0.00000e+00
 128.7000000       0.00000e+00       0.00000e+00
 128.8000000       0.00000e+00       0.00000e+00
 128.9000000       0.00000e+00       0.00000e+00
 129.0000000       0.00000e+00       0.00000e+00
 129.1000000       0.00000e+00       0.00000e+00
 129.2000000       0.00000e+00       0.00000e+00
 129.3000000       0.00000e+00       0.00000e+00
 129.4000000       0.00000e+00       0.00000e+00
 129.5000000       0.00000e+00       0.00000e+00
 129.6000000       0.00000e+00       0.00000e+00
 129.7000000       0.00000e+00       0.00000e+00
 129.8000000       0.00000e+00       0.00000e+00
 129.9000000       0.00000e+00       0.00000e+00
 130.0000000       4.16667e-22       4.16667e-22
 130.1000000       3.33333e-21       3.33333e-21
 130.2000000       6.66667e-21       6.66667e-21
 130.3000000       1.00000e-20       1.00000e-20
 130.4000000       1.33333e-20       1.33333e-20
 130.5000000       1.66667e-20       1.66667e-20
 130.6000000       2.00000e-20       2.00000e-20
 130.7000000       2.33333e-20       2.33333e-20
 130.8000000       2.66667e-20       2.66667e-20
 130.9000000       3.00000e-20       3.00000e-20
 131.0000000       3.33333e-20       3.33333e-20
 131.1000000       3.66667e-20       3.66667e-20
 131.2000000       4.00000e-20       4.00000e-20
 131.3000000       4.33333e-20       4.33333e-20
 131.4000000       4.66667e-20       4.66667e-20
 131.5000000       5.00000e-20       5.00000e-20
 131.6000000       5.33333e-20       5.33333e-20
 131.7000000       5.66667e-20       5.66667e-20
 131.8000000       6.00000e-20       6.00000e-20
 131.9000000       6.33333e-20       6.33333e-20
 132.0000000       6.66667e-20       6.66667e-20
 132.1000000       7.00000e-20       7.00000e-20
 132.2000000       7.33333e-20       7.33333e-20
 132.3000000       7.66667e-20       7.66667e-20
 132.4000000       8.00000e-20       8.00000e-20
 132.5000000       8.33333e-20       8.33333e-20
 132.6000000       8.66667e-20       8.66667e-20
 132.7000000       9.00000e-20       9.00000e-20
 132.8000000       9.33333e-20       9.33333e-20
 132.9000000       9.66667e-20       9.66667e-20
 133.0000000       1.01942e-19       1.01942e-19
 133.1000000       1.18870e-19       1.18870e-19
 133.2000000       1.37739e-19       1.37739e-19
 133.3000000       1.56609e-19       1.56609e-19
 133.4000000       1.75478e-19       1.75478e-19
 133.5000000       1.94348e-19       1.94348e-19
 133.6000000       2.13217e-19       2.13217e-19
 133.7000000       2.32087e-19       2.32087e-19
 133.8000000       2.50957e-19       2.50957e-19
 133.9000000       2.69826e-19       2.69826e-19
 134.0000000       2.88696e-19       2.88696e-19
 134.1000000       3.07565e-19       3.07565e-19
 134.2000000       3.26435e-19       3.26435e-19
 134.3000000       3.45304e-19       3.45304e-19
 134.4000000       3.64174e-19       3.64174e-19
 134.5000000       3.83043e-19       3.83043e-19
 134.6000000       4.01913e-19       4.01913e-19
 134.7000000       4.20783e-19       4.20783e-19
 134.8000000       4.39652e-19       4.39652e-19
 134.9000000       4.58522e-19       4.58522e-19
 135.0000000       4.77391e-19       4.77391e-19
 135.1000000       4.96261e-19       4.96261e-19
 135.2000000       5.15130e-19       5.15130e-19
 135.3000000       5.35095e-19       5.35095e-19
 135.4000000       5.61630e-19       5.61630e-19
 135.5000000       5.89259e-19       5.89259e-19
 135.6000000       6.16889e-19       6.16889e-19
 135.7000000       6.44519e-19       6.44519e-19
 135.8000000       6.72148e-19       6.72148e-19
 135.9000000       6.99778e-19       6.99778e-19
 136.0000000       7.27407e-19       7.27407e-19
 136.1000000       7.55037e-19       7.55037e-19
 136.2000000       7.82667e-19       7.82667e-19
 136.3000000       8.10296e-19       8.10296e-19
 136.4000000       8.37926e-19       8.37926e-19
 136.5000000       8.65556e-19       8.65556e-19
 136.6000000       8.93185e-19       8.93185e-19
 136.7000000       9.20815e-19       9.20815e-19
 136.8000000       9.48444e-19       9.48444e-19
 136.9000000       9.76074e-19       9.76074e-19
 137.0000000       1.00370e-18       1.00370e-18
 137.1000000       1.03133e-18       1.03133e-18
 137.2000000       1.05896e-18       1.05896e-18
 137.3000000       1.08659e-18       1.08659e-18
 137.4000000       1.11422e-18       1.11422e-18
 137.5000000       1.14185e-18       1.14185e-18
 137.6000000       1.16948e-18       1.16948e-18
 137.7000000       1.19711e-18       1.19711e-18
 137.8000000       1.22474e-18       1.22474e-18
 137.9000000       1.25237e-18       1.25237e-18
 138.0000000       1.28090e-18       1.28090e-18
 138.1000000       1.31483e-18       1.31483e-18
 138.2000000       1.34966e-18       1.34966e-18
 138.3000000       1.38448e-18       1.38448e-18
 138.4000000       1.41931e-18       1.41931e-18
 138.5000000       1.45414e-18       1.45414e-18
 138.6000000       1.48897e-18       1.48897e-18
 138.7000000       1.52379e-18       1.52379e-18
 138.8000000       1.55862e-18       1.55862e-18
 138.9000000       1.59345e-18       1.59345e-18
 139.0000000       1.62828e-18       1.62828e-18
 139.1000000       1.66310e-18       1.66310e-18
 139.2000000       1.69793e-18       1.69793e-18
 139.3000000       1.73276e-18       1.73276e-18
 139.4000000       1.76759e-18       1.76759e-18
 139.5000000       1.80241e-18       1.80241e-18
 139.6000000       1.83724e-18       1.83724e-18
 139.7000000       1.87207e-18       1.87207e-18
 139.8000000       1.90690e-18       1.90690e-18
 139.9000000       1.94172e-18       1.94172e-18
 140.0000000       1.97655e-18       1.97655e-18
 140.1000000       2.01138e-18       2.01138e-18
 140.2000000       2.04621e-18       2.04621e-18
 140.3000000       2.08103e-18       2.08103e-18
 140.4000000       2.11586e-18       2.11586e-18
 140.5000000       2.15069e-18       2.15069e-18
 140.6000000       2.18552e-18       2.18552e-18
 140.7000000       2.22034e-18       2.22034e-18
 140.8000000       2.25517e-18       2.25517e-18
 140.9000000       2.29210e-18       2.29210e-18
 141.0000000       2.34167e-18       2.34167e-18
 141.1000000       2.39333e-18       2.39333e-18
 141.2000000       2.44500e-18       2.44500e-18
 141.3000000       2.49667e-18       2.49667e-18
 141.4000000       2.54833e-18       2.54833e-18
 141.5000000       2.60000e-18       2.60000e-18
 141.6000000       2.65167e-18       2.65167e-18
 141.7000000       2.70333e-18       2.70333e-18
 141.8000000       2.75500e-18       2.75500e-18
 141.9000000       2.80667e-18       2.80667e-18
 142.0000000       2.85833e-18       2.85833e-18
 142.1000000       2.91000e-18       2.91000e-18
 142.2000000       2.96167e-18       2.96167e-18
 142.3000000       3.01333e-18       3.01333e-18
 142.4000000       3.06500e-18       3.06500e-18
 142.5000000       3.11667e-18       3.11667e-18
 142.6000000       3.16833e-18       3.16833e-18
 142.7000000       3.22000e-18       3.22000e-18
 142.8000000       3.27167e-18       3.27167e-18
 142.9000000       3.32333e-18       3.32333e-18
 143.0000000       3.37500e-18       3.37500e-18
 143.1000000       3.42667e-18       3.42667e-18
 143.2000000       3.47833e-18       3.47833e-18
 143.3000000       3.53000e-18       3.53000e-18
 143.4000000       3.58167e-18       3.58167e-18
 143.5000000       3.63333e-18       3.63333e-18
 143.6000000       3.68500e-18       3.68500e-18
 143.7000000       3.73667e-18       3.73667e-18
 143.8000000       3.78833e-18       3.78833e-18
 143.9000000       3.84537e-18       3.84537e-18
 144.0000000       3.93462e-18       3.93462e-18
 144.1000000       4.02923e-18       4.02923e-18
 144.2000000       4.12385e-18       4.12385e-18
 144.3000000       4.21846e-18       4.21846e-18
 144.4000000       4.31308e-18       4.31308e-18
 144.5000000       4.40769e-18       4.40769e-18
 144.6000000       4.50231e-18       4.50231e-18
 144.7000000       4.59692e-18       4.59692e-18
 144.8000000       4.69154e-18       4.69154e-18
 144.9000000       4.78615e-18       4.78615e-18
 145.0000000       4.88077e-18       4.88077e-18
 145.1000000       4.97538e-18       4.97538e-18
 145.2000000       5.07000e-18       5.07000e-18
 145.3000000       5.16462e-18       5.16462e-18
 145.4000000       5.25923e-18       5.25923e-18
 145.5000000       5.35385e-18       5.35385e-18
 145.6000000       5.44846e-18       5.44846e-18
 145.7000000       5.54308e-18       5.54308e-18
 145.8000000       5.63769e-18       5.63769e-18
 145.9000000       5.73231e-18       5.73231e-18
 146.0000000       5.82692e-18       5.82692e-18
 146.1000000       5.92154e-18       5.92154e-18
 146.2000000       6.01615e-18       6.01615e-18
 146.3000000       6.11077e-18       6.11077e-18
 146.4000000       6.20538e-18       6.20538e-18
 146.5000000       6.30740e-18       6.30740e-18
 146.6000000       6.45385e-18       6.45385e-18
 146.7000000       6.60769e-18       6.60769e-18
 146.8000000       6.76154e-18       6.76154e-18
 146.9000000       6.91538e-18       6.91538e-18
 147.0000000       7.06923e-18       7.06923e-18
 147.1000000       7.22308e-18       7.22308e-18
 147.2000000       7.37692e-18       7.37692e-18
 147.3000000       7.53077e-18       7.53077e-18
 147.4000000       7.68462e-18       7.68462e-18
 147.5000000       7.83846e-18       7.83846e-18
 147.6000000       7.99231e-18       7.99231e-18
 147.7000000       8.14615e-18       8.14615e-18
 147.8000000       8.30000e-18       8.30000e-18
 147.9000000       8.45385e-18       8.45385e-18
 148.0000000       8.60769e-18       8.60769e-18
 148.1000000       8.76154e-18       8.76154e-18
 148.2000000       8.91538e-18       8.91538e-18
 148.3000000       9.06923e-18       9.06923e-18
 148.4000000       9.22308e-18       9.22308e-18
 148.5000000       9.37692e-18       9.37692e-18
 148.6000000       9.53077e-18       9.53077e-18
 148.7000000       9.68462e-18       9.68462e-18
 148.8000000       9.83846e-18       9.83846e-18
 148.9000000       9.99231e-18       9.99231e-18
 149.0000000       1.01462e-17       1.01462e-17
 149.1000000       1.02967e-17       1.02967e-17
 149.2000000       1.04273e-17       1.04273e-17
 149.3000000       1.05545e-17       1.05545e-17
 149.4000000       1.06818e-17       1.06818e-17
 149.5000000       1.08091e-17       1.08091e-17
 149.6000000       1.09364e-17       1.09364e-17
 149.7000000       1.10636e-17       1.10636e-17
 149.8000000       1.11909e-17       1.11909e-17
 149.9000000       1.13182e-17       1.13182e-17
 150.0000000       1.14455e-17       1.14455e-17
 150.1000000       1.15727e-17       1.15727e-17
 150.2000000       1.17000e-17       1.17000e-17
 150.3000000       1.18273e-17       1.18273e-17
 150.4000000       1.19545e-17       1.19545e-17
 150.5000000       1.20818e-17       1.20818e-17
 150.6000000       1.22091e-17       1.22091e-17
 150.7000000       1.23364e-17       1.23364e-17
 150.8000000       1.24636e-17       1.24636e-17
 150.9000000       1.25909e-17       1.25909e-17
 151.0000000       1.27182e-17       1.27182e-17
 151.1000000       1.28455e-17       1.28455e-17
 151.2000000       1.29727e-17       1.29727e-17
 151.3000000       1.30984e-17       1.30984e-17
 151.4000000       1.32143e-17       1.32143e-17
 151.5000000       1.33286e-17       1.33286e-17
 151.6000000       1.34429e-17       1.34429e-17
 151.7000000       1.35571e-17       1.35571e-17
 151.8000000       1.36714e-17       1.36714e-17
 151.9000000       1.37857e-17       1.37857e-17
 152.0000000       1.39000e-17       1.39000e-17
 152.1000000       1.40143e-17       1.40143e-17
 152.2000000       1.41286e-17       1.41286e-17
 152.3000000       1.42429e-17       1.42429e-17
 152.4000000       1.43571e-17       1.43571e-17
 152.5000000       1.44714e-17       1.44714e-17
 152.6000000       1.45857e-17       1.45857e-17
 152.7000000       1.46751e-17       1.46751e-17
 152.8000000       1.46154e-17       1.46154e-17
 152.9000000       1.45308e-17       1.45308e-17
 153.0000000       1.44462e-17       1.44462e-17
 153.1000000       1.43615e-17       1.43615e-17
 153.2000000       1.42769e-17       1.42769e-17
 153.3000000       1.41923e-17       1.41923e-17
 153.4000000       1.41077e-17       1.41077e-17
 153.5000000       1.40231e-17       1.40231e-17
 153.6000000       1.39385e-17       1.39385e-17
 153.7000000       1.38538e-17       1.38538e-17
 153.8000000       1.37692e-17       1.37692e-17
 153.9000000       1.36846e-17       1.36846e-17
 154.0000000       1.35840e-17       1.35840e-17
 154.1000000       1.33875e-17       1.33875e-17
 154.2000000       1.31750e-17       1.31750e-17
 154.3000000       1.29625e-17       1.29625e-17
 154.4000000       1.27500e-17       1.27500e-17
 154.5000000       1.25375e-17       1.25375e-17
 154.6000000       1.23250e-17       1.23250e-17
 154.7000000       1.21125e-17       1.21125e-17
 154.8000000       1.19000e-17       1.19000e-17
 154.9000000       1.16875e-17       1.16875e-17
 155.0000000       1.14750e-17       1.14750e-17
 155.1000000       1.12625e-17       1.12625e-17
 155.2000000       1.10500e-17       1.10500e-17
 155.3000000       1.08375e-17       1.08375e-17
 155.4000000       1.06250e-17       1.06250e-17
 155.5000000       1.04125e-17       1.04125e-17
 155.6000000       1.02047e-17       1.02047e-17
 155.7000000       1.00248e-17       1.00248e-17
 155.8000000       9.84952e-18       9.84952e-18
 155.9000000       9.67429e-18       9.67429e-18
 156.0000000       9.49905e-18       9.49905e-18
 156.1000000       9.32381e-18       9.32381e-18
 156.2000000       9.14857e-18       9.14857e-18
 156.3000000       8.97333e-18       8.97333e-18
 156.4000000       8.79810e-18       8.79810e-18
 156.5000000       8.62286e-18       8.62286e-18
 156.6000000       8.44762e-18       8.44762e-18
 156.7000000       8.27238e-18       8.27238e-18
 156.8000000       8.09714e-18       8.09714e-18
 156.9000000       7.92190e-18       7.92190e-18
 157.0000000       7.74667e-18       7.74667e-18
 157.1000000       7.57143e-18       7.57143e-18
 157.2000000       7.39619e-18       7.39619e-18
 157.3000000       7.22095e-18       7.22095e-18
 157.4000000       7.04571e-18       7.04571e-18
 157.5000000       6.87048e-18       6.87048e-18
 157.6000000       6.69524e-18       6.69524e-18
 157.7000000       6.53393e-18       6.53393e-18
 157.8000000       6.45617e-18       6.45617e-18
 157.9000000       6.39235e-18       6.39235e-18
 158.0000000       6.32852e-18       6.32852e-18
 158.1000000       6.26469e-18       6.26469e-18
 158.2000000       6.20086e-18       6.20086e-18
 158.3000000       6.13704e-18       6.13704e-18
 158.4000000       6.07321e-18       6.07321e-18
 158.5000000       6.00938e-18       6.00938e-18
 158.6000000       5.94556e-18       5.94556e-18
 158.7000000       5.88173e-18       5.88173e-18
 158.8000000       5.81790e-18       5.81790e-18
 158.9000000       5.75407e-18       5.75407e-18
 159.0000000       5.69025e-18       5.69025e-18
 159.1000000       5.62642e-18       5.62642e-18
 159.2000000       5.56259e-18       5.56259e-18
 159.3000000       5.49877e-18       5.49877e-18
 159.4000000       5.43494e-18       5.43494e-18
 159.5000000       5.37111e-18       5.37111e-18
 159.6000000       5.30728e-18       5.30728e-18
 159.7000000       5.24346e-18       5.24346e-18
 159.8000000       5.17963e-18       5.17963e-18
 159.9000000       5.11580e-18       5.11580e-18
 160.0000000       5.05198e-18       5.05198e-18
 160.1000000       4.98815e-18       4.98815e-18
 160.2000000       4.92432e-18       4.92432e-18
 160.3000000       4.86049e-18       4.86049e-18
 160.4000000       4.79667e-18       4.79667e-18
 160.5000000       4.73284e-18       4.73284e-18
 160.6000000       4.66901e-18       4.66901e-18
 160.7000000       4.60519e-18       4.60519e-18
 160.8000000       4.54136e-18       4.54136e-18
 160.9000000       4.47753e-18       4.47753e-18
 161.0000000       4.41370e-18       4.41370e-18
 161.1000000       4.34988e-18       4.34988e-18
 161.2000000       4.28605e-18       4.28605e-18
 161.3000000       4.22222e-18       4.22222e-18
 161.4000000       4.15840e-18       4.15840e-18
 161.5000000       4.09457e-18       4.09457e-18
 161.6000000       4.03074e-18       4.03074e-18
 161.7000000       3.96691e-18       3.96691e-18
 161.8000000       3.90309e-18       3.90309e-18
 161.9000000       3.83926e-18       3.83926e-18
 162.0000000       3.77543e-18       3.77543e-18
 162.1000000       3.71160e-18       3.71160e-18
 162.2000000       3.64778e-18       3.64778e-18
 162.3000000       3.58395e-18       3.58395e-18
 162.4000000       3.52012e-18       3.52012e-18
 162.5000000       3.45630e-18       3.45630e-18
 162.6000000       3.39247e-18       3.39247e-18
 162.7000000       3.32864e-18       3.32864e-18
 162.8000000       3.26481e-18       3.26481e-18
 162.9000000       3.20099e-18       3.20099e-18
 163.0000000       3.13716e-18       3.13716e-18
 163.1000000       3.07333e-18       3.07333e-18
 163.2000000       3.00951e-18       3.00951e-18
 163.3000000       2.94568e-18       2.94568e-18
 163.4000000       2.88185e-18       2.88185e-18
 163.5000000       2.81802e-18       2.81802e-18
 163.6000000       2.75420e-18       2.75420e-18
 163.7000000       2.69037e-18       2.69037e-18
 163.8000000       2.62654e-18       2.62654e-18
 163.9000000       2.56272e-18       2.56272e-18
 164.0000000       2.49889e-18       2.49889e-18
 164.1000000       2.43506e-18       2.43506e-18
 164.2000000       2.37123e-18       2.37123e-18
 164.3000000       2.30741e-18       2.30741e-18
 164.4000000       2.24358e-18       2.24358e-18
 164.5000000       2.17975e-18       2.17975e-18
 164.6000000       2.11593e-18       2.11593e-18
 164.7000000       2.05210e-18       2.05210e-18
 164.8000000       1.98827e-18       1.98827e-18
 164.9000000       1.92444e-18       1.92444e-18
 165.0000000       1.86062e-18       1.86062e-18
 165.1000000       1.79679e-18       1.79679e-18
 165.2000000       1.73296e-18       1.73296e-18
 165.3000000       1.66914e-18       1.66914e-18
 165.4000000       1.60531e-18       1.60531e-18
 165.5000000       1.54148e-18       1.54148e-18
 165.6000000       1.47765e-18       1.47765e-18
 165.7000000       1.41383e-18       1.41383e-18
 165.8000000       1.35658e-18       1.35658e-18
 165.9000000       1.33884e-18       1.33884e-18
 166.0000000       1.32767e-18       1.32767e-18
 166.1000000       1.31651e-18       1.31651e-18
 166.2000000       1.30534e-18       1.30534e-18
 166.3000000       1.29418e-18       1.29418e-18
 166.4000000       1.28301e-18       1.28301e-18
 166.5000000       1.27185e-18       1.27185e-18
 166.6000000       1.26068e-18       1.26068e-18
 166.7000000       1.24952e-18       1.24952e-18
 166.8000000       1.23835e-18       1.23835e-18
 166.9000000       1.22719e-18       1.22719e-18
 167.0000000       1.21602e-18       1.21602e-18
 167.1000000       1.20486e-18       1.20486e-18
 167.2000000       1.19369e-18       1.19369e-18
 167.3000000       1.18253e-18       1.18253e-18
 167.4000000       1.17136e-18       1.17136e-18
 167.5000000       1.16020e-18       1.16020e-18
 167.6000000       1.14903e-18       1.14903e-18
 167.7000000       1.13787e-18       1.13787e-18
 167.8000000       1.12670e-18       1.12670e-18
 167.9000000       1.11554e-18       1.11554e-18
 168.0000000       1.10437e-18       1.10437e-18
 168.1000000       1.09321e-18       1.09321e-18
 168.2000000       1.08204e-18       1.08204e-18
 168.3000000       1.07088e-18       1.07088e-18
 168.4000000       1.05971e-18       1.05971e-18
 168.5000000       1.04855e-18       1.04855e-18
 168.6000000       1.03738e-18       1.03738e-18
 168.7000000       1.02622e-18       1.02622e-18
 168.8000000       1.01505e-18       1.01505e-18
 168.9000000       1.00389e-18       1.00389e-18
 169.0000000       9.92725e-19       9.92725e-19
 169.1000000       9.81560e-19       9.81560e-19
 169.2000000       9.70396e-19       9.70396e-19
 169.3000000       9.59231e-19       9.59231e-19
 169.4000000       9.48066e-19       9.48066e-19
 169.5000000       9.36901e-19       9.36901e-19
 169.6000000       9.25736e-19       9.25736e-19
 169.7000000       9.14571e-19       9.14571e-19
 169.8000000       9.03407e-19       9.03407e-19
 169.9000000       8.92242e-19       8.92242e-19
 170.0000000       8.81077e-19       8.81077e-19
 170.1000000       8.69912e-19       8.69912e-19
 170.2000000       8.58747e-19       8.58747e-19
 170.3000000       8.47582e-19       8.47582e-19
 170.4000000       8.36418e-19       8.36418e-19
 170.5000000       8.25253e-19       8.25253e-19
 170.6000000       8.14088e-19       8.14088e-19
 170.7000000       8.02923e-19       8.02923e-19
 170.8000000       7.91758e-19       7.91758e-19
 170.9000000       7.80593e-19       7.80593e-19
 171.0000000       7.69429e-19       7.69429e-19
 171.1000000       7.58264e-19       7.58264e-19
 171.2000000       7.47099e-19       7.47099e-19
 171.3000000       7.35934e-19       7.35934e-19
 171.4000000       7.24769e-19       7.24769e-19
 171.5000000       7.13604e-19       7.13604e-19
 171.6000000       7.02440e-19       7.02440e-19
 171.7000000       6.91275e-19       6.91275e-19
 171.8000000       6.80110e-19       6.80110e-19
 171.9000000       6.68945e-19       6.68945e-19
 172.0000000       6.57780e-19       6.57780e-19
 172.1000000       6.46615e-19       6.46615e-19
 172.2000000       6.35451e-19       6.35451e-19
 172.3000000       6.24286e-19       6.24286e-19
 172.4000000       6.13121e-19       6.13121e-19
 172.5000000       6.01956e-19       6.01956e-19
 172.6000000       5.90791e-19       5.90791e-19
 172.7000000       5.79626e-19       5.79626e-19
 172.8000000       5.68462e-19       5.68462e-19
 172.9000000       5.57297e-19       5.57297e-19
 173.0000000       5.46132e-19       5.46132e-19
 173.1000000       5.34967e-19       5.34967e-19
 173.2000000       5.23802e-19       5.23802e-19
 173.3000000       5.12637e-19       5.12637e-19
 173.4000000       5.01473e-19       5.01473e-19
 173.5000000       4.90308e-19       4.90308e-19
 173.6000000       4.79143e-19       4.79143e-19
 173.7000000       4.67978e-19       4.67978e-19
 173.8000000       4.56813e-19       4.56813e-19
 173.9000000       4.45648e-19       4.45648e-19
 174.0000000       4.34484e-19       4.34484e-19
 174.1000000       4.23319e-19       4.23319e-19
 174.2000000       4.12154e-19       4.12154e-19
 174.3000000       4.00989e-19       4.00989e-19
 174.4000000       3.89824e-19       3.89824e-19
 174.5000000       3.78659e-19       3.78659e-19
 174.6000000       3.67495e-19       3.67495e-19
 174.7000000       3.56330e-19       3.56330e-19
 174.8000000       3.45165e-19       3.45165e-19
 174.9000000       3.35078e-19       3.35078e-19
 175.0000000       3.31462e-19       3.31462e-19
 175.1000000       3.28924e-19       3.28924e-19
 175.2000000       3.26386e-19       3.26386e-19
 175.3000000       3.23848e-19       3.23848e-19
 175.4000000       3.21310e-19       3.21310e-19
 175.5000000       3.18771e-19       3.18771e-19
 175.6000000       3.16233e-19       3.16233e-19
 175.7000000       3.13695e-19       3.13695e-19
 175.8000000       3.11157e-19       3.11157e-19
 175.9000000       3.08619e-19       3.08619e-19
 176.0000000       3.06081e-19       3.06081e-19
 176.1000000       3.03543e-19       3.03543e-19
 176.2000000       3.01005e-19       3.01005e-19
 176.3000000       2.98467e-19       2.98467e-19
 176.4000000       2.95929e-19       2.95929e-19
 176.5000000       2.93390e-19       2.93390e-19
 176.6000000       2.90852e-19       2.90852e-19
 176.7000000       2.88314e-19       2.88314e-19
 176.8000000       2.85776e-19       2.85776e-19
 176.9000000       2.83238e-19       2.83238e-19
 177.0000000       2.80700e-19       2.80700e-19
 177.1000000       2.78162e-19       2.78162e-19
 177.2000000       2.75624e-19       2.75624e-19
 177.3000000       2.73086e-19       2.73086e-19
 177.4000000       2.70548e-19       2.70548e-19
 177.5000000       2.68010e-19       2.68010e-19
 177.6000000       2.65471e-19       2.65471e-19
 177.7000000       2.62933e-19       2.62933e-19
 177.8000000       2.60395e-19       2.60395e-19
 177.9000000       2.57857e-19       2.57857e-19
 178.0000000       2.55319e-19       2.55319e-19
 178.1000000       2.52781e-19       2.52781e-19
 178.2000000       2.50243e-19       2.50243e-19
 178.3000000       2.47705e-19       2.47705e-19
 178.4000000       2.45167e-19       2.45167e-19
 178.5000000       2.42629e-19       2.42629e-19
 178.6000000       2.40090e-19       2.40090e-19
 178.7000000       2.37552e-19       2.37552e-19
 178.8000000       2.35014e-19       2.35014e-19
 178.9000000       2.32476e-19       2.32476e-19
 179.0000000       2.29938e-19       2.29938e-19
 179.1000000       2.27400e-19       2.27400e-19
 179.2000000       2.24862e-19       2.24862e-19
 179.3000000       2.22324e-19       2.22324e-19
 179.4000000       2.19786e-19       2.19786e-19
 179.5000000       2.17248e-19       2.17248e-19
 179.6000000       2.14710e-19       2.14710e-19
 179.7000000       2.12171e-19       2.12171e-19
 179.8000000       2.09633e-19       2.09633e-19
 179.9000000       2.07095e-19       2.07095e-19
 180.0000000       2.04557e-19       2.04557e-19
 180.1000000       2.02019e-19       2.02019e-19
 180.2000000       1.99481e-19       1.99481e-19
 180.3000000       1.96943e-19       1.96943e-19
 180.4000000       1.94405e-19       1.94405e-19
 180.5000000       1.91867e-19       1.91867e-19
 180.6000000       1.89329e-19       1.89329e-19
 180.7000000       1.86790e-19       1.86790e-19
 180.8000000       1.84252e-19       1.84252e-19
 180.9000000       1.81714e-19       1.81714e-19
 181.0000000       1.79176e-19       1.79176e-19
 181.1000000       1.76638e-19       1.76638e-19
 181.2000000       1.74100e-19       1.74100e-19
 181.3000000       1.71562e-19       1.71562e-19
 181.4000000       1.69024e-19       1.69024e-19
 181.5000000       1.66486e-19       1.66486e-19
 181.6000000       1.63948e-19       1.63948e-19
 181.7000000       1.61410e-19       1.61410e-19
 181.8000000       1.58871e-19       1.58871e-19
 181.9000000       1.56333e-19       1.56333e-19
 182.0000000       1.53795e-19       1.53795e-19
 182.1000000       1.51257e-19       1.51257e-19
 182.2000000       1.48719e-19       1.48719e-19
 182.3000000       1.46181e-19       1.46181e-19
 182.4000000       1.43643e-19       1.43643e-19
 182.5000000       1.41105e-19       1.41105e-19
 182.6000000       1.38567e-19       1.38567e-19
 182.7000000       1.36029e-19       1.36029e-19
 182.8000000       1.33490e-19       1.33490e-19
 182.9000000       1.30952e-19       1.30952e-19
 183.0000000       1.28414e-19       1.28414e-19
 183.1000000       1.25876e-19       1.25876e-19
 183.2000000       1.23338e-19       1.23338e-19
 183.3000000       1.20800e-19       1.20800e-19
 183.4000000       1.18262e-19       1.18262e-19
 183.5000000       1.15724e-19       1.15724e-19
 183.6000000       1.13186e-19       1.13186e-19
 183.7000000       1.10648e-19       1.10648e-19
 183.8000000       1.08110e-19       1.08110e-19
 183.9000000       1.05571e-19       1.05571e-19
 184.0000000       1.03033e-19       1.03033e-19
 184.1000000       1.00495e-19       1.00495e-19
 184.2000000       9.79571e-20       9.79571e-20
 184.3000000       9.54190e-20       9.54190e-20
 184.4000000       9.28810e-20       9.28810e-20
 184.5000000       9.03429e-20       9.03429e-20
 184.6000000       8.78048e-20       8.78048e-20
 184.7000000       8.52667e-20       8.52667e-20
 184.8000000       8.27286e-20       8.27286e-20
 184.9000000       8.01905e-20       8.01905e-20
 185.0000000       7.76524e-20       7.76524e-20
 185.1000000       7.51143e-20       7.51143e-20
 185.2000000       7.25762e-20       7.25762e-20
 185.3000000       7.00381e-20       7.00381e-20
 185.4000000       6.75000e-20       6.75000e-20
 185.5000000       6.49619e-20       6.49619e-20
 185.6000000       6.24238e-20       6.24238e-20
 185.7000000       5.98857e-20       5.98857e-20
 185.8000000       5.73476e-20       5.73476e-20
 185.9000000       5.48095e-20       5.48095e-20
 186.0000000       5.22714e-20       5.22714e-20
 186.1000000       4.97333e-20       4.97333e-20
 186.2000000       4.71952e-20       4.71952e-20
 186.3000000       4.46571e-20       4.46571e-20
 186.4000000       4.21190e-20       4.21190e-20
 186.5000000       3.95810e-20       3.95810e-20
 186.6000000       3.70429e-20       3.70429e-20
 186.7000000       3.45048e-20       3.45048e-20
 186.8000000       3.19667e-20       3.19667e-20
 186.9000000       2.94286e-20       2.94286e-20
 187.0000000       2.68905e-20       2.68905e-20
 187.1000000       2.43524e-20       2.43524e-20
 187.2000000       2.18143e-20       2.18143e-20
 187.3000000       1.92762e-20       1.92762e-20
 187.4000000       1.67381e-20       1.67381e-20
 187.5000000       1.44463e-20       1.44463e-20
 187.6000000       1.36320e-20       1.36320e-20
 187.7000000       1.30640e-20       1.30640e-20
 187.8000000       1.24960e-20       1.24960e-20
 187.9000000       1.19280e-20       1.19280e-20
 188.0000000       1.13600e-20       1.13600e-20
 188.1000000       1.07920e-20       1.07920e-20
 188.2000000       1.02240e-20       1.02240e-20
 188.3000000       9.65600e-21       9.65600e-21
 188.4000000       9.08800e-21       9.08800e-21
 188.5000000       8.52000e-21       8.52000e-21
 188.6000000       7.95200e-21       7.95200e-21
 188.7000000       7.38400e-21       7.38400e-21
 188.8000000       6.81600e-21       6.81600e-21
 188.9000000       6.24800e-21       6.24800e-21
 189.0000000       5.68000e-21       5.68000e-21
 189.1000000       5.11200e-21       5.11200e-21
 189.2000000       4.54400e-21       4.54400e-21
 189.3000000       3.97600e-21       3.97600e-21
 189.4000000       3.40800e-21       3.40800e-21
 189.5000000       2.84000e-21       2.84000e-21
 189.6000000       2.27200e-21       2.27200e-21
 189.7000000       1.70400e-21       1.70400e-21
 189.8000000       1.13600e-21       1.13600e-21
 189.9000000       7.10000e-22       7.10000e-22