#lambda (nm)  cross(cm^2)
20.0          2.124E-19
20.1          2.043E-19
20.2          1.965E-19
20.3          1.891E-19
20.4          1.820E-19
20.5          1.752E-19
20.6          1.687E-19
20.7          1.624E-19
20.8          1.565E-19
20.9          1.507E-19
21.0          1.452E-19
21.1          1.400E-19
21.2          1.349E-19
21.3          1.301E-19
21.4          1.254E-19
21.5          1.210E-19
21.6          1.167E-19
21.7          1.126E-19
21.8          1.086E-19
21.9          1.048E-19
22.0          1.012E-19
22.1          9.770E-20
22.2          9.434E-20
22.3          9.111E-20
22.4          8.800E-20
22.5          8.502E-20
22.6          8.215E-20
22.7          7.939E-20
22.8          7.673E-20
22.9          7.417E-20
23.0          7.172E-20
23.1          6.935E-20
23.2          6.707E-20
23.3          6.488E-20
23.4          6.277E-20
23.5          6.073E-20
23.6          5.877E-20
23.7          5.688E-20
23.8          5.506E-20
23.9          5.331E-20
24.0          5.162E-20
24.1          4.999E-20
24.2          4.842E-20
24.3          4.691E-20
24.4          4.544E-20
24.5          4.403E-20
24.6          4.267E-20
24.7          4.136E-20
24.8          4.010E-20
24.9          3.887E-20
25.0          3.769E-20
25.1          3.655E-20
25.2          3.545E-20
25.3          3.439E-20
25.4          3.336E-20
25.5          3.237E-20
25.6          3.141E-20
25.7          3.049E-20
25.8          2.959E-20
25.9          2.873E-20
26.0          2.789E-20
26.1          2.708E-20
26.2          2.630E-20
26.3          2.554E-20
26.4          2.481E-20
26.5          2.410E-20
26.6          2.342E-20
26.7          2.275E-20
26.8          2.211E-20
26.9          2.149E-20
27.0          2.089E-20
27.1          2.031E-20
27.2          1.974E-20
27.3          1.920E-20
27.4          1.867E-20
27.5          1.816E-20
27.6          1.766E-20
27.7          1.718E-20
27.8          1.671E-20
27.9          1.626E-20
28.0          1.583E-20
28.1          1.540E-20
28.2          1.499E-20
28.3          1.459E-20
28.4          1.420E-20
28.5          1.383E-20
28.6          1.347E-20
28.7          1.311E-20
28.8          1.277E-20
28.9          1.244E-20
29.0          1.212E-20
29.1          1.180E-20
29.2          1.150E-20
29.3          1.121E-20
29.4          1.092E-20
29.5          1.064E-20
29.6          1.037E-20
29.7          1.011E-20
29.8          9.857E-21
29.9          9.610E-21
30.0          9.370E-21
30.1          9.137E-21
30.2          8.910E-21
30.3          8.690E-21
30.4          8.476E-21
30.5          8.268E-21
30.6          8.066E-21
30.7          7.870E-21
30.8          7.679E-21
30.9          7.493E-21
31.0          7.313E-21
31.1          7.137E-21
31.2          6.966E-21
31.3          6.800E-21
31.4          6.639E-21
31.5          6.482E-21
31.6          6.329E-21
31.7          6.180E-21
31.8          6.035E-21
31.9          5.894E-21
32.0          5.757E-21
32.1          5.624E-21
32.2          5.494E-21
32.3          5.367E-21
32.4          5.244E-21
32.5          5.124E-21
32.6          5.007E-21
32.7          4.894E-21
32.8          4.783E-21
32.9          4.675E-21
33.0          4.570E-21
33.1          4.467E-21
33.2          4.368E-21
33.3          4.270E-21
33.4          4.176E-21
33.5          4.083E-21
33.6          3.993E-21
33.7          3.905E-21
33.8          3.820E-21
33.9          3.736E-21
34.0          3.655E-21
34.1          3.576E-21
34.2          3.499E-21
34.3          3.423E-21
34.4          3.350E-21
34.5          3.278E-21
34.6          3.208E-21
34.7          3.140E-21
34.8          3.073E-21
34.9          3.008E-21
35.0          2.945E-21
35.1          2.883E-21
35.2          2.823E-21
35.3          2.764E-21
35.4          2.706E-21
35.5          2.650E-21
35.6          2.596E-21
35.7          2.542E-21
35.8          2.490E-21
35.9          2.439E-21
36.0          2.389E-21
36.1          2.341E-21
36.2          2.293E-21
36.3          2.247E-21
36.4          2.201E-21
36.5          2.157E-21
36.6          2.114E-21
36.7          2.072E-21
36.8          2.030E-21
36.9          1.990E-21
37.0          1.951E-21
37.1          1.912E-21
37.2          1.875E-21
37.3          1.838E-21
37.4          1.802E-21
37.5          1.767E-21
37.6          1.733E-21
37.7          1.699E-21
37.8          1.666E-21
37.9          1.634E-21
38.0          1.603E-21
38.1          1.572E-21
38.2          1.542E-21
38.3          1.513E-21
38.4          1.484E-21
38.5          1.456E-21
38.6          1.429E-21
38.7          1.402E-21
38.8          1.375E-21
38.9          1.350E-21
39.0          1.324E-21
39.1          1.300E-21
39.2          1.276E-21
39.3          1.252E-21
39.4          1.229E-21
39.5          1.207E-21
39.6          1.184E-21
39.7          1.163E-21
39.8          1.142E-21
39.9          1.121E-21
40.0          1.101E-21
40.1          1.081E-21
40.2          1.061E-21
40.3          1.042E-21
40.4          1.024E-21
40.5          1.005E-21
40.6          9.875E-22
40.7          9.699E-22
40.8          9.528E-22
40.9          9.360E-22
41.0          9.195E-22
41.1          9.033E-22
41.2          8.875E-22
41.3          8.721E-22
41.4          8.569E-22
41.5          8.420E-22
41.6          8.274E-22
41.7          8.132E-22
41.8          7.992E-22
41.9          7.855E-22
42.0          7.720E-22
42.1          7.588E-22
42.2          7.459E-22
42.3          7.333E-22
42.4          7.209E-22
42.5          7.087E-22
42.6          6.968E-22
42.7          6.851E-22
42.8          6.736E-22
42.9          6.623E-22
43.0          6.513E-22
43.1          6.405E-22
43.2          6.299E-22
43.3          6.195E-22
43.4          6.093E-22
43.5          5.993E-22
43.6          5.895E-22
43.7          5.798E-22
43.8          5.704E-22
43.9          5.611E-22
44.0          5.520E-22
44.1          5.431E-22
44.2          5.343E-22
44.3          5.257E-22
44.4          5.173E-22
44.5          5.090E-22
44.6          5.009E-22
44.7          4.929E-22
44.8          4.851E-22
44.9          4.774E-22
45.0          4.699E-22
45.1          4.625E-22
45.2          4.552E-22
45.3          4.481E-22
45.4          4.411E-22
45.5          4.342E-22
45.6          4.275E-22
45.7          4.209E-22
45.8          4.144E-22
45.9          4.080E-22
46.0          4.017E-22
46.1          3.955E-22
46.2          3.895E-22
46.3          3.835E-22
46.4          3.777E-22
46.5          3.720E-22
46.6          3.663E-22
46.7          3.608E-22
46.8          3.554E-22
46.9          3.500E-22
47.0          3.448E-22
47.1          3.396E-22
47.2          3.345E-22
47.3          3.296E-22
47.4          3.247E-22
47.5          3.199E-22
47.6          3.151E-22
47.7          3.105E-22
47.8          3.059E-22
47.9          3.014E-22
48.0          2.970E-22
48.1          2.927E-22
48.2          2.884E-22
48.3          2.843E-22
48.4          2.801E-22
48.5          2.761E-22
48.6          2.721E-22
48.7          2.682E-22
48.8          2.644E-22
48.9          2.606E-22
49.0          2.569E-22
49.1          2.532E-22
49.2          2.496E-22
49.3          2.461E-22
49.4          2.426E-22
49.5          2.392E-22
49.6          2.358E-22
49.7          2.325E-22
49.8          2.293E-22
49.9          2.261E-22
50.0          2.229E-22
50.1          2.198E-22
50.2          2.168E-22
50.3          2.138E-22
50.4          2.108E-22
50.5          2.079E-22
50.6          2.051E-22
50.7          2.023E-22
50.8          1.995E-22
50.9          1.968E-22
51.0          1.941E-22
51.1          1.915E-22
51.2          1.889E-22
51.3          1.863E-22
51.4          1.838E-22
51.5          1.814E-22
51.6          1.789E-22
51.7          1.765E-22
51.8          1.742E-22
51.9          1.719E-22
52.0          1.696E-22
52.1          1.673E-22
52.2          1.651E-22
52.3          1.630E-22
52.4          1.608E-22
52.5          1.587E-22
52.6          1.566E-22
52.7          1.546E-22
52.8          1.526E-22
52.9          1.506E-22
53.0          1.486E-22
53.1          1.467E-22
53.2          1.448E-22
53.3          1.429E-22
53.4          1.411E-22
53.5          1.393E-22
53.6          1.375E-22
53.7          1.358E-22
53.8          1.340E-22
53.9          1.323E-22
54.0          1.306E-22
54.1          1.290E-22
54.2          1.274E-22
54.3          1.258E-22
54.4          1.242E-22
54.5          1.226E-22
54.6          1.211E-22
54.7          1.196E-22
54.8          1.181E-22
54.9          1.166E-22
55.0          1.152E-22
55.1          1.138E-22
55.2          1.124E-22
55.3          1.110E-22
55.4          1.096E-22
55.5          1.083E-22
55.6          1.069E-22
55.7          1.056E-22
55.8          1.043E-22
55.9          1.031E-22
56.0          1.018E-22
56.1          1.006E-22
56.2          9.938E-23
56.3          9.819E-23
56.4          9.701E-23
56.5          9.584E-23
56.6          9.470E-23
56.7          9.357E-23
56.8          9.245E-23
56.9          9.135E-23
57.0          9.027E-23
57.1          8.920E-23
57.2          8.815E-23
57.3          8.711E-23
57.4          8.608E-23
57.5          8.507E-23
57.6          8.408E-23
57.7          8.310E-23
57.8          8.213E-23
57.9          8.117E-23
58.0          8.023E-23
58.1          7.930E-23
58.2          7.839E-23
58.3          7.748E-23
58.4          7.659E-23
58.5          7.571E-23
58.6          7.484E-23
58.7          7.399E-23
58.8          7.314E-23
58.9          7.231E-23
59.0          7.149E-23
59.1          7.068E-23
59.2          6.988E-23
59.3          6.909E-23
59.4          6.831E-23
59.5          6.754E-23
59.6          6.679E-23
59.7          6.604E-23
59.8          6.530E-23
59.9          6.457E-23
60.0          6.385E-23
60.1          6.315E-23
60.2          6.245E-23
60.3          6.176E-23
60.4          6.107E-23
60.5          6.040E-23
60.6          5.974E-23
60.7          5.908E-23
60.8          5.844E-23
60.9          5.780E-23
61.0          5.717E-23
61.1          5.655E-23
61.2          5.593E-23
61.3          5.533E-23
61.4          5.473E-23
61.5          5.414E-23
61.6          5.356E-23
61.7          5.298E-23
61.8          5.241E-23
61.9          5.185E-23
62.0          5.130E-23
62.1          5.075E-23
62.2          5.021E-23
62.3          4.968E-23
62.4          4.916E-23
62.5          4.864E-23
62.6          4.812E-23
62.7          4.762E-23
62.8          4.712E-23
62.9          4.662E-23
63.0          4.614E-23
63.1          4.565E-23
63.2          4.518E-23
63.3          4.471E-23
63.4          4.424E-23
63.5          4.379E-23
63.6          4.333E-23
63.7          4.289E-23
63.8          4.245E-23
63.9          4.201E-23
64.0          4.158E-23
64.1          4.115E-23
64.2          4.073E-23
64.3          4.032E-23
64.4          3.991E-23
64.5          3.950E-23
64.6          3.910E-23
64.7          3.871E-23
64.8          3.832E-23
64.9          3.793E-23
65.0          3.755E-23
65.1          3.717E-23
65.2          3.680E-23
65.3          3.643E-23
65.4          3.607E-23
65.5          3.571E-23
65.6          3.535E-23
65.7          3.500E-23
65.8          3.466E-23
65.9          3.432E-23
66.0          3.398E-23
66.1          3.364E-23
66.2          3.331E-23
66.3          3.299E-23
66.4          3.266E-23
66.5          3.234E-23
66.6          3.203E-23
66.7          3.172E-23
66.8          3.141E-23
66.9          3.111E-23
67.0          3.080E-23
67.1          3.051E-23
67.2          3.021E-23
67.3          2.992E-23
67.4          2.964E-23
67.5          2.935E-23
67.6          2.907E-23
67.7          2.879E-23
67.8          2.852E-23
67.9          2.825E-23
68.0          2.798E-23
68.1          2.772E-23
68.2          2.745E-23
68.3          2.719E-23
68.4          2.694E-23
68.5          2.669E-23
68.6          2.643E-23
68.7          2.619E-23
68.8          2.594E-23
68.9          2.570E-23
69.0          2.546E-23
69.1          2.522E-23
69.2          2.499E-23
69.3          2.476E-23
69.4          2.453E-23
69.5          2.430E-23
69.6          2.408E-23
69.7          2.386E-23
69.8          2.364E-23
69.9          2.342E-23
70.0          2.321E-23
70.1          2.300E-23
70.2          2.279E-23
70.3          2.258E-23
70.4          2.238E-23
70.5          2.217E-23
70.6          2.197E-23
70.7          2.177E-23
70.8          2.158E-23
70.9          2.138E-23
71.0          2.119E-23
71.1          2.100E-23
71.2          2.081E-23
71.3          2.063E-23
71.4          2.045E-23
71.5          2.026E-23
71.6          2.008E-23
71.7          1.991E-23
71.8          1.973E-23
71.9          1.956E-23
72.0          1.938E-23
72.1          1.921E-23
72.2          1.904E-23
72.3          1.888E-23
72.4          1.871E-23
72.5          1.855E-23
72.6          1.839E-23
72.7          1.823E-23
72.8          1.807E-23
72.9          1.791E-23
73.0          1.776E-23
73.1          1.760E-23
73.2          1.745E-23
73.3          1.730E-23
73.4          1.715E-23
73.5          1.701E-23
73.6          1.686E-23
73.7          1.672E-23
73.8          1.657E-23
73.9          1.643E-23
74.0          1.629E-23
74.1          1.615E-23
74.2          1.602E-23
74.3          1.588E-23
74.4          1.575E-23
74.5          1.561E-23
74.6          1.548E-23
74.7          1.535E-23
74.8          1.522E-23
74.9          1.510E-23
75.0          1.497E-23
75.1          1.485E-23
75.2          1.472E-23
75.3          1.460E-23
75.4          1.448E-23
75.5          1.436E-23
75.6          1.424E-23
75.7          1.412E-23
75.8          1.401E-23
75.9          1.389E-23
76.0          1.378E-23
76.1          1.366E-23
76.2          1.355E-23
76.3          1.344E-23
76.4          1.333E-23
76.5          1.322E-23
76.6          1.312E-23
76.7          1.301E-23
76.8          1.290E-23
76.9          1.280E-23
77.0          1.270E-23
77.1          1.259E-23
77.2          1.249E-23
77.3          1.239E-23
77.4          1.229E-23
77.5          1.219E-23
77.6          1.210E-23
77.7          1.200E-23
77.8          1.190E-23
77.9          1.181E-23
78.0          1.172E-23
78.1          1.162E-23
78.2          1.153E-23
78.3          1.144E-23
78.4          1.135E-23
78.5          1.126E-23
78.6          1.117E-23
78.7          1.108E-23
78.8          1.100E-23
78.9          1.091E-23
79.0          1.083E-23
79.1          1.074E-23
79.2          1.066E-23
79.3          1.058E-23
79.4          1.049E-23
79.5          1.041E-23
79.6          1.033E-23
79.7          1.025E-23
79.8          1.017E-23
79.9          1.010E-23
80.0          1.002E-23
80.1          9.941E-24
80.2          9.865E-24
80.3          9.789E-24
80.4          9.715E-24
80.5          9.641E-24
80.6          9.568E-24
80.7          9.495E-24
80.8          9.423E-24
80.9          9.352E-24
81.0          9.281E-24
81.1          9.211E-24
81.2          9.142E-24
81.3          9.073E-24
81.4          9.005E-24
81.5          8.937E-24
81.6          8.871E-24
81.7          8.804E-24
81.8          8.739E-24
81.9          8.674E-24
82.0          8.609E-24
82.1          8.545E-24
82.2          8.482E-24
82.3          8.419E-24
82.4          8.357E-24
82.5          8.296E-24
82.6          8.234E-24
82.7          8.174E-24
82.8          8.114E-24
82.9          8.055E-24
83.0          7.996E-24
83.1          7.937E-24
83.2          7.879E-24
83.3          7.822E-24
83.4          7.765E-24
83.5          7.709E-24
83.6          7.653E-24
83.7          7.598E-24
83.8          7.543E-24
83.9          7.488E-24
84.0          7.435E-24
84.1          7.381E-24
84.2          7.328E-24
84.3          7.276E-24
84.4          7.224E-24
84.5          7.172E-24
84.6          7.121E-24
84.7          7.070E-24
84.8          7.020E-24
84.9          6.970E-24
85.0          6.921E-24
85.1          6.872E-24
85.2          6.823E-24
85.3          6.775E-24
85.4          6.727E-24
85.5          6.680E-24
85.6          6.633E-24
85.7          6.587E-24
85.8          6.541E-24
85.9          6.495E-24
86.0          6.450E-24
86.1          6.405E-24
86.2          6.360E-24
86.3          6.316E-24
86.4          6.272E-24
86.5          6.229E-24
86.6          6.186E-24
86.7          6.143E-24
86.8          6.101E-24
86.9          6.059E-24
87.0          6.017E-24
87.1          5.976E-24
87.2          5.935E-24
87.3          5.894E-24
87.4          5.854E-24
87.5          5.814E-24
87.6          5.774E-24
87.7          5.735E-24
87.8          5.696E-24
87.9          5.658E-24
88.0          5.619E-24
88.1          5.581E-24
88.2          5.544E-24
88.3          5.506E-24
88.4          5.469E-24
88.5          5.433E-24
88.6          5.396E-24
88.7          5.360E-24
88.8          5.324E-24
88.9          5.289E-24
89.0          5.253E-24
89.1          5.218E-24
89.2          5.184E-24
89.3          5.149E-24
89.4          5.115E-24
89.5          5.081E-24
89.6          5.048E-24
89.7          5.015E-24
89.8          4.982E-24
89.9          4.949E-24
90.0          4.916E-24
90.1          4.884E-24
90.2          4.852E-24
90.3          4.820E-24
90.4          4.789E-24
90.5          4.758E-24
90.6          4.727E-24
90.7          4.696E-24
90.8          4.665E-24
90.9          4.635E-24
91.0          4.605E-24
91.1          4.575E-24
91.2          4.546E-24
91.3          4.517E-24
91.4          4.488E-24
91.5          4.459E-24
91.6          4.430E-24
91.7          4.402E-24
91.8          4.374E-24
91.9          4.346E-24
92.0          4.318E-24
92.1          4.291E-24
92.2          4.263E-24
92.3          4.236E-24
92.4          4.209E-24
92.5          4.183E-24
92.6          4.156E-24
92.7          4.130E-24
92.8          4.104E-24
92.9          4.078E-24
93.0          4.052E-24
93.1          4.027E-24
93.2          4.002E-24
93.3          3.977E-24
93.4          3.952E-24
93.5          3.927E-24
93.6          3.903E-24
93.7          3.878E-24
93.8          3.854E-24
93.9          3.830E-24
94.0          3.807E-24
94.1          3.783E-24
94.2          3.760E-24
94.3          3.737E-24
94.4          3.714E-24
94.5          3.691E-24
94.6          3.668E-24
94.7          3.645E-24
94.8          3.623E-24
94.9          3.601E-24
95.0          3.579E-24
95.1          3.557E-24
95.2          3.535E-24
95.3          3.514E-24
95.4          3.493E-24
95.5          3.471E-24
95.6          3.450E-24
95.7          3.430E-24
95.8          3.409E-24
95.9          3.388E-24
96.0          3.368E-24
96.1          3.348E-24
96.2          3.327E-24
96.3          3.307E-24
96.4          3.288E-24
96.5          3.268E-24
96.6          3.248E-24
96.7          3.229E-24
96.8          3.210E-24
96.9          3.191E-24
97.0          3.172E-24
97.1          3.153E-24
97.2          3.134E-24
97.3          3.116E-24
97.4          3.097E-24
97.5          3.079E-24
97.6          3.061E-24
97.7          3.043E-24
97.8          3.025E-24
97.9          3.007E-24
98.0          2.990E-24
98.1          2.972E-24
98.2          2.955E-24
98.3          2.938E-24
98.4          2.920E-24
98.5          2.903E-24
98.6          2.887E-24
98.7          2.870E-24
98.8          2.853E-24
98.9          2.837E-24
99.0          2.820E-24
99.1          2.804E-24
99.2          2.788E-24
99.3          2.772E-24
99.4          2.756E-24
99.5          2.740E-24
99.6          2.724E-24
99.7          2.709E-24
99.8          2.693E-24
99.9          2.678E-24
100.0         2.662E-24
100.1         2.647E-24
100.2         2.632E-24
100.3         2.617E-24
100.4         2.602E-24
100.5         2.588E-24
100.6         2.573E-24
100.7         2.559E-24
100.8         2.544E-24
100.9         2.530E-24
101.0         2.515E-24
101.1         2.501E-24
101.2         2.487E-24
101.3         2.473E-24
101.4         2.460E-24
101.5         2.446E-24
101.6         2.432E-24
101.7         2.419E-24
101.8         2.405E-24
101.9         2.392E-24
102.0         2.378E-24
102.1         2.365E-24
102.2         2.352E-24
102.3         2.339E-24
102.4         2.326E-24
102.5         2.313E-24
102.6         2.301E-24
102.7         2.288E-24
102.8         2.275E-24
102.9         2.263E-24
103.0         2.250E-24
103.1         2.238E-24
103.2         2.226E-24
103.3         2.214E-24
103.4         2.202E-24
103.5         2.190E-24
103.6         2.178E-24
103.7         2.166E-24
103.8         2.154E-24
103.9         2.142E-24
104.0         2.131E-24
104.1         2.119E-24
104.2         2.108E-24
104.3         2.097E-24
104.4         2.085E-24
104.5         2.074E-24
104.6         2.063E-24
104.7         2.052E-24
104.8         2.041E-24
104.9         2.030E-24
105.0         2.019E-24
105.1         2.008E-24
105.2         1.998E-24
105.3         1.987E-24
105.4         1.976E-24
105.5         1.966E-24
105.6         1.956E-24
105.7         1.945E-24
105.8         1.935E-24
105.9         1.925E-24
106.0         1.914E-24
106.1         1.904E-24
106.2         1.894E-24
106.3         1.884E-24
106.4         1.875E-24
106.5         1.865E-24
106.6         1.855E-24
106.7         1.845E-24
106.8         1.836E-24
106.9         1.826E-24
107.0         1.817E-24
107.1         1.807E-24
107.2         1.798E-24
107.3         1.788E-24
107.4         1.779E-24
107.5         1.770E-24
107.6         1.761E-24
107.7         1.752E-24
107.8         1.743E-24
107.9         1.734E-24
108.0         1.725E-24
108.1         1.716E-24
108.2         1.707E-24
108.3         1.698E-24
108.4         1.690E-24
108.5         1.681E-24
108.6         1.672E-24
108.7         1.664E-24
108.8         1.655E-24
108.9         1.647E-24
109.0         1.639E-24
109.1         1.630E-24
109.2         1.622E-24
109.3         1.614E-24
109.4         1.606E-24
109.5         1.597E-24
109.6         1.589E-24
109.7         1.581E-24
109.8         1.573E-24
109.9         1.566E-24
110.0         1.558E-24
110.1         1.550E-24
110.2         1.542E-24
110.3         1.534E-24
110.4         1.527E-24
110.5         1.519E-24
110.6         1.512E-24
110.7         1.504E-24
110.8         1.497E-24
110.9         1.489E-24
111.0         1.482E-24
111.1         1.474E-24
111.2         1.467E-24
111.3         1.460E-24
111.4         1.453E-24
111.5         1.445E-24
111.6         1.438E-24
111.7         1.431E-24
111.8         1.424E-24
111.9         1.417E-24
112.0         1.410E-24
112.1         1.403E-24
112.2         1.397E-24
112.3         1.390E-24
112.4         1.383E-24
112.5         1.376E-24
112.6         1.370E-24
112.7         1.363E-24
112.8         1.356E-24
112.9         1.350E-24
113.0         1.343E-24
113.1         1.337E-24
113.2         1.330E-24
113.3         1.324E-24
113.4         1.317E-24
113.5         1.311E-24
113.6         1.305E-24
113.7         1.298E-24
113.8         1.292E-24
113.9         1.286E-24
114.0         1.280E-24
114.1         1.274E-24
114.2         1.268E-24
114.3         1.262E-24
114.4         1.256E-24
114.5         1.250E-24
114.6         1.244E-24
114.7         1.238E-24
114.8         1.232E-24
114.9         1.226E-24
115.0         1.220E-24
115.1         1.215E-24
115.2         1.209E-24
115.3         1.203E-24
115.4         1.197E-24
115.5         1.192E-24
115.6         1.186E-24
115.7         1.181E-24
115.8         1.175E-24
115.9         1.170E-24
116.0         1.164E-24
116.1         1.159E-24
116.2         1.153E-24
116.3         1.148E-24
116.4         1.143E-24
116.5         1.137E-24
116.6         1.132E-24
116.7         1.127E-24
116.8         1.122E-24
116.9         1.116E-24
117.0         1.111E-24
117.1         1.106E-24
117.2         1.101E-24
117.3         1.096E-24
117.4         1.091E-24
117.5         1.086E-24
117.6         1.081E-24
117.7         1.076E-24
117.8         1.071E-24
117.9         1.066E-24
118.0         1.061E-24
118.1         1.056E-24
118.2         1.051E-24
118.3         1.047E-24
118.4         1.042E-24
118.5         1.037E-24
118.6         1.032E-24
118.7         1.028E-24
118.8         1.023E-24
118.9         1.019E-24
119.0         1.014E-24
119.1         1.009E-24
119.2         1.005E-24
119.3         1.000E-24
119.4         9.958E-25
119.5         9.913E-25
119.6         9.868E-25
119.7         9.824E-25
119.8         9.780E-25
119.9         9.736E-25
120.0         9.693E-25
120.1         9.650E-25
120.2         9.607E-25
120.3         9.564E-25
120.4         9.521E-25
120.5         9.479E-25
120.6         9.437E-25
120.7         9.395E-25
120.8         9.353E-25
120.9         9.312E-25
121.0         9.271E-25
121.1         9.230E-25
121.2         9.189E-25
121.3         9.149E-25
121.4         9.108E-25
121.5         9.068E-25
121.6         9.029E-25
121.7         8.989E-25
121.8         8.950E-25
121.9         8.910E-25
122.0         8.871E-25
122.1         8.833E-25
122.2         8.794E-25
122.3         8.756E-25
122.4         8.718E-25
122.5         8.680E-25
122.6         8.642E-25
122.7         8.605E-25
122.8         8.567E-25
122.9         8.530E-25
123.0         8.493E-25
123.1         8.457E-25
123.2         8.420E-25
123.3         8.384E-25
123.4         8.348E-25
123.5         8.312E-25
123.6         8.276E-25
123.7         8.241E-25
123.8         8.205E-25
123.9         8.170E-25
124.0         8.135E-25
124.1         8.100E-25
124.2         8.066E-25
124.3         8.031E-25
124.4         7.997E-25
124.5         7.963E-25
124.6         7.929E-25
124.7         7.896E-25
124.8         7.862E-25
124.9         7.829E-25
125.0         7.796E-25
125.1         7.763E-25
125.2         7.730E-25
125.3         7.697E-25
125.4         7.665E-25
125.5         7.633E-25
125.6         7.601E-25
125.7         7.569E-25
125.8         7.537E-25
125.9         7.505E-25
126.0         7.474E-25
126.1         7.443E-25
126.2         7.411E-25
126.3         7.380E-25
126.4         7.350E-25
126.5         7.319E-25
126.6         7.289E-25
126.7         7.258E-25
126.8         7.228E-25
126.9         7.198E-25
127.0         7.168E-25
127.1         7.139E-25
127.2         7.109E-25
127.3         7.080E-25
127.4         7.051E-25
127.5         7.021E-25
127.6         6.993E-25
127.7         6.964E-25
127.8         6.935E-25
127.9         6.907E-25
128.0         6.878E-25
128.1         6.850E-25
128.2         6.822E-25
128.3         6.794E-25
128.4         6.766E-25
128.5         6.739E-25
128.6         6.711E-25
128.7         6.684E-25
128.8         6.657E-25
128.9         6.630E-25
129.0         6.603E-25
129.1         6.576E-25
129.2         6.549E-25
129.3         6.523E-25
129.4         6.497E-25
129.5         6.470E-25
129.6         6.444E-25
129.7         6.418E-25
129.8         6.392E-25
129.9         6.367E-25
130.0         6.341E-25
130.1         6.316E-25
130.2         6.290E-25
130.3         6.265E-25
130.4         6.240E-25
130.5         6.215E-25
130.6         6.190E-25
130.7         6.166E-25
130.8         6.141E-25
130.9         6.117E-25
131.0         6.092E-25
131.1         6.068E-25
131.2         6.044E-25
131.3         6.020E-25
131.4         5.996E-25
131.5         5.972E-25
131.6         5.949E-25
131.7         5.925E-25
131.8         5.902E-25
131.9         5.879E-25
132.0         5.856E-25
132.1         5.832E-25
132.2         5.810E-25
132.3         5.787E-25
132.4         5.764E-25
132.5         5.741E-25
132.6         5.719E-25
132.7         5.697E-25
132.8         5.674E-25
132.9         5.652E-25
133.0         5.630E-25
133.1         5.608E-25
133.2         5.586E-25
133.3         5.565E-25
133.4         5.543E-25
133.5         5.522E-25
133.6         5.500E-25
133.7         5.479E-25
133.8         5.458E-25
133.9         5.437E-25
134.0         5.416E-25
134.1         5.395E-25
134.2         5.374E-25
134.3         5.353E-25
134.4         5.333E-25
134.5         5.312E-25
134.6         5.292E-25
134.7         5.272E-25
134.8         5.251E-25
134.9         5.231E-25
135.0         5.211E-25
135.1         5.191E-25
135.2         5.172E-25
135.3         5.152E-25
135.4         5.132E-25
135.5         5.113E-25
135.6         5.093E-25
135.7         5.074E-25
135.8         5.055E-25
135.9         5.035E-25
136.0         5.016E-25
136.1         4.997E-25
136.2         4.979E-25
136.3         4.960E-25
136.4         4.941E-25
136.5         4.922E-25
136.6         4.904E-25
136.7         4.885E-25
136.8         4.867E-25
136.9         4.849E-25
137.0         4.831E-25
137.1         4.813E-25
137.2         4.795E-25
137.3         4.777E-25
137.4         4.759E-25
137.5         4.741E-25
137.6         4.723E-25
137.7         4.706E-25
137.8         4.688E-25
137.9         4.671E-25
138.0         4.653E-25
138.1         4.636E-25
138.2         4.619E-25
138.3         4.602E-25
138.4         4.585E-25
138.5         4.568E-25
138.6         4.551E-25
138.7         4.534E-25
138.8         4.518E-25
138.9         4.501E-25
139.0         4.484E-25
139.1         4.468E-25
139.2         4.452E-25
139.3         4.435E-25
139.4         4.419E-25
139.5         4.403E-25
139.6         4.387E-25
139.7         4.371E-25
139.8         4.355E-25
139.9         4.339E-25
140.0         4.323E-25
140.1         4.307E-25
140.2         4.292E-25
140.3         4.276E-25
140.4         4.260E-25
140.5         4.245E-25
140.6         4.230E-25
140.7         4.214E-25
140.8         4.199E-25
140.9         4.184E-25
141.0         4.169E-25
141.1         4.154E-25
141.2         4.139E-25
141.3         4.124E-25
141.4         4.109E-25
141.5         4.094E-25
141.6         4.080E-25
141.7         4.065E-25
141.8         4.050E-25
141.9         4.036E-25
142.0         4.021E-25
142.1         4.007E-25
142.2         3.993E-25
142.3         3.978E-25
142.4         3.964E-25
142.5         3.950E-25
142.6         3.936E-25
142.7         3.922E-25
142.8         3.908E-25
142.9         3.894E-25
143.0         3.881E-25
143.1         3.867E-25
143.2         3.853E-25
143.3         3.839E-25
143.4         3.826E-25
143.5         3.812E-25
143.6         3.799E-25
143.7         3.786E-25
143.8         3.772E-25
143.9         3.759E-25
144.0         3.746E-25
144.1         3.733E-25
144.2         3.720E-25
144.3         3.707E-25
144.4         3.694E-25
144.5         3.681E-25
144.6         3.668E-25
144.7         3.655E-25
144.8         3.642E-25
144.9         3.630E-25
145.0         3.617E-25
145.1         3.604E-25
145.2         3.592E-25
145.3         3.579E-25
145.4         3.567E-25
145.5         3.555E-25
145.6         3.542E-25
145.7         3.530E-25
145.8         3.518E-25
145.9         3.506E-25
146.0         3.494E-25
146.1         3.482E-25
146.2         3.470E-25
146.3         3.458E-25
146.4         3.446E-25
146.5         3.434E-25
146.6         3.422E-25
146.7         3.410E-25
146.8         3.399E-25
146.9         3.387E-25
147.0         3.375E-25
147.1         3.364E-25
147.2         3.352E-25
147.3         3.341E-25
147.4         3.330E-25
147.5         3.318E-25
147.6         3.307E-25
147.7         3.296E-25
147.8         3.285E-25
147.9         3.273E-25
148.0         3.262E-25
148.1         3.251E-25
148.2         3.240E-25
148.3         3.229E-25
148.4         3.218E-25
148.5         3.208E-25
148.6         3.197E-25
148.7         3.186E-25
148.8         3.175E-25
148.9         3.165E-25
149.0         3.154E-25
149.1         3.143E-25
149.2         3.133E-25
149.3         3.122E-25
149.4         3.112E-25
149.5         3.102E-25
149.6         3.091E-25
149.7         3.081E-25
149.8         3.071E-25
149.9         3.060E-25
150.0         3.050E-25
150.1         3.040E-25
150.2         3.030E-25
150.3         3.020E-25
150.4         3.010E-25
150.5         3.000E-25
150.6         2.990E-25
150.7         2.980E-25
150.8         2.970E-25
150.9         2.960E-25
151.0         2.951E-25
151.1         2.941E-25
151.2         2.931E-25
151.3         2.921E-25
151.4         2.912E-25
151.5         2.902E-25
151.6         2.893E-25
151.7         2.883E-25
151.8         2.874E-25
151.9         2.864E-25
152.0         2.855E-25
152.1         2.846E-25
152.2         2.836E-25
152.3         2.827E-25
152.4         2.818E-25
152.5         2.809E-25
152.6         2.800E-25
152.7         2.790E-25
152.8         2.781E-25
152.9         2.772E-25
153.0         2.763E-25
153.1         2.754E-25
153.2         2.745E-25
153.3         2.737E-25
153.4         2.728E-25
153.5         2.719E-25
153.6         2.710E-25
153.7         2.701E-25
153.8         2.693E-25
153.9         2.684E-25
154.0         2.675E-25
154.1         2.667E-25
154.2         2.658E-25
154.3         2.650E-25
154.4         2.641E-25
154.5         2.633E-25
154.6         2.624E-25
154.7         2.616E-25
154.8         2.607E-25
154.9         2.599E-25
155.0         2.591E-25
155.1         2.583E-25
155.2         2.574E-25
155.3         2.566E-25
155.4         2.558E-25
155.5         2.550E-25
155.6         2.542E-25
155.7         2.534E-25
155.8         2.526E-25
155.9         2.518E-25
156.0         2.510E-25
156.1         2.502E-25
156.2         2.494E-25
156.3         2.486E-25
156.4         2.478E-25
156.5         2.470E-25
156.6         2.462E-25
156.7         2.455E-25
156.8         2.447E-25
156.9         2.439E-25
157.0         2.432E-25
157.1         2.424E-25
157.2         2.416E-25
157.3         2.409E-25
157.4         2.401E-25
157.5         2.394E-25
157.6         2.386E-25
157.7         2.379E-25
157.8         2.371E-25
157.9         2.364E-25
158.0         2.357E-25
158.1         2.349E-25
158.2         2.342E-25
158.3         2.335E-25
158.4         2.328E-25
158.5         2.320E-25
158.6         2.313E-25
158.7         2.306E-25
158.8         2.299E-25
158.9         2.292E-25
159.0         2.285E-25
159.1         2.278E-25
159.2         2.271E-25
159.3         2.264E-25
159.4         2.257E-25
159.5         2.250E-25
159.6         2.243E-25
159.7         2.236E-25
159.8         2.229E-25
159.9         2.222E-25
160.0         2.215E-25
160.1         2.209E-25
160.2         2.202E-25
160.3         2.195E-25
160.4         2.188E-25
160.5         2.182E-25
160.6         2.175E-25
160.7         2.168E-25
160.8         2.162E-25
160.9         2.155E-25
161.0         2.149E-25
161.1         2.142E-25
161.2         2.136E-25
161.3         2.129E-25
161.4         2.123E-25
161.5         2.116E-25
161.6         2.110E-25
161.7         2.104E-25
161.8         2.097E-25
161.9         2.091E-25
162.0         2.085E-25
162.1         2.078E-25
162.2         2.072E-25
162.3         2.066E-25
162.4         2.060E-25
162.5         2.053E-25
162.6         2.047E-25
162.7         2.041E-25
162.8         2.035E-25
162.9         2.029E-25
163.0         2.023E-25
163.1         2.017E-25
163.2         2.011E-25
163.3         2.005E-25
163.4         1.999E-25
163.5         1.993E-25
163.6         1.987E-25
163.7         1.981E-25
163.8         1.975E-25
163.9         1.969E-25
164.0         1.963E-25
164.1         1.958E-25
164.2         1.952E-25
164.3         1.946E-25
164.4         1.940E-25
164.5         1.934E-25
164.6         1.929E-25
164.7         1.923E-25
164.8         1.917E-25
164.9         1.912E-25
165.0         1.906E-25
165.1         1.900E-25
165.2         1.895E-25
165.3         1.889E-25
165.4         1.884E-25
165.5         1.878E-25
165.6         1.873E-25
165.7         1.867E-25
165.8         1.862E-25
165.9         1.856E-25
166.0         1.851E-25
166.1         1.845E-25
166.2         1.840E-25
166.3         1.835E-25
166.4         1.829E-25
166.5         1.824E-25
166.6         1.819E-25
166.7         1.813E-25
166.8         1.808E-25
166.9         1.803E-25
167.0         1.798E-25
167.1         1.793E-25
167.2         1.787E-25
167.3         1.782E-25
167.4         1.777E-25
167.5         1.772E-25
167.6         1.767E-25
167.7         1.762E-25
167.8         1.757E-25
167.9         1.752E-25
168.0         1.746E-25
168.1         1.741E-25
168.2         1.736E-25
168.3         1.731E-25
168.4         1.726E-25
168.5         1.722E-25
168.6         1.717E-25
168.7         1.712E-25
168.8         1.707E-25
168.9         1.702E-25
169.0         1.697E-25
169.1         1.692E-25
169.2         1.687E-25
169.3         1.683E-25
169.4         1.678E-25
169.5         1.673E-25
169.6         1.668E-25
169.7         1.663E-25
169.8         1.659E-25
169.9         1.654E-25
170.0         1.649E-25
170.1         1.645E-25
170.2         1.640E-25
170.3         1.635E-25
170.4         1.631E-25
170.5         1.626E-25
170.6         1.622E-25
170.7         1.617E-25
170.8         1.612E-25
170.9         1.608E-25
171.0         1.603E-25
171.1         1.599E-25
171.2         1.594E-25
171.3         1.590E-25
171.4         1.585E-25
171.5         1.581E-25
171.6         1.577E-25
171.7         1.572E-25
171.8         1.568E-25
171.9         1.563E-25
172.0         1.559E-25
172.1         1.555E-25
172.2         1.550E-25
172.3         1.546E-25
172.4         1.542E-25
172.5         1.537E-25
172.6         1.533E-25
172.7         1.529E-25
172.8         1.525E-25
172.9         1.520E-25
173.0         1.516E-25
173.1         1.512E-25
173.2         1.508E-25
173.3         1.504E-25
173.4         1.499E-25
173.5         1.495E-25
173.6         1.491E-25
173.7         1.487E-25
173.8         1.483E-25
173.9         1.479E-25
174.0         1.475E-25
174.1         1.471E-25
174.2         1.467E-25
174.3         1.463E-25
174.4         1.459E-25
174.5         1.455E-25
174.6         1.451E-25
174.7         1.447E-25
174.8         1.443E-25
174.9         1.439E-25
175.0         1.435E-25
175.1         1.431E-25
175.2         1.427E-25
175.3         1.423E-25
175.4         1.419E-25
175.5         1.415E-25
175.6         1.412E-25
175.7         1.408E-25
175.8         1.404E-25
175.9         1.400E-25
176.0         1.396E-25
176.1         1.392E-25
176.2         1.389E-25
176.3         1.385E-25
176.4         1.381E-25
176.5         1.377E-25
176.6         1.374E-25
176.7         1.370E-25
176.8         1.366E-25
176.9         1.363E-25
177.0         1.359E-25
177.1         1.355E-25
177.2         1.352E-25
177.3         1.348E-25
177.4         1.344E-25
177.5         1.341E-25
177.6         1.337E-25
177.7         1.334E-25
177.8         1.330E-25
177.9         1.326E-25
178.0         1.323E-25
178.1         1.319E-25
178.2         1.316E-25
178.3         1.312E-25
178.4         1.309E-25
178.5         1.305E-25
178.6         1.302E-25
178.7         1.298E-25
178.8         1.295E-25
178.9         1.291E-25
179.0         1.288E-25
179.1         1.285E-25
179.2         1.281E-25
179.3         1.278E-25
179.4         1.274E-25
179.5         1.271E-25
179.6         1.268E-25
179.7         1.264E-25
179.8         1.261E-25
179.9         1.258E-25
180.0         1.254E-25
180.1         1.251E-25
180.2         1.248E-25
180.3         1.244E-25
180.4         1.241E-25
180.5         1.238E-25
180.6         1.235E-25
180.7         1.231E-25
180.8         1.228E-25
180.9         1.225E-25
181.0         1.222E-25
181.1         1.219E-25
181.2         1.215E-25
181.3         1.212E-25
181.4         1.209E-25
181.5         1.206E-25
181.6         1.203E-25
181.7         1.200E-25
181.8         1.197E-25
181.9         1.193E-25
182.0         1.190E-25
182.1         1.187E-25
182.2         1.184E-25
182.3         1.181E-25
182.4         1.178E-25
182.5         1.175E-25
182.6         1.172E-25
182.7         1.169E-25
182.8         1.166E-25
182.9         1.163E-25
183.0         1.160E-25
183.1         1.157E-25
183.2         1.154E-25
183.3         1.151E-25
183.4         1.148E-25
183.5         1.145E-25
183.6         1.142E-25
183.7         1.139E-25
183.8         1.136E-25
183.9         1.133E-25
184.0         1.130E-25
184.1         1.127E-25
184.2         1.124E-25
184.3         1.122E-25
184.4         1.119E-25
184.5         1.116E-25
184.6         1.113E-25
184.7         1.110E-25
184.8         1.107E-25
184.9         1.105E-25
185.0         1.102E-25
185.1         1.099E-25
185.2         1.096E-25
185.3         1.093E-25
185.4         1.091E-25
185.5         1.088E-25
185.6         1.085E-25
185.7         1.082E-25
185.8         1.079E-25
185.9         1.077E-25
186.0         1.074E-25
186.1         1.071E-25
186.2         1.069E-25
186.3         1.066E-25
186.4         1.063E-25
186.5         1.061E-25
186.6         1.058E-25
186.7         1.055E-25
186.8         1.053E-25
186.9         1.050E-25
187.0         1.047E-25
187.1         1.045E-25
187.2         1.042E-25
187.3         1.039E-25
187.4         1.037E-25
187.5         1.034E-25
187.6         1.032E-25
187.7         1.029E-25
187.8         1.026E-25
187.9         1.024E-25
188.0         1.021E-25
188.1         1.019E-25
188.2         1.016E-25
188.3         1.014E-25
188.4         1.011E-25
188.5         1.009E-25
188.6         1.006E-25
188.7         1.004E-25
188.8         1.001E-25
188.9         9.986E-26
189.0         9.962E-26
189.1         9.937E-26
189.2         9.912E-26
189.3         9.888E-26
189.4         9.863E-26
189.5         9.839E-26
189.6         9.814E-26
189.7         9.790E-26
189.8         9.766E-26
189.9         9.742E-26
190.0         9.718E-26
190.1         9.694E-26
190.2         9.670E-26
190.3         9.646E-26
190.4         9.623E-26
190.5         9.599E-26
190.6         9.575E-26
190.7         9.552E-26
190.8         9.528E-26
190.9         9.505E-26
191.0         9.482E-26
191.1         9.458E-26
191.2         9.435E-26
191.3         9.412E-26
191.4         9.389E-26
191.5         9.366E-26
191.6         9.343E-26
191.7         9.321E-26
191.8         9.298E-26
191.9         9.275E-26
192.0         9.253E-26
192.1         9.230E-26
192.2         9.208E-26
192.3         9.185E-26
192.4         9.163E-26
192.5         9.141E-26
192.6         9.119E-26
192.7         9.097E-26
192.8         9.075E-26
192.9         9.053E-26
193.0         9.031E-26
193.1         9.009E-26
193.2         8.987E-26
193.3         8.965E-26
193.4         8.944E-26
193.5         8.922E-26
193.6         8.901E-26
193.7         8.879E-26
193.8         8.858E-26
193.9         8.837E-26
194.0         8.815E-26
194.1         8.794E-26
194.2         8.773E-26
194.3         8.752E-26
194.4         8.731E-26
194.5         8.710E-26
194.6         8.689E-26
194.7         8.669E-26
194.8         8.648E-26
194.9         8.627E-26
195.0         8.607E-26
195.1         8.586E-26
195.2         8.566E-26
195.3         8.545E-26
195.4         8.525E-26
195.5         8.505E-26
195.6         8.484E-26
195.7         8.464E-26
195.8         8.444E-26
195.9         8.424E-26
196.0         8.404E-26
196.1         8.384E-26
196.2         8.364E-26
196.3         8.344E-26
196.4         8.325E-26
196.5         8.305E-26
196.6         8.285E-26
196.7         8.266E-26
196.8         8.246E-26
196.9         8.227E-26
197.0         8.207E-26
197.1         8.188E-26
197.2         8.169E-26
197.3         8.150E-26
197.4         8.130E-26
197.5         8.111E-26
197.6         8.092E-26
197.7         8.073E-26
197.8         8.054E-26
197.9         8.035E-26
198.0         8.017E-26
198.1         7.998E-26
198.2         7.979E-26
198.3         7.960E-26
198.4         7.942E-26
198.5         7.923E-26
198.6         7.905E-26
198.7         7.886E-26
198.8         7.868E-26
198.9         7.850E-26
199.0         7.831E-26
199.1         7.813E-26
199.2         7.795E-26
199.3         7.777E-26
199.4         7.759E-26
199.5         7.741E-26
199.6         7.723E-26
199.7         7.705E-26
199.8         7.687E-26
199.9         7.669E-26
200.0         7.651E-26
200.1         7.634E-26
200.2         7.616E-26
200.3         7.598E-26
200.4         7.581E-26
200.5         7.563E-26
200.6         7.546E-26
200.7         7.529E-26
200.8         7.511E-26
200.9         7.494E-26
201.0         7.477E-26
201.1         7.460E-26
201.2         7.442E-26
201.3         7.425E-26
201.4         7.408E-26
201.5         7.391E-26
201.6         7.374E-26
201.7         7.357E-26
201.8         7.341E-26
201.9         7.324E-26
202.0         7.307E-26
202.1         7.290E-26
202.2         7.274E-26
202.3         7.257E-26
202.4         7.241E-26
202.5         7.224E-26
202.6         7.208E-26
202.7         7.191E-26
202.8         7.175E-26
202.9         7.159E-26
203.0         7.142E-26
203.1         7.126E-26
203.2         7.110E-26
203.3         7.094E-26
203.4         7.078E-26
203.5         7.062E-26
203.6         7.046E-26
203.7         7.030E-26
203.8         7.014E-26
203.9         6.998E-26
204.0         6.982E-26
204.1         6.966E-26
204.2         6.951E-26
204.3         6.935E-26
204.4         6.919E-26
204.5         6.904E-26
204.6         6.888E-26
204.7         6.873E-26
204.8         6.857E-26
204.9         6.842E-26
205.0         6.826E-26
205.1         6.811E-26
205.2         6.796E-26
205.3         6.781E-26
205.4         6.765E-26
205.5         6.750E-26
205.6         6.735E-26
205.7         6.720E-26
205.8         6.705E-26
205.9         6.690E-26
206.0         6.675E-26
206.1         6.660E-26
206.2         6.645E-26
206.3         6.631E-26
206.4         6.616E-26
206.5         6.601E-26
206.6         6.587E-26
206.7         6.572E-26
206.8         6.557E-26
206.9         6.543E-26
207.0         6.528E-26
207.1         6.514E-26
207.2         6.499E-26
207.3         6.485E-26
207.4         6.471E-26
207.5         6.456E-26
207.6         6.442E-26
207.7         6.428E-26
207.8         6.413E-26
207.9         6.399E-26
208.0         6.385E-26
208.1         6.371E-26
208.2         6.357E-26
208.3         6.343E-26
208.4         6.329E-26
208.5         6.315E-26
208.6         6.301E-26
208.7         6.287E-26
208.8         6.274E-26
208.9         6.260E-26
209.0         6.246E-26
209.1         6.233E-26
209.2         6.219E-26
209.3         6.205E-26
209.4         6.192E-26
209.5         6.178E-26
209.6         6.165E-26
209.7         6.151E-26
209.8         6.138E-26
209.9         6.124E-26
210.0         6.111E-26
210.1         6.098E-26
210.2         6.084E-26
210.3         6.071E-26
210.4         6.058E-26
210.5         6.045E-26
210.6         6.032E-26
210.7         6.019E-26
210.8         6.005E-26
210.9         5.992E-26
211.0         5.979E-26
211.1         5.966E-26
211.2         5.954E-26
211.3         5.941E-26
211.4         5.928E-26
211.5         5.915E-26
211.6         5.902E-26
211.7         5.889E-26
211.8         5.877E-26
211.9         5.864E-26
212.0         5.851E-26
212.1         5.839E-26
212.2         5.826E-26
212.3         5.814E-26
212.4         5.801E-26
212.5         5.789E-26
212.6         5.776E-26
212.7         5.764E-26
212.8         5.752E-26
212.9         5.739E-26
213.0         5.727E-26
213.1         5.715E-26
213.2         5.702E-26
213.3         5.690E-26
213.4         5.678E-26
213.5         5.666E-26
213.6         5.654E-26
213.7         5.642E-26
213.8         5.630E-26
213.9         5.618E-26
214.0         5.606E-26
214.1         5.594E-26
214.2         5.582E-26
214.3         5.570E-26
214.4         5.558E-26
214.5         5.546E-26
214.6         5.535E-26
214.7         5.523E-26
214.8         5.511E-26
214.9         5.499E-26
215.0         5.488E-26
215.1         5.476E-26
215.2         5.465E-26
215.3         5.453E-26
215.4         5.441E-26
215.5         5.430E-26
215.6         5.419E-26
215.7         5.407E-26
215.8         5.396E-26
215.9         5.384E-26
216.0         5.373E-26
216.1         5.362E-26
216.2         5.350E-26
216.3         5.339E-26
216.4         5.328E-26
216.5         5.317E-26
216.6         5.306E-26
216.7         5.294E-26
216.8         5.283E-26
216.9         5.272E-26
217.0         5.261E-26
217.1         5.250E-26
217.2         5.239E-26
217.3         5.228E-26
217.4         5.217E-26
217.5         5.206E-26
217.6         5.195E-26
217.7         5.185E-26
217.8         5.174E-26
217.9         5.163E-26
218.0         5.152E-26
218.1         5.142E-26
218.2         5.131E-26
218.3         5.120E-26
218.4         5.109E-26
218.5         5.099E-26
218.6         5.088E-26
218.7         5.078E-26
218.8         5.067E-26
218.9         5.057E-26
219.0         5.046E-26
219.1         5.036E-26
219.2         5.025E-26
219.3         5.015E-26
219.4         5.005E-26
219.5         4.994E-26
219.6         4.984E-26
219.7         4.974E-26
219.8         4.963E-26
219.9         4.953E-26
220.0         4.943E-26
220.1         4.933E-26
220.2         4.923E-26
220.3         4.912E-26
220.4         4.902E-26
220.5         4.892E-26
220.6         4.882E-26
220.7         4.872E-26
220.8         4.862E-26
220.9         4.852E-26
221.0         4.842E-26
221.1         4.832E-26
221.2         4.822E-26
221.3         4.813E-26
221.4         4.803E-26
221.5         4.793E-26
221.6         4.783E-26
221.7         4.773E-26
221.8         4.764E-26
221.9         4.754E-26
222.0         4.744E-26
222.1         4.735E-26
222.2         4.725E-26
222.3         4.715E-26
222.4         4.706E-26
222.5         4.696E-26
222.6         4.687E-26
222.7         4.677E-26
222.8         4.668E-26
222.9         4.658E-26
223.0         4.649E-26
223.1         4.639E-26
223.2         4.630E-26
223.3         4.620E-26
223.4         4.611E-26
223.5         4.602E-26
223.6         4.592E-26
223.7         4.583E-26
223.8         4.574E-26
223.9         4.565E-26
224.0         4.556E-26
224.1         4.546E-26
224.2         4.537E-26
224.3         4.528E-26
224.4         4.519E-26
224.5         4.510E-26
224.6         4.501E-26
224.7         4.492E-26
224.8         4.483E-26
224.9         4.474E-26
225.0         4.465E-26
225.1         4.456E-26
225.2         4.447E-26
225.3         4.438E-26
225.4         4.429E-26
225.5         4.420E-26
225.6         4.411E-26
225.7         4.403E-26
225.8         4.394E-26
225.9         4.385E-26
226.0         4.376E-26
226.1         4.367E-26
226.2         4.359E-26
226.3         4.350E-26
226.4         4.341E-26
226.5         4.333E-26
226.6         4.324E-26
226.7         4.316E-26
226.8         4.307E-26
226.9         4.298E-26
227.0         4.290E-26
227.1         4.281E-26
227.2         4.273E-26
227.3         4.264E-26
227.4         4.256E-26
227.5         4.248E-26
227.6         4.239E-26
227.7         4.231E-26
227.8         4.222E-26
227.9         4.214E-26
228.0         4.206E-26
228.1         4.197E-26
228.2         4.189E-26
228.3         4.181E-26
228.4         4.173E-26
228.5         4.164E-26
228.6         4.156E-26
228.7         4.148E-26
228.8         4.140E-26
228.9         4.132E-26
229.0         4.124E-26
229.1         4.116E-26
229.2         4.107E-26
229.3         4.099E-26
229.4         4.091E-26
229.5         4.083E-26
229.6         4.075E-26
229.7         4.067E-26
229.8         4.059E-26
229.9         4.052E-26
230.0         4.044E-26
230.1         4.036E-26
230.2         4.028E-26
230.3         4.020E-26
230.4         4.012E-26
230.5         4.004E-26
230.6         3.997E-26
230.7         3.989E-26
230.8         3.981E-26
230.9         3.973E-26
231.0         3.965E-26
231.1         3.958E-26
231.2         3.950E-26
231.3         3.942E-26
231.4         3.935E-26
231.5         3.927E-26
231.6         3.920E-26
231.7         3.912E-26
231.8         3.904E-26
231.9         3.897E-26
232.0         3.889E-26
232.1         3.882E-26
232.2         3.874E-26
232.3         3.867E-26
232.4         3.859E-26
232.5         3.852E-26
232.6         3.844E-26
232.7         3.837E-26
232.8         3.830E-26
232.9         3.822E-26
233.0         3.815E-26
233.1         3.808E-26
233.2         3.800E-26
233.3         3.793E-26
233.4         3.786E-26
233.5         3.778E-26
233.6         3.771E-26
233.7         3.764E-26
233.8         3.757E-26
233.9         3.750E-26
234.0         3.742E-26
234.1         3.735E-26
234.2         3.728E-26
234.3         3.721E-26
234.4         3.714E-26
234.5         3.707E-26
234.6         3.700E-26
234.7         3.693E-26
234.8         3.686E-26
234.9         3.679E-26
235.0         3.672E-26
235.1         3.665E-26
235.2         3.658E-26
235.3         3.651E-26
235.4         3.644E-26
235.5         3.637E-26
235.6         3.630E-26
235.7         3.623E-26
235.8         3.616E-26
235.9         3.609E-26
236.0         3.602E-26
236.1         3.596E-26
236.2         3.589E-26
236.3         3.582E-26
236.4         3.575E-26
236.5         3.568E-26
236.6         3.562E-26
236.7         3.555E-26
236.8         3.548E-26
236.9         3.542E-26
237.0         3.535E-26
237.1         3.528E-26
237.2         3.522E-26
237.3         3.515E-26
237.4         3.508E-26
237.5         3.502E-26
237.6         3.495E-26
237.7         3.489E-26
237.8         3.482E-26
237.9         3.475E-26
238.0         3.469E-26
238.1         3.462E-26
238.2         3.456E-26
238.3         3.449E-26
238.4         3.443E-26
238.5         3.437E-26
238.6         3.430E-26
238.7         3.424E-26
238.8         3.417E-26
238.9         3.411E-26
239.0         3.405E-26
239.1         3.398E-26
239.2         3.392E-26
239.3         3.386E-26
239.4         3.379E-26
239.5         3.373E-26
239.6         3.367E-26
239.7         3.360E-26
239.8         3.354E-26
239.9         3.348E-26
240.0         3.342E-26
240.1         3.336E-26
240.2         3.329E-26
240.3         3.323E-26
240.4         3.317E-26
240.5         3.311E-26
240.6         3.305E-26
240.7         3.299E-26
240.8         3.292E-26
240.9         3.286E-26
241.0         3.280E-26
241.1         3.274E-26
241.2         3.268E-26
241.3         3.262E-26
241.4         3.256E-26
241.5         3.250E-26
241.6         3.244E-26
241.7         3.238E-26
241.8         3.232E-26
241.9         3.226E-26
242.0         3.220E-26
242.1         3.214E-26
242.2         3.208E-26
242.3         3.203E-26
242.4         3.197E-26
242.5         3.191E-26
242.6         3.185E-26
242.7         3.179E-26
242.8         3.173E-26
242.9         3.168E-26
243.0         3.162E-26
243.1         3.156E-26
243.2         3.150E-26
243.3         3.144E-26
243.4         3.139E-26
243.5         3.133E-26
243.6         3.127E-26
243.7         3.122E-26
243.8         3.116E-26
243.9         3.110E-26
244.0         3.104E-26
244.1         3.099E-26
244.2         3.093E-26
244.3         3.088E-26
244.4         3.082E-26
244.5         3.076E-26
244.6         3.071E-26
244.7         3.065E-26
244.8         3.060E-26
244.9         3.054E-26
245.0         3.049E-26
245.1         3.043E-26
245.2         3.037E-26
245.3         3.032E-26
245.4         3.026E-26
245.5         3.021E-26
245.6         3.016E-26
245.7         3.010E-26
245.8         3.005E-26
245.9         2.999E-26
246.0         2.994E-26
246.1         2.988E-26
246.2         2.983E-26
246.3         2.978E-26
246.4         2.972E-26
246.5         2.967E-26
246.6         2.962E-26
246.7         2.956E-26
246.8         2.951E-26
246.9         2.946E-26
247.0         2.940E-26
247.1         2.935E-26
247.2         2.930E-26
247.3         2.925E-26
247.4         2.919E-26
247.5         2.914E-26
247.6         2.909E-26
247.7         2.904E-26
247.8         2.898E-26
247.9         2.893E-26
248.0         2.888E-26
248.1         2.883E-26
248.2         2.878E-26
248.3         2.873E-26
248.4         2.868E-26
248.5         2.862E-26
248.6         2.857E-26
248.7         2.852E-26
248.8         2.847E-26
248.9         2.842E-26
249.0         2.837E-26
249.1         2.832E-26
249.2         2.827E-26
249.3         2.822E-26
249.4         2.817E-26
249.5         2.812E-26
249.6         2.807E-26
249.7         2.802E-26
249.8         2.797E-26
249.9         2.792E-26
250.0         2.787E-26
250.1         2.782E-26
250.2         2.777E-26
250.3         2.772E-26
250.4         2.767E-26
250.5         2.763E-26
250.6         2.758E-26
250.7         2.753E-26
250.8         2.748E-26
250.9         2.743E-26
251.0         2.738E-26
251.1         2.733E-26
251.2         2.729E-26
251.3         2.724E-26
251.4         2.719E-26
251.5         2.714E-26
251.6         2.709E-26
251.7         2.705E-26
251.8         2.700E-26
251.9         2.695E-26
252.0         2.691E-26
252.1         2.686E-26
252.2         2.681E-26
252.3         2.676E-26
252.4         2.672E-26
252.5         2.667E-26
252.6         2.662E-26
252.7         2.658E-26
252.8         2.653E-26
252.9         2.648E-26
253.0         2.644E-26
253.1         2.639E-26
253.2         2.635E-26
253.3         2.630E-26
253.4         2.625E-26
253.5         2.621E-26
253.6         2.616E-26
253.7         2.612E-26
253.8         2.607E-26
253.9         2.603E-26
254.0         2.598E-26
254.1         2.594E-26
254.2         2.589E-26
254.3         2.585E-26
254.4         2.580E-26
254.5         2.576E-26
254.6         2.571E-26
254.7         2.567E-26
254.8         2.562E-26
254.9         2.558E-26
255.0         2.553E-26
255.1         2.549E-26
255.2         2.545E-26
255.3         2.540E-26
255.4         2.536E-26
255.5         2.531E-26
255.6         2.527E-26
255.7         2.523E-26
255.8         2.518E-26
255.9         2.514E-26
256.0         2.510E-26
256.1         2.505E-26
256.2         2.501E-26
256.3         2.497E-26
256.4         2.492E-26
256.5         2.488E-26
256.6         2.484E-26
256.7         2.480E-26
256.8         2.475E-26
256.9         2.471E-26
257.0         2.467E-26
257.1         2.463E-26
257.2         2.458E-26
257.3         2.454E-26
257.4         2.450E-26
257.5         2.446E-26
257.6         2.442E-26
257.7         2.438E-26
257.8         2.433E-26
257.9         2.429E-26
258.0         2.425E-26
258.1         2.421E-26
258.2         2.417E-26
258.3         2.413E-26
258.4         2.409E-26
258.5         2.404E-26
258.6         2.400E-26
258.7         2.396E-26
258.8         2.392E-26
258.9         2.388E-26
259.0         2.384E-26
259.1         2.380E-26
259.2         2.376E-26
259.3         2.372E-26
259.4         2.368E-26
259.5         2.364E-26
259.6         2.360E-26
259.7         2.356E-26
259.8         2.352E-26
259.9         2.348E-26
260.0         2.344E-26
260.1         2.340E-26
260.2         2.336E-26
260.3         2.332E-26
260.4         2.328E-26
260.5         2.324E-26
260.6         2.320E-26
260.7         2.316E-26
260.8         2.313E-26
260.9         2.309E-26
261.0         2.305E-26
261.1         2.301E-26
261.2         2.297E-26
261.3         2.293E-26
261.4         2.289E-26
261.5         2.285E-26
261.6         2.282E-26
261.7         2.278E-26
261.8         2.274E-26
261.9         2.270E-26
262.0         2.266E-26
262.1         2.263E-26
262.2         2.259E-26
262.3         2.255E-26
262.4         2.251E-26
262.5         2.247E-26
262.6         2.244E-26
262.7         2.240E-26
262.8         2.236E-26
262.9         2.232E-26
263.0         2.229E-26
263.1         2.225E-26
263.2         2.221E-26
263.3         2.218E-26
263.4         2.214E-26
263.5         2.210E-26
263.6         2.207E-26
263.7         2.203E-26
263.8         2.199E-26
263.9         2.196E-26
264.0         2.192E-26
264.1         2.188E-26
264.2         2.185E-26
264.3         2.181E-26
264.4         2.177E-26
264.5         2.174E-26
264.6         2.170E-26
264.7         2.167E-26
264.8         2.163E-26
264.9         2.159E-26
265.0         2.156E-26
265.1         2.152E-26
265.2         2.149E-26
265.3         2.145E-26
265.4         2.142E-26
265.5         2.138E-26
265.6         2.135E-26
265.7         2.131E-26
265.8         2.127E-26
265.9         2.124E-26
266.0         2.120E-26
266.1         2.117E-26
266.2         2.114E-26
266.3         2.110E-26
266.4         2.107E-26
266.5         2.103E-26
266.6         2.100E-26
266.7         2.096E-26
266.8         2.093E-26
266.9         2.089E-26
267.0         2.086E-26
267.1         2.082E-26
267.2         2.079E-26
267.3         2.076E-26
267.4         2.072E-26
267.5         2.069E-26
267.6         2.065E-26
267.7         2.062E-26
267.8         2.059E-26
267.9         2.055E-26
268.0         2.052E-26
268.1         2.049E-26
268.2         2.045E-26
268.3         2.042E-26
268.4         2.039E-26
268.5         2.035E-26
268.6         2.032E-26
268.7         2.029E-26
268.8         2.025E-26
268.9         2.022E-26
269.0         2.019E-26
269.1         2.016E-26
269.2         2.012E-26
269.3         2.009E-26
269.4         2.006E-26
269.5         2.002E-26
269.6         1.999E-26
269.7         1.996E-26
269.8         1.993E-26
269.9         1.990E-26
270.0         1.986E-26
270.1         1.983E-26
270.2         1.980E-26
270.3         1.977E-26
270.4         1.973E-26
270.5         1.970E-26
270.6         1.967E-26
270.7         1.964E-26
270.8         1.961E-26
270.9         1.958E-26
271.0         1.954E-26
271.1         1.951E-26
271.2         1.948E-26
271.3         1.945E-26
271.4         1.942E-26
271.5         1.939E-26
271.6         1.936E-26
271.7         1.933E-26
271.8         1.929E-26
271.9         1.926E-26
272.0         1.923E-26
272.1         1.920E-26
272.2         1.917E-26
272.3         1.914E-26
272.4         1.911E-26
272.5         1.908E-26
272.6         1.905E-26
272.7         1.902E-26
272.8         1.899E-26
272.9         1.896E-26
273.0         1.893E-26
273.1         1.890E-26
273.2         1.887E-26
273.3         1.884E-26
273.4         1.881E-26
273.5         1.878E-26
273.6         1.875E-26
273.7         1.872E-26
273.8         1.869E-26
273.9         1.866E-26
274.0         1.863E-26
274.1         1.860E-26
274.2         1.857E-26
274.3         1.854E-26
274.4         1.851E-26
274.5         1.848E-26
274.6         1.845E-26
274.7         1.842E-26
274.8         1.839E-26
274.9         1.836E-26
275.0         1.833E-26
275.1         1.830E-26
275.2         1.828E-26
275.3         1.825E-26
275.4         1.822E-26
275.5         1.819E-26
275.6         1.816E-26
275.7         1.813E-26
275.8         1.810E-26
275.9         1.807E-26
276.0         1.805E-26
276.1         1.802E-26
276.2         1.799E-26
276.3         1.796E-26
276.4         1.793E-26
276.5         1.790E-26
276.6         1.788E-26
276.7         1.785E-26
276.8         1.782E-26
276.9         1.779E-26
277.0         1.776E-26
277.1         1.774E-26
277.2         1.771E-26
277.3         1.768E-26
277.4         1.765E-26
277.5         1.762E-26
277.6         1.760E-26
277.7         1.757E-26
277.8         1.754E-26
277.9         1.751E-26
278.0         1.749E-26
278.1         1.746E-26
278.2         1.743E-26
278.3         1.740E-26
278.4         1.738E-26
278.5         1.735E-26
278.6         1.732E-26
278.7         1.730E-26
278.8         1.727E-26
278.9         1.724E-26
279.0         1.722E-26
279.1         1.719E-26
279.2         1.716E-26
279.3         1.714E-26
279.4         1.711E-26
279.5         1.708E-26
279.6         1.706E-26
279.7         1.703E-26
279.8         1.700E-26
279.9         1.698E-26
280.0         1.695E-26
280.1         1.692E-26
280.2         1.690E-26
280.3         1.687E-26
280.4         1.684E-26
280.5         1.682E-26
280.6         1.679E-26
280.7         1.677E-26
280.8         1.674E-26
280.9         1.671E-26
281.0         1.669E-26
281.1         1.666E-26
281.2         1.664E-26
281.3         1.661E-26
281.4         1.659E-26
281.5         1.656E-26
281.6         1.653E-26
281.7         1.651E-26
281.8         1.648E-26
281.9         1.646E-26
282.0         1.643E-26
282.1         1.641E-26
282.2         1.638E-26
282.3         1.636E-26
282.4         1.633E-26
282.5         1.631E-26
282.6         1.628E-26
282.7         1.626E-26
282.8         1.623E-26
282.9         1.621E-26
283.0         1.618E-26
283.1         1.616E-26
283.2         1.613E-26
283.3         1.611E-26
283.4         1.608E-26
283.5         1.606E-26
283.6         1.603E-26
283.7         1.601E-26
283.8         1.599E-26
283.9         1.596E-26
284.0         1.594E-26
284.1         1.591E-26
284.2         1.589E-26
284.3         1.586E-26
284.4         1.584E-26
284.5         1.581E-26
284.6         1.579E-26
284.7         1.577E-26
284.8         1.574E-26
284.9         1.572E-26
285.0         1.569E-26
285.1         1.567E-26
285.2         1.565E-26
285.3         1.562E-26
285.4         1.560E-26
285.5         1.558E-26
285.6         1.555E-26
285.7         1.553E-26
285.8         1.551E-26
285.9         1.548E-26
286.0         1.546E-26
286.1         1.543E-26
286.2         1.541E-26
286.3         1.539E-26
286.4         1.536E-26
286.5         1.534E-26
286.6         1.532E-26
286.7         1.530E-26
286.8         1.527E-26
286.9         1.525E-26
287.0         1.523E-26
287.1         1.520E-26
287.2         1.518E-26
287.3         1.516E-26
287.4         1.513E-26
287.5         1.511E-26
287.6         1.509E-26
287.7         1.507E-26
287.8         1.504E-26
287.9         1.502E-26
288.0         1.500E-26
288.1         1.498E-26
288.2         1.495E-26
288.3         1.493E-26
288.4         1.491E-26
288.5         1.489E-26
288.6         1.486E-26
288.7         1.484E-26
288.8         1.482E-26
288.9         1.480E-26
289.0         1.477E-26
289.1         1.475E-26
289.2         1.473E-26
289.3         1.471E-26
289.4         1.469E-26
289.5         1.466E-26
289.6         1.464E-26
289.7         1.462E-26
289.8         1.460E-26
289.9         1.458E-26
290.0         1.456E-26
290.1         1.453E-26
290.2         1.451E-26
290.3         1.449E-26
290.4         1.447E-26
290.5         1.445E-26
290.6         1.443E-26
290.7         1.440E-26
290.8         1.438E-26
290.9         1.436E-26
291.0         1.434E-26
291.1         1.432E-26
291.2         1.430E-26
291.3         1.428E-26
291.4         1.426E-26
291.5         1.423E-26
291.6         1.421E-26
291.7         1.419E-26
291.8         1.417E-26
291.9         1.415E-26
292.0         1.413E-26
292.1         1.411E-26
292.2         1.409E-26
292.3         1.407E-26
292.4         1.405E-26
292.5         1.402E-26
292.6         1.400E-26
292.7         1.398E-26
292.8         1.396E-26
292.9         1.394E-26
293.0         1.392E-26
293.1         1.390E-26
293.2         1.388E-26
293.3         1.386E-26
293.4         1.384E-26
293.5         1.382E-26
293.6         1.380E-26
293.7         1.378E-26
293.8         1.376E-26
293.9         1.374E-26
294.0         1.372E-26
294.1         1.370E-26
294.2         1.368E-26
294.3         1.366E-26
294.4         1.364E-26
294.5         1.362E-26
294.6         1.360E-26
294.7         1.358E-26
294.8         1.356E-26
294.9         1.354E-26
295.0         1.352E-26
295.1         1.350E-26
295.2         1.348E-26
295.3         1.346E-26
295.4         1.344E-26
295.5         1.342E-26
295.6         1.340E-26
295.7         1.338E-26
295.8         1.336E-26
295.9         1.334E-26
296.0         1.332E-26
296.1         1.330E-26
296.2         1.328E-26
296.3         1.326E-26
296.4         1.325E-26
296.5         1.323E-26
296.6         1.321E-26
296.7         1.319E-26
296.8         1.317E-26
296.9         1.315E-26
297.0         1.313E-26
297.1         1.311E-26
297.2         1.309E-26
297.3         1.307E-26
297.4         1.305E-26
297.5         1.304E-26
297.6         1.302E-26
297.7         1.300E-26
297.8         1.298E-26
297.9         1.296E-26
298.0         1.294E-26
298.1         1.292E-26
298.2         1.290E-26
298.3         1.289E-26
298.4         1.287E-26
298.5         1.285E-26
298.6         1.283E-26
298.7         1.281E-26
298.8         1.279E-26
298.9         1.277E-26
299.0         1.276E-26
299.1         1.274E-26
299.2         1.272E-26
299.3         1.270E-26
299.4         1.268E-26
299.5         1.266E-26
299.6         1.265E-26
299.7         1.263E-26
299.8         1.261E-26
299.9         1.259E-26
300.0         1.257E-26
300.1         1.256E-26
300.2         1.254E-26
300.3         1.252E-26
300.4         1.250E-26
300.5         1.248E-26
300.6         1.247E-26
300.7         1.245E-26
300.8         1.243E-26
300.9         1.241E-26
301.0         1.239E-26
301.1         1.238E-26
301.2         1.236E-26
301.3         1.234E-26
301.4         1.232E-26
301.5         1.231E-26
301.6         1.229E-26
301.7         1.227E-26
301.8         1.225E-26
301.9         1.224E-26
302.0         1.222E-26
302.1         1.220E-26
302.2         1.218E-26
302.3         1.217E-26
302.4         1.215E-26
302.5         1.213E-26
302.6         1.211E-26
302.7         1.210E-26
302.8         1.208E-26
302.9         1.206E-26
303.0         1.205E-26
303.1         1.203E-26
303.2         1.201E-26
303.3         1.199E-26
303.4         1.198E-26
303.5         1.196E-26
303.6         1.194E-26
303.7         1.193E-26
303.8         1.191E-26
303.9         1.189E-26
304.0         1.188E-26
304.1         1.186E-26
304.2         1.184E-26
304.3         1.183E-26
304.4         1.181E-26
304.5         1.179E-26
304.6         1.178E-26
304.7         1.176E-26
304.8         1.174E-26
304.9         1.173E-26
305.0         1.171E-26
305.1         1.169E-26
305.2         1.168E-26
305.3         1.166E-26
305.4         1.164E-26
305.5         1.163E-26
305.6         1.161E-26
305.7         1.160E-26
305.8         1.158E-26
305.9         1.156E-26
306.0         1.155E-26
306.1         1.153E-26
306.2         1.151E-26
306.3         1.150E-26
306.4         1.148E-26
306.5         1.147E-26
306.6         1.145E-26
306.7         1.143E-26
306.8         1.142E-26
306.9         1.140E-26
307.0         1.139E-26
307.1         1.137E-26
307.2         1.135E-26
307.3         1.134E-26
307.4         1.132E-26
307.5         1.131E-26
307.6         1.129E-26
307.7         1.127E-26
307.8         1.126E-26
307.9         1.124E-26
308.0         1.123E-26
308.1         1.121E-26
308.2         1.120E-26
308.3         1.118E-26
308.4         1.117E-26
308.5         1.115E-26
308.6         1.113E-26
308.7         1.112E-26
308.8         1.110E-26
308.9         1.109E-26
309.0         1.107E-26
309.1         1.106E-26
309.2         1.104E-26
309.3         1.103E-26
309.4         1.101E-26
309.5         1.100E-26
309.6         1.098E-26
309.7         1.097E-26
309.8         1.095E-26
309.9         1.094E-26
310.0         1.092E-26
310.1         1.090E-26
310.2         1.089E-26
310.3         1.087E-26
310.4         1.086E-26
310.5         1.084E-26
310.6         1.083E-26
310.7         1.081E-26
310.8         1.080E-26
310.9         1.079E-26
311.0         1.077E-26
311.1         1.076E-26
311.2         1.074E-26
311.3         1.073E-26
311.4         1.071E-26
311.5         1.070E-26
311.6         1.068E-26
311.7         1.067E-26
311.8         1.065E-26
311.9         1.064E-26
312.0         1.062E-26
312.1         1.061E-26
312.2         1.059E-26
312.3         1.058E-26
312.4         1.056E-26
312.5         1.055E-26
312.6         1.054E-26
312.7         1.052E-26
312.8         1.051E-26
312.9         1.049E-26
313.0         1.048E-26
313.1         1.046E-26
313.2         1.045E-26
313.3         1.044E-26
313.4         1.042E-26
313.5         1.041E-26
313.6         1.039E-26
313.7         1.038E-26
313.8         1.036E-26
313.9         1.035E-26
314.0         1.034E-26
314.1         1.032E-26
314.2         1.031E-26
314.3         1.029E-26
314.4         1.028E-26
314.5         1.027E-26
314.6         1.025E-26
314.7         1.024E-26
314.8         1.022E-26
314.9         1.021E-26
315.0         1.020E-26
315.1         1.018E-26
315.2         1.017E-26
315.3         1.015E-26
315.4         1.014E-26
315.5         1.013E-26
315.6         1.011E-26
315.7         1.010E-26
315.8         1.009E-26
315.9         1.007E-26
316.0         1.006E-26
316.1         1.005E-26
316.2         1.003E-26
316.3         1.002E-26
316.4         1.000E-26
316.5         9.991E-27
316.6         9.978E-27
316.7         9.964E-27
316.8         9.951E-27
316.9         9.937E-27
317.0         9.924E-27
317.1         9.910E-27
317.2         9.897E-27
317.3         9.884E-27
317.4         9.870E-27
317.5         9.857E-27
317.6         9.844E-27
317.7         9.831E-27
317.8         9.817E-27
317.9         9.804E-27
318.0         9.791E-27
318.1         9.778E-27
318.2         9.765E-27
318.3         9.752E-27
318.4         9.738E-27
318.5         9.725E-27
318.6         9.712E-27
318.7         9.699E-27
318.8         9.686E-27
318.9         9.673E-27
319.0         9.660E-27
319.1         9.647E-27
319.2         9.635E-27
319.3         9.622E-27
319.4         9.609E-27
319.5         9.596E-27
319.6         9.583E-27
319.7         9.570E-27
319.8         9.558E-27
319.9         9.545E-27
320.0         9.532E-27
320.1         9.519E-27
320.2         9.507E-27
320.3         9.494E-27
320.4         9.481E-27
320.5         9.469E-27
320.6         9.456E-27
320.7         9.443E-27
320.8         9.431E-27
320.9         9.418E-27
321.0         9.406E-27
321.1         9.393E-27
321.2         9.381E-27
321.3         9.368E-27
321.4         9.356E-27
321.5         9.343E-27
321.6         9.331E-27
321.7         9.319E-27
321.8         9.306E-27
321.9         9.294E-27
322.0         9.282E-27
322.1         9.269E-27
322.2         9.257E-27
322.3         9.245E-27
322.4         9.233E-27
322.5         9.220E-27
322.6         9.208E-27
322.7         9.196E-27
322.8         9.184E-27
322.9         9.172E-27
323.0         9.160E-27
323.1         9.147E-27
323.2         9.135E-27
323.3         9.123E-27
323.4         9.111E-27
323.5         9.099E-27
323.6         9.087E-27
323.7         9.075E-27
323.8         9.063E-27
323.9         9.051E-27
324.0         9.040E-27
324.1         9.028E-27
324.2         9.016E-27
324.3         9.004E-27
324.4         8.992E-27
324.5         8.980E-27
324.6         8.968E-27
324.7         8.957E-27
324.8         8.945E-27
324.9         8.933E-27
325.0         8.921E-27
325.1         8.910E-27
325.2         8.898E-27
325.3         8.886E-27
325.4         8.875E-27
325.5         8.863E-27
325.6         8.852E-27
325.7         8.840E-27
325.8         8.828E-27
325.9         8.817E-27
326.0         8.805E-27
326.1         8.794E-27
326.2         8.782E-27
326.3         8.771E-27
326.4         8.759E-27
326.5         8.748E-27
326.6         8.737E-27
326.7         8.725E-27
326.8         8.714E-27
326.9         8.702E-27
327.0         8.691E-27
327.1         8.680E-27
327.2         8.668E-27
327.3         8.657E-27
327.4         8.646E-27
327.5         8.635E-27
327.6         8.623E-27
327.7         8.612E-27
327.8         8.601E-27
327.9         8.590E-27
328.0         8.579E-27
328.1         8.568E-27
328.2         8.556E-27
328.3         8.545E-27
328.4         8.534E-27
328.5         8.523E-27
328.6         8.512E-27
328.7         8.501E-27
328.8         8.490E-27
328.9         8.479E-27
329.0         8.468E-27
329.1         8.457E-27
329.2         8.446E-27
329.3         8.435E-27
329.4         8.424E-27
329.5         8.414E-27
329.6         8.403E-27
329.7         8.392E-27
329.8         8.381E-27
329.9         8.370E-27
330.0         8.359E-27
330.1         8.349E-27
330.2         8.338E-27
330.3         8.327E-27
330.4         8.316E-27
330.5         8.306E-27
330.6         8.295E-27
330.7         8.284E-27
330.8         8.274E-27
330.9         8.263E-27
331.0         8.252E-27
331.1         8.242E-27
331.2         8.231E-27
331.3         8.221E-27
331.4         8.210E-27
331.5         8.200E-27
331.6         8.189E-27
331.7         8.179E-27
331.8         8.168E-27
331.9         8.158E-27
332.0         8.147E-27
332.1         8.137E-27
332.2         8.126E-27
332.3         8.116E-27
332.4         8.105E-27
332.5         8.095E-27
332.6         8.085E-27
332.7         8.074E-27
332.8         8.064E-27
332.9         8.054E-27
333.0         8.044E-27
333.1         8.033E-27
333.2         8.023E-27
333.3         8.013E-27
333.4         8.003E-27
333.5         7.992E-27
333.6         7.982E-27
333.7         7.972E-27
333.8         7.962E-27
333.9         7.952E-27
334.0         7.942E-27
334.1         7.931E-27
334.2         7.921E-27
334.3         7.911E-27
334.4         7.901E-27
334.5         7.891E-27
334.6         7.881E-27
334.7         7.871E-27
334.8         7.861E-27
334.9         7.851E-27
335.0         7.841E-27
335.1         7.831E-27
335.2         7.821E-27
335.3         7.812E-27
335.4         7.802E-27
335.5         7.792E-27
335.6         7.782E-27
335.7         7.772E-27
335.8         7.762E-27
335.9         7.752E-27
336.0         7.743E-27
336.1         7.733E-27
336.2         7.723E-27
336.3         7.713E-27
336.4         7.704E-27
336.5         7.694E-27
336.6         7.684E-27
336.7         7.674E-27
336.8         7.665E-27
336.9         7.655E-27
337.0         7.645E-27
337.1         7.636E-27
337.2         7.626E-27
337.3         7.617E-27
337.4         7.607E-27
337.5         7.597E-27
337.6         7.588E-27
337.7         7.578E-27
337.8         7.569E-27
337.9         7.559E-27
338.0         7.550E-27
338.1         7.540E-27
338.2         7.531E-27
338.3         7.521E-27
338.4         7.512E-27
338.5         7.503E-27
338.6         7.493E-27
338.7         7.484E-27
338.8         7.474E-27
338.9         7.465E-27
339.0         7.456E-27
339.1         7.446E-27
339.2         7.437E-27
339.3         7.428E-27
339.4         7.418E-27
339.5         7.409E-27
339.6         7.400E-27
339.7         7.391E-27
339.8         7.381E-27
339.9         7.372E-27
340.0         7.363E-27
340.1         7.354E-27
340.2         7.345E-27
340.3         7.336E-27
340.4         7.326E-27
340.5         7.317E-27
340.6         7.308E-27
340.7         7.299E-27
340.8         7.290E-27
340.9         7.281E-27
341.0         7.272E-27
341.1         7.263E-27
341.2         7.254E-27
341.3         7.245E-27
341.4         7.236E-27
341.5         7.227E-27
341.6         7.218E-27
341.7         7.209E-27
341.8         7.200E-27
341.9         7.191E-27
342.0         7.182E-27
342.1         7.173E-27
342.2         7.164E-27
342.3         7.155E-27
342.4         7.147E-27
342.5         7.138E-27
342.6         7.129E-27
342.7         7.120E-27
342.8         7.111E-27
342.9         7.102E-27
343.0         7.094E-27
343.1         7.085E-27
343.2         7.076E-27
343.3         7.067E-27
343.4         7.059E-27
343.5         7.050E-27
343.6         7.041E-27
343.7         7.033E-27
343.8         7.024E-27
343.9         7.015E-27
344.0         7.007E-27
344.1         6.998E-27
344.2         6.989E-27
344.3         6.981E-27
344.4         6.972E-27
344.5         6.964E-27
344.6         6.955E-27
344.7         6.947E-27
344.8         6.938E-27
344.9         6.929E-27
345.0         6.921E-27
345.1         6.912E-27
345.2         6.904E-27
345.3         6.896E-27
345.4         6.887E-27
345.5         6.879E-27
345.6         6.870E-27
345.7         6.862E-27
345.8         6.853E-27
345.9         6.845E-27
346.0         6.837E-27
346.1         6.828E-27
346.2         6.820E-27
346.3         6.812E-27
346.4         6.803E-27
346.5         6.795E-27
346.6         6.787E-27
346.7         6.778E-27
346.8         6.770E-27
346.9         6.762E-27
347.0         6.754E-27
347.1         6.745E-27
347.2         6.737E-27
347.3         6.729E-27
347.4         6.721E-27
347.5         6.713E-27
347.6         6.704E-27
347.7         6.696E-27
347.8         6.688E-27
347.9         6.680E-27
348.0         6.672E-27
348.1         6.664E-27
348.2         6.656E-27
348.3         6.647E-27
348.4         6.639E-27
348.5         6.631E-27
348.6         6.623E-27
348.7         6.615E-27
348.8         6.607E-27
348.9         6.599E-27
349.0         6.591E-27
349.1         6.583E-27
349.2         6.575E-27
349.3         6.567E-27
349.4         6.559E-27
349.5         6.551E-27
349.6         6.543E-27
349.7         6.536E-27
349.8         6.528E-27
349.9         6.520E-27
350.0         6.512E-27
350.1         6.504E-27
350.2         6.496E-27
350.3         6.488E-27
350.4         6.480E-27
350.5         6.473E-27
350.6         6.465E-27
350.7         6.457E-27
350.8         6.449E-27
350.9         6.442E-27
351.0         6.434E-27
351.1         6.426E-27
351.2         6.418E-27
351.3         6.411E-27
351.4         6.403E-27
351.5         6.395E-27
351.6         6.387E-27
351.7         6.380E-27
351.8         6.372E-27
351.9         6.364E-27
352.0         6.357E-27
352.1         6.349E-27
352.2         6.342E-27
352.3         6.334E-27
352.4         6.326E-27
352.5         6.319E-27
352.6         6.311E-27
352.7         6.304E-27
352.8         6.296E-27
352.9         6.289E-27
353.0         6.281E-27
353.1         6.273E-27
353.2         6.266E-27
353.3         6.258E-27
353.4         6.251E-27
353.5         6.244E-27
353.6         6.236E-27
353.7         6.229E-27
353.8         6.221E-27
353.9         6.214E-27
354.0         6.206E-27
354.1         6.199E-27
354.2         6.192E-27
354.3         6.184E-27
354.4         6.177E-27
354.5         6.169E-27
354.6         6.162E-27
354.7         6.155E-27
354.8         6.147E-27
354.9         6.140E-27
355.0         6.133E-27
355.1         6.126E-27
355.2         6.118E-27
355.3         6.111E-27
355.4         6.104E-27
355.5         6.096E-27
355.6         6.089E-27
355.7         6.082E-27
355.8         6.075E-27
355.9         6.068E-27
356.0         6.060E-27
356.1         6.053E-27
356.2         6.046E-27
356.3         6.039E-27
356.4         6.032E-27
356.5         6.025E-27
356.6         6.017E-27
356.7         6.010E-27
356.8         6.003E-27
356.9         5.996E-27
357.0         5.989E-27
357.1         5.982E-27
357.2         5.975E-27
357.3         5.968E-27
357.4         5.961E-27
357.5         5.954E-27
357.6         5.947E-27
357.7         5.940E-27
357.8         5.933E-27
357.9         5.926E-27
358.0         5.919E-27
358.1         5.912E-27
358.2         5.905E-27
358.3         5.898E-27
358.4         5.891E-27
358.5         5.884E-27
358.6         5.877E-27
358.7         5.870E-27
358.8         5.863E-27
358.9         5.856E-27
359.0         5.849E-27
359.1         5.843E-27
359.2         5.836E-27
359.3         5.829E-27
359.4         5.822E-27
359.5         5.815E-27
359.6         5.808E-27
359.7         5.802E-27
359.8         5.795E-27
359.9         5.788E-27
360.0         5.781E-27
360.1         5.774E-27
360.2         5.768E-27
360.3         5.761E-27
360.4         5.754E-27
360.5         5.747E-27
360.6         5.741E-27
360.7         5.734E-27
360.8         5.727E-27
360.9         5.721E-27
361.0         5.714E-27
361.1         5.707E-27
361.2         5.701E-27
361.3         5.694E-27
361.4         5.687E-27
361.5         5.681E-27
361.6         5.674E-27
361.7         5.667E-27
361.8         5.661E-27
361.9         5.654E-27
362.0         5.648E-27
362.1         5.641E-27
362.2         5.634E-27
362.3         5.628E-27
362.4         5.621E-27
362.5         5.615E-27
362.6         5.608E-27
362.7         5.602E-27
362.8         5.595E-27
362.9         5.589E-27
363.0         5.582E-27
363.1         5.576E-27
363.2         5.569E-27
363.3         5.563E-27
363.4         5.556E-27
363.5         5.550E-27
363.6         5.544E-27
363.7         5.537E-27
363.8         5.531E-27
363.9         5.524E-27
364.0         5.518E-27
364.1         5.512E-27
364.2         5.505E-27
364.3         5.499E-27
364.4         5.492E-27
364.5         5.486E-27
364.6         5.480E-27
364.7         5.473E-27
364.8         5.467E-27
364.9         5.461E-27
365.0         5.454E-27
365.1         5.448E-27
365.2         5.442E-27
365.3         5.436E-27
365.4         5.429E-27
365.5         5.423E-27
365.6         5.417E-27
365.7         5.411E-27
365.8         5.404E-27
365.9         5.398E-27
366.0         5.392E-27
366.1         5.386E-27
366.2         5.380E-27
366.3         5.373E-27
366.4         5.367E-27
366.5         5.361E-27
366.6         5.355E-27
366.7         5.349E-27
366.8         5.343E-27
366.9         5.336E-27
367.0         5.330E-27
367.1         5.324E-27
367.2         5.318E-27
367.3         5.312E-27
367.4         5.306E-27
367.5         5.300E-27
367.6         5.294E-27
367.7         5.288E-27
367.8         5.282E-27
367.9         5.276E-27
368.0         5.270E-27
368.1         5.264E-27
368.2         5.258E-27
368.3         5.252E-27
368.4         5.246E-27
368.5         5.240E-27
368.6         5.234E-27
368.7         5.228E-27
368.8         5.222E-27
368.9         5.216E-27
369.0         5.210E-27
369.1         5.204E-27
369.2         5.198E-27
369.3         5.192E-27
369.4         5.186E-27
369.5         5.180E-27
369.6         5.174E-27
369.7         5.168E-27
369.8         5.163E-27
369.9         5.157E-27
370.0         5.151E-27
370.1         5.145E-27
370.2         5.139E-27
370.3         5.133E-27
370.4         5.127E-27
370.5         5.122E-27
370.6         5.116E-27
370.7         5.110E-27
370.8         5.104E-27
370.9         5.098E-27
371.0         5.093E-27
371.1         5.087E-27
371.2         5.081E-27
371.3         5.075E-27
371.4         5.070E-27
371.5         5.064E-27
371.6         5.058E-27
371.7         5.052E-27
371.8         5.047E-27
371.9         5.041E-27
372.0         5.035E-27
372.1         5.030E-27
372.2         5.024E-27
372.3         5.018E-27
372.4         5.013E-27
372.5         5.007E-27
372.6         5.001E-27
372.7         4.996E-27
372.8         4.990E-27
372.9         4.984E-27
373.0         4.979E-27
373.1         4.973E-27
373.2         4.968E-27
373.3         4.962E-27
373.4         4.956E-27
373.5         4.951E-27
373.6         4.945E-27
373.7         4.940E-27
373.8         4.934E-27
373.9         4.929E-27
374.0         4.923E-27
374.1         4.917E-27
374.2         4.912E-27
374.3         4.906E-27
374.4         4.901E-27
374.5         4.895E-27
374.6         4.890E-27
374.7         4.884E-27
374.8         4.879E-27
374.9         4.874E-27
375.0         4.868E-27
375.1         4.863E-27
375.2         4.857E-27
375.3         4.852E-27
375.4         4.846E-27
375.5         4.841E-27
375.6         4.835E-27
375.7         4.830E-27
375.8         4.825E-27
375.9         4.819E-27
376.0         4.814E-27
376.1         4.808E-27
376.2         4.803E-27
376.3         4.798E-27
376.4         4.792E-27
376.5         4.787E-27
376.6         4.782E-27
376.7         4.776E-27
376.8         4.771E-27
376.9         4.766E-27
377.0         4.760E-27
377.1         4.755E-27
377.2         4.750E-27
377.3         4.745E-27
377.4         4.739E-27
377.5         4.734E-27
377.6         4.729E-27
377.7         4.724E-27
377.8         4.718E-27
377.9         4.713E-27
378.0         4.708E-27
378.1         4.703E-27
378.2         4.697E-27
378.3         4.692E-27
378.4         4.687E-27
378.5         4.682E-27
378.6         4.677E-27
378.7         4.671E-27
378.8         4.666E-27
378.9         4.661E-27
379.0         4.656E-27
379.1         4.651E-27
379.2         4.646E-27
379.3         4.640E-27
379.4         4.635E-27
379.5         4.630E-27
379.6         4.625E-27
379.7         4.620E-27
379.8         4.615E-27
379.9         4.610E-27
380.0         4.605E-27
380.1         4.600E-27
380.2         4.594E-27
380.3         4.589E-27
380.4         4.584E-27
380.5         4.579E-27
380.6         4.574E-27
380.7         4.569E-27
380.8         4.564E-27
380.9         4.559E-27
381.0         4.554E-27
381.1         4.549E-27
381.2         4.544E-27
381.3         4.539E-27
381.4         4.534E-27
381.5         4.529E-27
381.6         4.524E-27
381.7         4.519E-27
381.8         4.514E-27
381.9         4.509E-27
382.0         4.504E-27
382.1         4.499E-27
382.2         4.494E-27
382.3         4.489E-27
382.4         4.485E-27
382.5         4.480E-27
382.6         4.475E-27
382.7         4.470E-27
382.8         4.465E-27
382.9         4.460E-27
383.0         4.455E-27
383.1         4.450E-27
383.2         4.445E-27
383.3         4.441E-27
383.4         4.436E-27
383.5         4.431E-27
383.6         4.426E-27
383.7         4.421E-27
383.8         4.416E-27
383.9         4.411E-27
384.0         4.407E-27
384.1         4.402E-27
384.2         4.397E-27
384.3         4.392E-27
384.4         4.387E-27
384.5         4.383E-27
384.6         4.378E-27
384.7         4.373E-27
384.8         4.368E-27
384.9         4.364E-27
385.0         4.359E-27
385.1         4.354E-27
385.2         4.349E-27
385.3         4.345E-27
385.4         4.340E-27
385.5         4.335E-27
385.6         4.331E-27
385.7         4.326E-27
385.8         4.321E-27
385.9         4.316E-27
386.0         4.312E-27
386.1         4.307E-27
386.2         4.302E-27
386.3         4.298E-27
386.4         4.293E-27
386.5         4.288E-27
386.6         4.284E-27
386.7         4.279E-27
386.8         4.274E-27
386.9         4.270E-27
387.0         4.265E-27
387.1         4.261E-27
387.2         4.256E-27
387.3         4.251E-27
387.4         4.247E-27
387.5         4.242E-27
387.6         4.238E-27
387.7         4.233E-27
387.8         4.228E-27
387.9         4.224E-27
388.0         4.219E-27
388.1         4.215E-27
388.2         4.210E-27
388.3         4.206E-27
388.4         4.201E-27
388.5         4.197E-27
388.6         4.192E-27
388.7         4.188E-27
388.8         4.183E-27
388.9         4.179E-27
389.0         4.174E-27
389.1         4.170E-27
389.2         4.165E-27
389.3         4.161E-27
389.4         4.156E-27
389.5         4.152E-27
389.6         4.147E-27
389.7         4.143E-27
389.8         4.138E-27
389.9         4.134E-27
390.0         4.129E-27
390.1         4.125E-27
390.2         4.121E-27
390.3         4.116E-27
390.4         4.112E-27
390.5         4.107E-27
390.6         4.103E-27
390.7         4.099E-27
390.8         4.094E-27
390.9         4.090E-27
391.0         4.085E-27
391.1         4.081E-27
391.2         4.077E-27
391.3         4.072E-27
391.4         4.068E-27
391.5         4.064E-27
391.6         4.059E-27
391.7         4.055E-27
391.8         4.051E-27
391.9         4.046E-27
392.0         4.042E-27
392.1         4.038E-27
392.2         4.033E-27
392.3         4.029E-27
392.4         4.025E-27
392.5         4.020E-27
392.6         4.016E-27
392.7         4.012E-27
392.8         4.008E-27
392.9         4.003E-27
393.0         3.999E-27
393.1         3.995E-27
393.2         3.991E-27
393.3         3.986E-27
393.4         3.982E-27
393.5         3.978E-27
393.6         3.974E-27
393.7         3.969E-27
393.8         3.965E-27
393.9         3.961E-27
394.0         3.957E-27
394.1         3.953E-27
394.2         3.948E-27
394.3         3.944E-27
394.4         3.940E-27
394.5         3.936E-27
394.6         3.932E-27
394.7         3.927E-27
394.8         3.923E-27
394.9         3.919E-27
395.0         3.915E-27
395.1         3.911E-27
395.2         3.907E-27
395.3         3.903E-27
395.4         3.898E-27
395.5         3.894E-27
395.6         3.890E-27
395.7         3.886E-27
395.8         3.882E-27
395.9         3.878E-27
396.0         3.874E-27
396.1         3.870E-27
396.2         3.866E-27
396.3         3.862E-27
396.4         3.857E-27
396.5         3.853E-27
396.6         3.849E-27
396.7         3.845E-27
396.8         3.841E-27
396.9         3.837E-27
397.0         3.833E-27
397.1         3.829E-27
397.2         3.825E-27
397.3         3.821E-27
397.4         3.817E-27
397.5         3.813E-27
397.6         3.809E-27
397.7         3.805E-27
397.8         3.801E-27
397.9         3.797E-27
398.0         3.793E-27
398.1         3.789E-27
398.2         3.785E-27
398.3         3.781E-27
398.4         3.777E-27
398.5         3.773E-27
398.6         3.769E-27
398.7         3.765E-27
398.8         3.761E-27
398.9         3.757E-27
399.0         3.753E-27
399.1         3.750E-27
399.2         3.746E-27
399.3         3.742E-27
399.4         3.738E-27
399.5         3.734E-27
399.6         3.730E-27
399.7         3.726E-27
399.8         3.722E-27
399.9         3.718E-27
400.0         3.714E-27