#lambda (nm)  cross(cm^2)
20.0          6.161E-23
20.1          5.999E-23
20.2          5.842E-23
20.3          5.689E-23
20.4          5.540E-23
20.5          5.524E-23
20.6          5.508E-23
20.7          5.493E-23
20.8          5.477E-23
20.9          5.461E-23
21.0          5.446E-23
21.1          5.430E-23
21.2          5.415E-23
21.3          5.399E-23
21.4          5.384E-23
21.5          5.368E-23
21.6          5.353E-23
21.7          5.338E-23
21.8          5.322E-23
21.9          5.307E-23
22.0          5.292E-23
22.1          5.277E-23
22.2          5.262E-23
22.3          5.247E-23
22.4          5.232E-23
22.5          5.217E-23
22.6          5.202E-23
22.7          5.187E-23
22.8          5.172E-23
22.9          5.157E-23
23.0          5.143E-23
23.1          5.128E-23
23.2          5.113E-23
23.3          5.099E-23
23.4          5.084E-23
23.5          5.070E-23
23.6          5.055E-23
23.7          5.041E-23
23.8          5.026E-23
23.9          5.012E-23
24.0          4.998E-23
24.1          4.983E-23
24.2          4.969E-23
24.3          4.955E-23
24.4          4.941E-23
24.5          4.927E-23
24.6          4.912E-23
24.7          4.898E-23
24.8          4.884E-23
24.9          4.870E-23
25.0          4.857E-23
25.1          4.843E-23
25.2          4.829E-23
25.3          4.815E-23
25.4          4.801E-23
25.5          4.788E-23
25.6          4.774E-23
25.7          4.760E-23
25.8          4.747E-23
25.9          4.733E-23
26.0          4.719E-23
26.1          4.706E-23
26.2          4.693E-23
26.3          4.679E-23
26.4          4.666E-23
26.5          4.652E-23
26.6          4.639E-23
26.7          4.626E-23
26.8          4.613E-23
26.9          4.599E-23
27.0          4.586E-23
27.1          4.573E-23
27.2          4.560E-23
27.3          4.547E-23
27.4          4.534E-23
27.5          4.521E-23
27.6          4.508E-23
27.7          4.495E-23
27.8          4.482E-23
27.9          4.470E-23
28.0          4.457E-23
28.1          4.444E-23
28.2          4.431E-23
28.3          4.419E-23
28.4          4.406E-23
28.5          4.394E-23
28.6          4.381E-23
28.7          4.368E-23
28.8          4.356E-23
28.9          4.344E-23
29.0          4.331E-23
29.1          4.319E-23
29.2          4.306E-23
29.3          4.294E-23
29.4          4.282E-23
29.5          4.270E-23
29.6          4.257E-23
29.7          4.245E-23
29.8          4.233E-23
29.9          4.221E-23
30.0          4.209E-23
30.1          4.197E-23
30.2          4.185E-23
30.3          4.173E-23
30.4          4.161E-23
30.5          4.149E-23
30.6          4.137E-23
30.7          4.125E-23
30.8          4.114E-23
30.9          4.102E-23
31.0          4.090E-23
31.1          4.078E-23
31.2          4.067E-23
31.3          4.055E-23
31.4          4.044E-23
31.5          4.032E-23
31.6          4.020E-23
31.7          4.009E-23
31.8          3.998E-23
31.9          3.986E-23
32.0          3.975E-23
32.1          3.963E-23
32.2          3.952E-23
32.3          3.941E-23
32.4          3.929E-23
32.5          3.918E-23
32.6          3.907E-23
32.7          3.896E-23
32.8          3.885E-23
32.9          3.874E-23
33.0          3.863E-23
33.1          3.852E-23
33.2          3.841E-23
33.3          3.830E-23
33.4          3.819E-23
33.5          3.808E-23
33.6          3.797E-23
33.7          3.786E-23
33.8          3.775E-23
33.9          3.764E-23
34.0          3.754E-23
34.1          3.743E-23
34.2          3.732E-23
34.3          3.721E-23
34.4          3.711E-23
34.5          3.700E-23
34.6          3.690E-23
34.7          3.679E-23
34.8          3.669E-23
34.9          3.658E-23
35.0          3.648E-23
35.1          3.637E-23
35.2          3.627E-23
35.3          3.616E-23
35.4          3.606E-23
35.5          3.596E-23
35.6          3.586E-23
35.7          3.575E-23
35.8          3.565E-23
35.9          3.555E-23
36.0          3.545E-23
36.1          3.535E-23
36.2          3.524E-23
36.3          3.514E-23
36.4          3.504E-23
36.5          3.494E-23
36.6          3.484E-23
36.7          3.474E-23
36.8          3.464E-23
36.9          3.455E-23
37.0          3.445E-23
37.1          3.435E-23
37.2          3.425E-23
37.3          3.415E-23
37.4          3.405E-23
37.5          3.396E-23
37.6          3.386E-23
37.7          3.376E-23
37.8          3.367E-23
37.9          3.357E-23
38.0          3.347E-23
38.1          3.338E-23
38.2          3.328E-23
38.3          3.319E-23
38.4          3.309E-23
38.5          3.300E-23
38.6          3.290E-23
38.7          3.281E-23
38.8          3.272E-23
38.9          3.262E-23
39.0          3.253E-23
39.1          3.244E-23
39.2          3.234E-23
39.3          3.225E-23
39.4          3.216E-23
39.5          3.207E-23
39.6          3.198E-23
39.7          3.188E-23
39.8          3.179E-23
39.9          3.170E-23
40.0          3.161E-23
40.1          3.152E-23
40.2          3.143E-23
40.3          3.134E-23
40.4          3.125E-23
40.5          3.116E-23
40.6          3.107E-23
40.7          3.099E-23
40.8          3.090E-23
40.9          3.081E-23
41.0          3.072E-23
41.1          3.063E-23
41.2          3.054E-23
41.3          3.046E-23
41.4          3.037E-23
41.5          3.028E-23
41.6          3.020E-23
41.7          3.011E-23
41.8          3.002E-23
41.9          2.994E-23
42.0          2.985E-23
42.1          2.977E-23
42.2          2.968E-23
42.3          2.960E-23
42.4          2.951E-23
42.5          2.943E-23
42.6          2.934E-23
42.7          2.926E-23
42.8          2.918E-23
42.9          2.909E-23
43.0          2.901E-23
43.1          2.893E-23
43.2          2.885E-23
43.3          2.876E-23
43.4          2.868E-23
43.5          2.860E-23
43.6          2.852E-23
43.7          2.844E-23
43.8          2.835E-23
43.9          2.827E-23
44.0          2.819E-23
44.1          2.811E-23
44.2          2.803E-23
44.3          2.795E-23
44.4          2.787E-23
44.5          2.779E-23
44.6          2.771E-23
44.7          2.763E-23
44.8          2.755E-23
44.9          2.748E-23
45.0          2.740E-23
45.1          2.732E-23
45.2          2.724E-23
45.3          2.716E-23
45.4          2.708E-23
45.5          2.701E-23
45.6          2.693E-23
45.7          2.685E-23
45.8          2.678E-23
45.9          2.670E-23
46.0          2.662E-23
46.1          2.655E-23
46.2          2.647E-23
46.3          2.640E-23
46.4          2.632E-23
46.5          2.625E-23
46.6          2.617E-23
46.7          2.610E-23
46.8          2.602E-23
46.9          2.595E-23
47.0          2.587E-23
47.1          2.580E-23
47.2          2.572E-23
47.3          2.565E-23
47.4          2.558E-23
47.5          2.550E-23
47.6          2.543E-23
47.7          2.536E-23
47.8          2.529E-23
47.9          2.521E-23
48.0          2.514E-23
48.1          2.507E-23
48.2          2.500E-23
48.3          2.493E-23
48.4          2.486E-23
48.5          2.478E-23
48.6          2.471E-23
48.7          2.464E-23
48.8          2.457E-23
48.9          2.450E-23
49.0          2.443E-23
49.1          2.436E-23
49.2          2.429E-23
49.3          2.422E-23
49.4          2.415E-23
49.5          2.409E-23
49.6          2.402E-23
49.7          2.395E-23
49.8          2.388E-23
49.9          2.381E-23
50.0          2.374E-23
50.1          2.368E-23
50.2          2.361E-23
50.3          2.354E-23
50.4          2.347E-23
50.5          2.341E-23
50.6          2.334E-23
50.7          2.327E-23
50.8          2.321E-23
50.9          2.314E-23
51.0          2.307E-23
51.1          2.301E-23
51.2          2.294E-23
51.3          2.288E-23
51.4          2.281E-23
51.5          2.275E-23
51.6          2.268E-23
51.7          2.262E-23
51.8          2.255E-23
51.9          2.249E-23
52.0          2.242E-23
52.1          2.236E-23
52.2          2.229E-23
52.3          2.223E-23
52.4          2.217E-23
52.5          2.210E-23
52.6          2.204E-23
52.7          2.198E-23
52.8          2.191E-23
52.9          2.185E-23
53.0          2.179E-23
53.1          2.173E-23
53.2          2.167E-23
53.3          2.160E-23
53.4          2.154E-23
53.5          2.148E-23
53.6          2.142E-23
53.7          2.136E-23
53.8          2.130E-23
53.9          2.124E-23
54.0          2.117E-23
54.1          2.111E-23
54.2          2.105E-23
54.3          2.099E-23
54.4          2.093E-23
54.5          2.087E-23
54.6          2.081E-23
54.7          2.075E-23
54.8          2.070E-23
54.9          2.064E-23
55.0          2.058E-23
55.1          2.052E-23
55.2          2.046E-23
55.3          2.040E-23
55.4          2.034E-23
55.5          2.028E-23
55.6          2.023E-23
55.7          2.017E-23
55.8          2.011E-23
55.9          2.005E-23
56.0          2.000E-23
56.1          1.994E-23
56.2          1.988E-23
56.3          1.983E-23
56.4          1.977E-23
56.5          1.971E-23
56.6          1.966E-23
56.7          1.960E-23
56.8          1.954E-23
56.9          1.949E-23
57.0          1.943E-23
57.1          1.938E-23
57.2          1.932E-23
57.3          1.927E-23
57.4          1.921E-23
57.5          1.916E-23
57.6          1.910E-23
57.7          1.905E-23
57.8          1.899E-23
57.9          1.894E-23
58.0          1.888E-23
58.1          1.883E-23
58.2          1.878E-23
58.3          1.872E-23
58.4          1.867E-23
58.5          1.862E-23
58.6          1.856E-23
58.7          1.851E-23
58.8          1.846E-23
58.9          1.840E-23
59.0          1.835E-23
59.1          1.830E-23
59.2          1.825E-23
59.3          1.819E-23
59.4          1.814E-23
59.5          1.809E-23
59.6          1.804E-23
59.7          1.799E-23
59.8          1.794E-23
59.9          1.788E-23
60.0          1.783E-23
60.1          1.778E-23
60.2          1.773E-23
60.3          1.768E-23
60.4          1.763E-23
60.5          1.758E-23
60.6          1.753E-23
60.7          1.748E-23
60.8          1.743E-23
60.9          1.738E-23
61.0          1.733E-23
61.1          1.728E-23
61.2          1.723E-23
61.3          1.718E-23
61.4          1.713E-23
61.5          1.708E-23
61.6          1.703E-23
61.7          1.699E-23
61.8          1.694E-23
61.9          1.689E-23
62.0          1.684E-23
62.1          1.679E-23
62.2          1.674E-23
62.3          1.670E-23
62.4          1.665E-23
62.5          1.660E-23
62.6          1.655E-23
62.7          1.651E-23
62.8          1.646E-23
62.9          1.641E-23
63.0          1.637E-23
63.1          1.632E-23
63.2          1.627E-23
63.3          1.623E-23
63.4          1.618E-23
63.5          1.613E-23
63.6          1.609E-23
63.7          1.604E-23
63.8          1.600E-23
63.9          1.595E-23
64.0          1.590E-23
64.1          1.586E-23
64.2          1.581E-23
64.3          1.577E-23
64.4          1.572E-23
64.5          1.568E-23
64.6          1.563E-23
64.7          1.559E-23
64.8          1.554E-23
64.9          1.550E-23
65.0          1.546E-23
65.1          1.541E-23
65.2          1.537E-23
65.3          1.532E-23
65.4          1.528E-23
65.5          1.524E-23
65.6          1.519E-23
65.7          1.515E-23
65.8          1.511E-23
65.9          1.506E-23
66.0          1.502E-23
66.1          1.498E-23
66.2          1.493E-23
66.3          1.489E-23
66.4          1.485E-23
66.5          1.481E-23
66.6          1.476E-23
66.7          1.472E-23
66.8          1.468E-23
66.9          1.464E-23
67.0          1.460E-23
67.1          1.455E-23
67.2          1.451E-23
67.3          1.447E-23
67.4          1.443E-23
67.5          1.439E-23
67.6          1.435E-23
67.7          1.431E-23
67.8          1.426E-23
67.9          1.422E-23
68.0          1.418E-23
68.1          1.414E-23
68.2          1.410E-23
68.3          1.406E-23
68.4          1.402E-23
68.5          1.398E-23
68.6          1.394E-23
68.7          1.390E-23
68.8          1.386E-23
68.9          1.382E-23
69.0          1.378E-23
69.1          1.374E-23
69.2          1.370E-23
69.3          1.367E-23
69.4          1.363E-23
69.5          1.359E-23
69.6          1.355E-23
69.7          1.351E-23
69.8          1.347E-23
69.9          1.343E-23
70.0          1.339E-23
70.1          1.336E-23
70.2          1.332E-23
70.3          1.328E-23
70.4          1.324E-23
70.5          1.320E-23
70.6          1.317E-23
70.7          1.313E-23
70.8          1.309E-23
70.9          1.305E-23
71.0          1.302E-23
71.1          1.298E-23
71.2          1.294E-23
71.3          1.290E-23
71.4          1.287E-23
71.5          1.283E-23
71.6          1.279E-23
71.7          1.276E-23
71.8          1.272E-23
71.9          1.269E-23
72.0          1.265E-23
72.1          1.261E-23
72.2          1.258E-23
72.3          1.254E-23
72.4          1.250E-23
72.5          1.247E-23
72.6          1.243E-23
72.7          1.240E-23
72.8          1.236E-23
72.9          1.233E-23
73.0          1.229E-23
73.1          1.226E-23
73.2          1.222E-23
73.3          1.219E-23
73.4          1.215E-23
73.5          1.212E-23
73.6          1.208E-23
73.7          1.205E-23
73.8          1.201E-23
73.9          1.198E-23
74.0          1.195E-23
74.1          1.191E-23
74.2          1.188E-23
74.3          1.184E-23
74.4          1.181E-23
74.5          1.178E-23
74.6          1.174E-23
74.7          1.171E-23
74.8          1.167E-23
74.9          1.164E-23
75.0          1.161E-23
75.1          1.157E-23
75.2          1.154E-23
75.3          1.151E-23
75.4          1.148E-23
75.5          1.144E-23
75.6          1.141E-23
75.7          1.138E-23
75.8          1.135E-23
75.9          1.131E-23
76.0          1.128E-23
76.1          1.125E-23
76.2          1.122E-23
76.3          1.118E-23
76.4          1.115E-23
76.5          1.112E-23
76.6          1.109E-23
76.7          1.106E-23
76.8          1.103E-23
76.9          1.099E-23
77.0          1.096E-23
77.1          1.093E-23
77.2          1.090E-23
77.3          1.087E-23
77.4          1.084E-23
77.5          1.081E-23
77.6          1.078E-23
77.7          1.074E-23
77.8          1.071E-23
77.9          1.068E-23
78.0          1.065E-23
78.1          1.062E-23
78.2          1.059E-23
78.3          1.056E-23
78.4          1.053E-23
78.5          1.050E-23
78.6          1.047E-23
78.7          1.044E-23
78.8          1.041E-23
78.9          1.038E-23
79.0          1.035E-23
79.1          1.032E-23
79.2          1.029E-23
79.3          1.026E-23
79.4          1.023E-23
79.5          1.021E-23
79.6          1.018E-23
79.7          1.015E-23
79.8          1.012E-23
79.9          1.009E-23
80.0          1.006E-23
80.1          1.003E-23
80.2          1.000E-23
80.3          9.974E-24
80.4          9.946E-24
80.5          9.917E-24
80.6          9.889E-24
80.7          9.860E-24
80.8          9.832E-24
80.9          9.804E-24
81.0          9.776E-24
81.1          9.748E-24
81.2          9.720E-24
81.3          9.693E-24
81.4          9.665E-24
81.5          9.637E-24
81.6          9.610E-24
81.7          9.582E-24
81.8          9.555E-24
81.9          9.528E-24
82.0          9.500E-24
82.1          9.473E-24
82.2          9.446E-24
82.3          9.419E-24
82.4          9.392E-24
82.5          9.365E-24
82.6          9.339E-24
82.7          9.312E-24
82.8          9.285E-24
82.9          9.259E-24
83.0          9.232E-24
83.1          9.206E-24
83.2          9.179E-24
83.3          9.153E-24
83.4          9.127E-24
83.5          9.101E-24
83.6          9.075E-24
83.7          9.049E-24
83.8          9.023E-24
83.9          8.997E-24
84.0          8.972E-24
84.1          8.946E-24
84.2          8.920E-24
84.3          8.895E-24
84.4          8.870E-24
84.5          8.844E-24
84.6          8.819E-24
84.7          8.794E-24
84.8          8.769E-24
84.9          8.744E-24
85.0          8.719E-24
85.1          8.694E-24
85.2          8.669E-24
85.3          8.644E-24
85.4          8.619E-24
85.5          8.595E-24
85.6          8.570E-24
85.7          8.546E-24
85.8          8.521E-24
85.9          8.497E-24
86.0          8.472E-24
86.1          8.448E-24
86.2          8.424E-24
86.3          8.400E-24
86.4          8.376E-24
86.5          8.352E-24
86.6          8.328E-24
86.7          8.304E-24
86.8          8.281E-24
86.9          8.257E-24
87.0          8.233E-24
87.1          8.210E-24
87.2          8.186E-24
87.3          8.163E-24
87.4          8.140E-24
87.5          8.116E-24
87.6          8.093E-24
87.7          8.070E-24
87.8          8.047E-24
87.9          8.024E-24
88.0          8.001E-24
88.1          7.978E-24
88.2          7.955E-24
88.3          7.933E-24
88.4          7.910E-24
88.5          7.887E-24
88.6          7.865E-24
88.7          7.842E-24
88.8          7.820E-24
88.9          7.798E-24
89.0          7.775E-24
89.1          7.753E-24
89.2          7.731E-24
89.3          7.709E-24
89.4          7.687E-24
89.5          7.665E-24
89.6          7.643E-24
89.7          7.621E-24
89.8          7.599E-24
89.9          7.578E-24
90.0          7.556E-24
90.1          7.534E-24
90.2          7.513E-24
90.3          7.491E-24
90.4          7.470E-24
90.5          7.449E-24
90.6          7.427E-24
90.7          7.406E-24
90.8          7.385E-24
90.9          7.364E-24
91.0          7.343E-24
91.1          7.322E-24
91.2          7.301E-24
91.3          7.280E-24
91.4          7.259E-24
91.5          7.238E-24
91.6          7.218E-24
91.7          7.197E-24
91.8          7.176E-24
91.9          7.156E-24
92.0          7.135E-24
92.1          7.115E-24
92.2          7.095E-24
92.3          7.074E-24
92.4          7.054E-24
92.5          7.034E-24
92.6          7.014E-24
92.7          6.994E-24
92.8          6.974E-24
92.9          6.954E-24
93.0          6.934E-24
93.1          6.914E-24
93.2          6.895E-24
93.3          6.875E-24
93.4          6.855E-24
93.5          6.836E-24
93.6          6.816E-24
93.7          6.797E-24
93.8          6.777E-24
93.9          6.758E-24
94.0          6.738E-24
94.1          6.719E-24
94.2          6.700E-24
94.3          6.681E-24
94.4          6.662E-24
94.5          6.643E-24
94.6          6.624E-24
94.7          6.605E-24
94.8          6.586E-24
94.9          6.567E-24
95.0          6.548E-24
95.1          6.530E-24
95.2          6.511E-24
95.3          6.492E-24
95.4          6.474E-24
95.5          6.455E-24
95.6          6.437E-24
95.7          6.418E-24
95.8          6.400E-24
95.9          6.382E-24
96.0          6.364E-24
96.1          6.345E-24
96.2          6.327E-24
96.3          6.309E-24
96.4          6.291E-24
96.5          6.273E-24
96.6          6.255E-24
96.7          6.237E-24
96.8          6.219E-24
96.9          6.202E-24
97.0          6.184E-24
97.1          6.166E-24
97.2          6.149E-24
97.3          6.131E-24
97.4          6.114E-24
97.5          6.096E-24
97.6          6.079E-24
97.7          6.061E-24
97.8          6.044E-24
97.9          6.027E-24
98.0          6.009E-24
98.1          5.992E-24
98.2          5.975E-24
98.3          5.958E-24
98.4          5.941E-24
98.5          5.924E-24
98.6          5.907E-24
98.7          5.890E-24
98.8          5.873E-24
98.9          5.857E-24
99.0          5.840E-24
99.1          5.823E-24
99.2          5.807E-24
99.3          5.790E-24
99.4          5.773E-24
99.5          5.757E-24
99.6          5.740E-24
99.7          5.724E-24
99.8          5.708E-24
99.9          5.691E-24
100.0         5.675E-24
100.1         5.659E-24
100.2         5.643E-24
100.3         5.627E-24
100.4         5.610E-24
100.5         5.594E-24
100.6         5.578E-24
100.7         5.562E-24
100.8         5.547E-24
100.9         5.531E-24
101.0         5.515E-24
101.1         5.499E-24
101.2         5.483E-24
101.3         5.468E-24
101.4         5.452E-24
101.5         5.437E-24
101.6         5.421E-24
101.7         5.406E-24
101.8         5.390E-24
101.9         5.375E-24
102.0         5.359E-24
102.1         5.344E-24
102.2         5.329E-24
102.3         5.313E-24
102.4         5.298E-24
102.5         5.283E-24
102.6         5.268E-24
102.7         5.253E-24
102.8         5.238E-24
102.9         5.223E-24
103.0         5.208E-24
103.1         5.193E-24
103.2         5.178E-24
103.3         5.164E-24
103.4         5.149E-24
103.5         5.134E-24
103.6         5.119E-24
103.7         5.105E-24
103.8         5.090E-24
103.9         5.076E-24
104.0         5.061E-24
104.1         5.047E-24
104.2         5.032E-24
104.3         5.018E-24
104.4         5.003E-24
104.5         4.989E-24
104.6         4.975E-24
104.7         4.961E-24
104.8         4.947E-24
104.9         4.932E-24
105.0         4.918E-24
105.1         4.904E-24
105.2         4.890E-24
105.3         4.876E-24
105.4         4.862E-24
105.5         4.848E-24
105.6         4.835E-24
105.7         4.821E-24
105.8         4.807E-24
105.9         4.793E-24
106.0         4.780E-24
106.1         4.766E-24
106.2         4.752E-24
106.3         4.739E-24
106.4         4.725E-24
106.5         4.712E-24
106.6         4.698E-24
106.7         4.685E-24
106.8         4.671E-24
106.9         4.658E-24
107.0         4.645E-24
107.1         4.631E-24
107.2         4.618E-24
107.3         4.605E-24
107.4         4.592E-24
107.5         4.579E-24
107.6         4.566E-24
107.7         4.553E-24
107.8         4.539E-24
107.9         4.527E-24
108.0         4.514E-24
108.1         4.501E-24
108.2         4.488E-24
108.3         4.475E-24
108.4         4.462E-24
108.5         4.449E-24
108.6         4.437E-24
108.7         4.424E-24
108.8         4.411E-24
108.9         4.399E-24
109.0         4.386E-24
109.1         4.374E-24
109.2         4.361E-24
109.3         4.349E-24
109.4         4.336E-24
109.5         4.324E-24
109.6         4.312E-24
109.7         4.299E-24
109.8         4.287E-24
109.9         4.275E-24
110.0         4.262E-24
110.1         4.250E-24
110.2         4.238E-24
110.3         4.226E-24
110.4         4.214E-24
110.5         4.202E-24
110.6         4.190E-24
110.7         4.178E-24
110.8         4.166E-24
110.9         4.154E-24
111.0         4.142E-24
111.1         4.130E-24
111.2         4.119E-24
111.3         4.107E-24
111.4         4.095E-24
111.5         4.083E-24
111.6         4.072E-24
111.7         4.060E-24
111.8         4.048E-24
111.9         4.037E-24
112.0         4.025E-24
112.1         4.014E-24
112.2         4.002E-24
112.3         3.991E-24
112.4         3.979E-24
112.5         3.968E-24
112.6         3.957E-24
112.7         3.945E-24
112.8         3.934E-24
112.9         3.923E-24
113.0         3.912E-24
113.1         3.901E-24
113.2         3.889E-24
113.3         3.878E-24
113.4         3.867E-24
113.5         3.856E-24
113.6         3.845E-24
113.7         3.834E-24
113.8         3.823E-24
113.9         3.812E-24
114.0         3.801E-24
114.1         3.790E-24
114.2         3.780E-24
114.3         3.769E-24
114.4         3.758E-24
114.5         3.747E-24
114.6         3.737E-24
114.7         3.726E-24
114.8         3.715E-24
114.9         3.705E-24
115.0         3.694E-24
115.1         3.683E-24
115.2         3.673E-24
115.3         3.662E-24
115.4         3.652E-24
115.5         3.642E-24
115.6         3.631E-24
115.7         3.621E-24
115.8         3.610E-24
115.9         3.600E-24
116.0         3.590E-24
116.1         3.580E-24
116.2         3.569E-24
116.3         3.559E-24
116.4         3.549E-24
116.5         3.539E-24
116.6         3.529E-24
116.7         3.519E-24
116.8         3.509E-24
116.9         3.498E-24
117.0         3.488E-24
117.1         3.479E-24
117.2         3.469E-24
117.3         3.459E-24
117.4         3.449E-24
117.5         3.439E-24
117.6         3.429E-24
117.7         3.419E-24
117.8         3.410E-24
117.9         3.400E-24
118.0         3.390E-24
118.1         3.380E-24
118.2         3.371E-24
118.3         3.361E-24
118.4         3.351E-24
118.5         3.342E-24
118.6         3.332E-24
118.7         3.323E-24
118.8         3.313E-24
118.9         3.304E-24
119.0         3.294E-24
119.1         3.285E-24
119.2         3.276E-24
119.3         3.266E-24
119.4         3.257E-24
119.5         3.248E-24
119.6         3.238E-24
119.7         3.229E-24
119.8         3.220E-24
119.9         3.211E-24
120.0         3.201E-24
120.1         3.192E-24
120.2         3.183E-24
120.3         3.174E-24
120.4         3.165E-24
120.5         3.156E-24
120.6         3.147E-24
120.7         3.138E-24
120.8         3.129E-24
120.9         3.120E-24
121.0         3.111E-24
121.1         3.102E-24
121.2         3.093E-24
121.3         3.084E-24
121.4         3.076E-24
121.5         3.067E-24
121.6         3.058E-24
121.7         3.049E-24
121.8         3.041E-24
121.9         3.032E-24
122.0         3.023E-24
122.1         3.015E-24
122.2         3.006E-24
122.3         2.997E-24
122.4         2.989E-24
122.5         2.980E-24
122.6         2.972E-24
122.7         2.963E-24
122.8         2.955E-24
122.9         2.946E-24
123.0         2.938E-24
123.1         2.930E-24
123.2         2.921E-24
123.3         2.913E-24
123.4         2.905E-24
123.5         2.896E-24
123.6         2.888E-24
123.7         2.880E-24
123.8         2.871E-24
123.9         2.863E-24
124.0         2.855E-24
124.1         2.847E-24
124.2         2.839E-24
124.3         2.831E-24
124.4         2.823E-24
124.5         2.815E-24
124.6         2.806E-24
124.7         2.798E-24
124.8         2.790E-24
124.9         2.782E-24
125.0         2.775E-24
125.1         2.767E-24
125.2         2.759E-24
125.3         2.751E-24
125.4         2.743E-24
125.5         2.735E-24
125.6         2.727E-24
125.7         2.719E-24
125.8         2.712E-24
125.9         2.704E-24
126.0         2.696E-24
126.1         2.689E-24
126.2         2.681E-24
126.3         2.673E-24
126.4         2.666E-24
126.5         2.658E-24
126.6         2.650E-24
126.7         2.643E-24
126.8         2.635E-24
126.9         2.628E-24
127.0         2.620E-24
127.1         2.613E-24
127.2         2.605E-24
127.3         2.598E-24
127.4         2.590E-24
127.5         2.583E-24
127.6         2.576E-24
127.7         2.568E-24
127.8         2.561E-24
127.9         2.554E-24
128.0         2.546E-24
128.1         2.539E-24
128.2         2.532E-24
128.3         2.524E-24
128.4         2.517E-24
128.5         2.510E-24
128.6         2.503E-24
128.7         2.496E-24
128.8         2.489E-24
128.9         2.481E-24
129.0         2.474E-24
129.1         2.467E-24
129.2         2.460E-24
129.3         2.453E-24
129.4         2.446E-24
129.5         2.439E-24
129.6         2.432E-24
129.7         2.425E-24
129.8         2.418E-24
129.9         2.411E-24
130.0         2.405E-24
130.1         2.398E-24
130.2         2.391E-24
130.3         2.384E-24
130.4         2.377E-24
130.5         2.370E-24
130.6         2.364E-24
130.7         2.357E-24
130.8         2.350E-24
130.9         2.343E-24
131.0         2.337E-24
131.1         2.330E-24
131.2         2.323E-24
131.3         2.317E-24
131.4         2.310E-24
131.5         2.303E-24
131.6         2.297E-24
131.7         2.290E-24
131.8         2.284E-24
131.9         2.277E-24
132.0         2.271E-24
132.1         2.264E-24
132.2         2.258E-24
132.3         2.251E-24
132.4         2.245E-24
132.5         2.238E-24
132.6         2.232E-24
132.7         2.226E-24
132.8         2.219E-24
132.9         2.213E-24
133.0         2.207E-24
133.1         2.200E-24
133.2         2.194E-24
133.3         2.188E-24
133.4         2.182E-24
133.5         2.175E-24
133.6         2.169E-24
133.7         2.163E-24
133.8         2.157E-24
133.9         2.151E-24
134.0         2.144E-24
134.1         2.138E-24
134.2         2.132E-24
134.3         2.126E-24
134.4         2.120E-24
134.5         2.114E-24
134.6         2.108E-24
134.7         2.102E-24
134.8         2.096E-24
134.9         2.090E-24
135.0         2.084E-24
135.1         2.078E-24
135.2         2.072E-24
135.3         2.066E-24
135.4         2.060E-24
135.5         2.054E-24
135.6         2.048E-24
135.7         2.043E-24
135.8         2.037E-24
135.9         2.031E-24
136.0         2.025E-24
136.1         2.019E-24
136.2         2.014E-24
136.3         2.008E-24
136.4         2.002E-24
136.5         1.996E-24
136.6         1.991E-24
136.7         1.985E-24
136.8         1.979E-24
136.9         1.974E-24
137.0         1.968E-24
137.1         1.962E-24
137.2         1.957E-24
137.3         1.951E-24
137.4         1.946E-24
137.5         1.940E-24
137.6         1.934E-24
137.7         1.929E-24
137.8         1.923E-24
137.9         1.918E-24
138.0         1.912E-24
138.1         1.907E-24
138.2         1.901E-24
138.3         1.896E-24
138.4         1.891E-24
138.5         1.885E-24
138.6         1.880E-24
138.7         1.874E-24
138.8         1.869E-24
138.9         1.864E-24
139.0         1.858E-24
139.1         1.853E-24
139.2         1.848E-24
139.3         1.843E-24
139.4         1.837E-24
139.5         1.832E-24
139.6         1.827E-24
139.7         1.822E-24
139.8         1.816E-24
139.9         1.811E-24
140.0         1.806E-24
140.1         1.801E-24
140.2         1.796E-24
140.3         1.791E-24
140.4         1.785E-24
140.5         1.780E-24
140.6         1.775E-24
140.7         1.770E-24
140.8         1.765E-24
140.9         1.760E-24
141.0         1.755E-24
141.1         1.750E-24
141.2         1.745E-24
141.3         1.740E-24
141.4         1.735E-24
141.5         1.730E-24
141.6         1.725E-24
141.7         1.720E-24
141.8         1.715E-24
141.9         1.710E-24
142.0         1.706E-24
142.1         1.701E-24
142.2         1.696E-24
142.3         1.691E-24
142.4         1.686E-24
142.5         1.681E-24
142.6         1.676E-24
142.7         1.672E-24
142.8         1.667E-24
142.9         1.662E-24
143.0         1.657E-24
143.1         1.653E-24
143.2         1.648E-24
143.3         1.643E-24
143.4         1.639E-24
143.5         1.634E-24
143.6         1.629E-24
143.7         1.625E-24
143.8         1.620E-24
143.9         1.615E-24
144.0         1.611E-24
144.1         1.606E-24
144.2         1.601E-24
144.3         1.597E-24
144.4         1.592E-24
144.5         1.588E-24
144.6         1.583E-24
144.7         1.579E-24
144.8         1.574E-24
144.9         1.570E-24
145.0         1.565E-24
145.1         1.561E-24
145.2         1.556E-24
145.3         1.552E-24
145.4         1.547E-24
145.5         1.543E-24
145.6         1.539E-24
145.7         1.534E-24
145.8         1.530E-24
145.9         1.525E-24
146.0         1.521E-24
146.1         1.517E-24
146.2         1.512E-24
146.3         1.508E-24
146.4         1.504E-24
146.5         1.499E-24
146.6         1.495E-24
146.7         1.491E-24
146.8         1.487E-24
146.9         1.482E-24
147.0         1.478E-24
147.1         1.474E-24
147.2         1.470E-24
147.3         1.465E-24
147.4         1.461E-24
147.5         1.457E-24
147.6         1.453E-24
147.7         1.449E-24
147.8         1.445E-24
147.9         1.440E-24
148.0         1.436E-24
148.1         1.432E-24
148.2         1.428E-24
148.3         1.424E-24
148.4         1.420E-24
148.5         1.416E-24
148.6         1.412E-24
148.7         1.408E-24
148.8         1.404E-24
148.9         1.400E-24
149.0         1.396E-24
149.1         1.392E-24
149.2         1.388E-24
149.3         1.384E-24
149.4         1.380E-24
149.5         1.376E-24
149.6         1.372E-24
149.7         1.368E-24
149.8         1.364E-24
149.9         1.360E-24
150.0         1.356E-24
150.1         1.353E-24
150.2         1.349E-24
150.3         1.345E-24
150.4         1.341E-24
150.5         1.337E-24
150.6         1.333E-24
150.7         1.330E-24
150.8         1.326E-24
150.9         1.322E-24
151.0         1.318E-24
151.1         1.314E-24
151.2         1.311E-24
151.3         1.307E-24
151.4         1.303E-24
151.5         1.299E-24
151.6         1.296E-24
151.7         1.292E-24
151.8         1.288E-24
151.9         1.285E-24
152.0         1.281E-24
152.1         1.277E-24
152.2         1.274E-24
152.3         1.270E-24
152.4         1.266E-24
152.5         1.263E-24
152.6         1.259E-24
152.7         1.256E-24
152.8         1.252E-24
152.9         1.248E-24
153.0         1.245E-24
153.1         1.241E-24
153.2         1.238E-24
153.3         1.234E-24
153.4         1.231E-24
153.5         1.227E-24
153.6         1.224E-24
153.7         1.220E-24
153.8         1.217E-24
153.9         1.213E-24
154.0         1.210E-24
154.1         1.206E-24
154.2         1.203E-24
154.3         1.199E-24
154.4         1.196E-24
154.5         1.193E-24
154.6         1.189E-24
154.7         1.186E-24
154.8         1.182E-24
154.9         1.179E-24
155.0         1.176E-24
155.1         1.172E-24
155.2         1.169E-24
155.3         1.166E-24
155.4         1.162E-24
155.5         1.159E-24
155.6         1.156E-24
155.7         1.152E-24
155.8         1.149E-24
155.9         1.146E-24
156.0         1.142E-24
156.1         1.139E-24
156.2         1.136E-24
156.3         1.133E-24
156.4         1.129E-24
156.5         1.126E-24
156.6         1.123E-24
156.7         1.120E-24
156.8         1.117E-24
156.9         1.113E-24
157.0         1.110E-24
157.1         1.107E-24
157.2         1.104E-24
157.3         1.101E-24
157.4         1.098E-24
157.5         1.094E-24
157.6         1.091E-24
157.7         1.088E-24
157.8         1.085E-24
157.9         1.082E-24
158.0         1.079E-24
158.1         1.076E-24
158.2         1.073E-24
158.3         1.070E-24
158.4         1.067E-24
158.5         1.063E-24
158.6         1.060E-24
158.7         1.057E-24
158.8         1.054E-24
158.9         1.051E-24
159.0         1.048E-24
159.1         1.045E-24
159.2         1.042E-24
159.3         1.039E-24
159.4         1.036E-24
159.5         1.033E-24
159.6         1.031E-24
159.7         1.028E-24
159.8         1.025E-24
159.9         1.022E-24
160.0         1.019E-24
160.1         1.016E-24
160.2         1.013E-24
160.3         1.010E-24
160.4         1.007E-24
160.5         1.004E-24
160.6         1.001E-24
160.7         9.986E-25
160.8         9.957E-25
160.9         9.929E-25
161.0         9.901E-25
161.1         9.872E-25
161.2         9.844E-25
161.3         9.816E-25
161.4         9.788E-25
161.5         9.760E-25
161.6         9.732E-25
161.7         9.704E-25
161.8         9.676E-25
161.9         9.649E-25
162.0         9.621E-25
162.1         9.594E-25
162.2         9.566E-25
162.3         9.539E-25
162.4         9.512E-25
162.5         9.484E-25
162.6         9.457E-25
162.7         9.430E-25
162.8         9.403E-25
162.9         9.376E-25
163.0         9.350E-25
163.1         9.323E-25
163.2         9.296E-25
163.3         9.270E-25
163.4         9.243E-25
163.5         9.217E-25
163.6         9.190E-25
163.7         9.164E-25
163.8         9.138E-25
163.9         9.112E-25
164.0         9.086E-25
164.1         9.060E-25
164.2         9.034E-25
164.3         9.008E-25
164.4         8.982E-25
164.5         8.957E-25
164.6         8.931E-25
164.7         8.906E-25
164.8         8.880E-25
164.9         8.855E-25
165.0         8.829E-25
165.1         8.804E-25
165.2         8.779E-25
165.3         8.754E-25
165.4         8.729E-25
165.5         8.704E-25
165.6         8.679E-25
165.7         8.654E-25
165.8         8.630E-25
165.9         8.605E-25
166.0         8.580E-25
166.1         8.556E-25
166.2         8.531E-25
166.3         8.507E-25
166.4         8.483E-25
166.5         8.458E-25
166.6         8.434E-25
166.7         8.410E-25
166.8         8.386E-25
166.9         8.362E-25
167.0         8.338E-25
167.1         8.314E-25
167.2         8.291E-25
167.3         8.267E-25
167.4         8.243E-25
167.5         8.220E-25
167.6         8.196E-25
167.7         8.173E-25
167.8         8.149E-25
167.9         8.126E-25
168.0         8.103E-25
168.1         8.080E-25
168.2         8.057E-25
168.3         8.034E-25
168.4         8.011E-25
168.5         7.988E-25
168.6         7.965E-25
168.7         7.942E-25
168.8         7.919E-25
168.9         7.897E-25
169.0         7.874E-25
169.1         7.852E-25
169.2         7.829E-25
169.3         7.807E-25
169.4         7.785E-25
169.5         7.762E-25
169.6         7.740E-25
169.7         7.718E-25
169.8         7.696E-25
169.9         7.674E-25
170.0         7.652E-25
170.1         7.630E-25
170.2         7.607E-25
170.3         7.585E-25
170.4         7.562E-25
170.5         7.540E-25
170.6         7.517E-25
170.7         7.495E-25
170.8         7.473E-25
170.9         7.451E-25
171.0         7.429E-25
171.1         7.407E-25
171.2         7.385E-25
171.3         7.364E-25
171.4         7.342E-25
171.5         7.321E-25
171.6         7.299E-25
171.7         7.278E-25
171.8         7.257E-25
171.9         7.235E-25
172.0         7.214E-25
172.1         7.193E-25
172.2         7.172E-25
172.3         7.151E-25
172.4         7.131E-25
172.5         7.110E-25
172.6         7.089E-25
172.7         7.069E-25
172.8         7.048E-25
172.9         7.028E-25
173.0         7.007E-25
173.1         6.987E-25
173.2         6.967E-25
173.3         6.947E-25
173.4         6.927E-25
173.5         6.907E-25
173.6         6.887E-25
173.7         6.867E-25
173.8         6.847E-25
173.9         6.828E-25
174.0         6.808E-25
174.1         6.789E-25
174.2         6.769E-25
174.3         6.750E-25
174.4         6.731E-25
174.5         6.711E-25
174.6         6.692E-25
174.7         6.673E-25
174.8         6.654E-25
174.9         6.635E-25
175.0         6.616E-25
175.1         6.598E-25
175.2         6.579E-25
175.3         6.560E-25
175.4         6.542E-25
175.5         6.523E-25
175.6         6.505E-25
175.7         6.486E-25
175.8         6.468E-25
175.9         6.450E-25
176.0         6.432E-25
176.1         6.414E-25
176.2         6.396E-25
176.3         6.378E-25
176.4         6.360E-25
176.5         6.342E-25
176.6         6.324E-25
176.7         6.306E-25
176.8         6.289E-25
176.9         6.271E-25
177.0         6.254E-25
177.1         6.236E-25
177.2         6.219E-25
177.3         6.201E-25
177.4         6.184E-25
177.5         6.167E-25
177.6         6.150E-25
177.7         6.133E-25
177.8         6.116E-25
177.9         6.099E-25
178.0         6.082E-25
178.1         6.065E-25
178.2         6.048E-25
178.3         6.031E-25
178.4         6.015E-25
178.5         5.998E-25
178.6         5.982E-25
178.7         5.965E-25
178.8         5.949E-25
178.9         5.932E-25
179.0         5.916E-25
179.1         5.900E-25
179.2         5.884E-25
179.3         5.868E-25
179.4         5.852E-25
179.5         5.836E-25
179.6         5.820E-25
179.7         5.804E-25
179.8         5.788E-25
179.9         5.772E-25
180.0         5.756E-25
180.1         5.741E-25
180.2         5.725E-25
180.3         5.710E-25
180.4         5.694E-25
180.5         5.679E-25
180.6         5.663E-25
180.7         5.648E-25
180.8         5.633E-25
180.9         5.617E-25
181.0         5.602E-25
181.1         5.587E-25
181.2         5.572E-25
181.3         5.557E-25
181.4         5.542E-25
181.5         5.527E-25
181.6         5.512E-25
181.7         5.497E-25
181.8         5.483E-25
181.9         5.468E-25
182.0         5.453E-25
182.1         5.439E-25
182.2         5.424E-25
182.3         5.410E-25
182.4         5.395E-25
182.5         5.381E-25
182.6         5.366E-25
182.7         5.352E-25
182.8         5.338E-25
182.9         5.324E-25
183.0         5.310E-25
183.1         5.295E-25
183.2         5.281E-25
183.3         5.267E-25
183.4         5.253E-25
183.5         5.239E-25
183.6         5.226E-25
183.7         5.212E-25
183.8         5.198E-25
183.9         5.184E-25
184.0         5.171E-25
184.1         5.157E-25
184.2         5.143E-25
184.3         5.130E-25
184.4         5.116E-25
184.5         5.103E-25
184.6         5.090E-25
184.7         5.076E-25
184.8         5.063E-25
184.9         5.050E-25
185.0         5.036E-25
185.1         5.023E-25
185.2         5.010E-25
185.3         4.997E-25
185.4         4.984E-25
185.5         4.971E-25
185.6         4.958E-25
185.7         4.945E-25
185.8         4.932E-25
185.9         4.920E-25
186.0         4.907E-25
186.1         4.894E-25
186.2         4.881E-25
186.3         4.869E-25
186.4         4.856E-25
186.5         4.844E-25
186.6         4.831E-25
186.7         4.819E-25
186.8         4.806E-25
186.9         4.794E-25
187.0         4.781E-25
187.1         4.769E-25
187.2         4.757E-25
187.3         4.745E-25
187.4         4.732E-25
187.5         4.720E-25
187.6         4.708E-25
187.7         4.696E-25
187.8         4.684E-25
187.9         4.672E-25
188.0         4.660E-25
188.1         4.648E-25
188.2         4.636E-25
188.3         4.625E-25
188.4         4.613E-25
188.5         4.601E-25
188.6         4.589E-25
188.7         4.578E-25
188.8         4.566E-25
188.9         4.554E-25
189.0         4.543E-25
189.1         4.531E-25
189.2         4.520E-25
189.3         4.508E-25
189.4         4.497E-25
189.5         4.486E-25
189.6         4.474E-25
189.7         4.463E-25
189.8         4.452E-25
189.9         4.440E-25
190.0         4.429E-25
190.1         4.418E-25
190.2         4.407E-25
190.3         4.396E-25
190.4         4.385E-25
190.5         4.374E-25
190.6         4.363E-25
190.7         4.352E-25
190.8         4.341E-25
190.9         4.330E-25
191.0         4.319E-25
191.1         4.309E-25
191.2         4.298E-25
191.3         4.287E-25
191.4         4.277E-25
191.5         4.266E-25
191.6         4.255E-25
191.7         4.245E-25
191.8         4.234E-25
191.9         4.224E-25
192.0         4.213E-25
192.1         4.203E-25
192.2         4.192E-25
192.3         4.182E-25
192.4         4.172E-25
192.5         4.161E-25
192.6         4.151E-25
192.7         4.141E-25
192.8         4.130E-25
192.9         4.120E-25
193.0         4.110E-25
193.1         4.100E-25
193.2         4.090E-25
193.3         4.080E-25
193.4         4.070E-25
193.5         4.060E-25
193.6         4.050E-25
193.7         4.040E-25
193.8         4.030E-25
193.9         4.020E-25
194.0         4.010E-25
194.1         4.001E-25
194.2         3.991E-25
194.3         3.981E-25
194.4         3.971E-25
194.5         3.962E-25
194.6         3.952E-25
194.7         3.942E-25
194.8         3.933E-25
194.9         3.923E-25
195.0         3.914E-25
195.1         3.904E-25
195.2         3.895E-25
195.3         3.885E-25
195.4         3.876E-25
195.5         3.867E-25
195.6         3.857E-25
195.7         3.848E-25
195.8         3.839E-25
195.9         3.829E-25
196.0         3.820E-25
196.1         3.811E-25
196.2         3.802E-25
196.3         3.793E-25
196.4         3.784E-25
196.5         3.774E-25
196.6         3.765E-25
196.7         3.756E-25
196.8         3.747E-25
196.9         3.738E-25
197.0         3.729E-25
197.1         3.720E-25
197.2         3.712E-25
197.3         3.703E-25
197.4         3.694E-25
197.5         3.685E-25
197.6         3.676E-25
197.7         3.668E-25
197.8         3.659E-25
197.9         3.650E-25
198.0         3.641E-25
198.1         3.633E-25
198.2         3.624E-25
198.3         3.616E-25
198.4         3.607E-25
198.5         3.598E-25
198.6         3.590E-25
198.7         3.581E-25
198.8         3.573E-25
198.9         3.564E-25
199.0         3.556E-25
199.1         3.548E-25
199.2         3.539E-25
199.3         3.531E-25
199.4         3.523E-25
199.5         3.514E-25
199.6         3.506E-25
199.7         3.498E-25
199.8         3.490E-25
199.9         3.481E-25
200.0         3.473E-25
200.1         3.465E-25
200.2         3.457E-25
200.3         3.449E-25
200.4         3.441E-25
200.5         3.433E-25
200.6         3.425E-25
200.7         3.417E-25
200.8         3.409E-25
200.9         3.401E-25
201.0         3.393E-25
201.1         3.385E-25
201.2         3.377E-25
201.3         3.369E-25
201.4         3.362E-25
201.5         3.354E-25
201.6         3.346E-25
201.7         3.338E-25
201.8         3.331E-25
201.9         3.323E-25
202.0         3.315E-25
202.1         3.307E-25
202.2         3.300E-25
202.3         3.292E-25
202.4         3.285E-25
202.5         3.277E-25
202.6         3.269E-25
202.7         3.262E-25
202.8         3.254E-25
202.9         3.247E-25
203.0         3.240E-25
203.1         3.232E-25
203.2         3.225E-25
203.3         3.217E-25
203.4         3.210E-25
203.5         3.203E-25
203.6         3.195E-25
203.7         3.188E-25
203.8         3.181E-25
203.9         3.173E-25
204.0         3.166E-25
204.1         3.159E-25
204.2         3.152E-25
204.3         3.145E-25
204.4         3.137E-25
204.5         3.130E-25
204.6         3.123E-25
204.7         3.116E-25
204.8         3.109E-25
204.9         3.102E-25
205.0         3.095E-25
205.1         3.088E-25
205.2         3.081E-25
205.3         3.074E-25
205.4         3.067E-25
205.5         3.060E-25
205.6         3.053E-25
205.7         3.046E-25
205.8         3.039E-25
205.9         3.032E-25
206.0         3.026E-25
206.1         3.019E-25
206.2         3.012E-25
206.3         3.005E-25
206.4         2.998E-25
206.5         2.992E-25
206.6         2.985E-25
206.7         2.978E-25
206.8         2.972E-25
206.9         2.965E-25
207.0         2.958E-25
207.1         2.952E-25
207.2         2.945E-25
207.3         2.939E-25
207.4         2.932E-25
207.5         2.925E-25
207.6         2.919E-25
207.7         2.912E-25
207.8         2.906E-25
207.9         2.900E-25
208.0         2.893E-25
208.1         2.887E-25
208.2         2.880E-25
208.3         2.874E-25
208.4         2.867E-25
208.5         2.861E-25
208.6         2.855E-25
208.7         2.848E-25
208.8         2.842E-25
208.9         2.836E-25
209.0         2.830E-25
209.1         2.823E-25
209.2         2.817E-25
209.3         2.811E-25
209.4         2.805E-25
209.5         2.799E-25
209.6         2.792E-25
209.7         2.786E-25
209.8         2.780E-25
209.9         2.774E-25
210.0         2.768E-25
210.1         2.762E-25
210.2         2.756E-25
210.3         2.750E-25
210.4         2.744E-25
210.5         2.738E-25
210.6         2.732E-25
210.7         2.726E-25
210.8         2.720E-25
210.9         2.714E-25
211.0         2.708E-25
211.1         2.702E-25
211.2         2.696E-25
211.3         2.690E-25
211.4         2.684E-25
211.5         2.679E-25
211.6         2.673E-25
211.7         2.667E-25
211.8         2.661E-25
211.9         2.655E-25
212.0         2.650E-25
212.1         2.644E-25
212.2         2.638E-25
212.3         2.632E-25
212.4         2.627E-25
212.5         2.621E-25
212.6         2.615E-25
212.7         2.610E-25
212.8         2.604E-25
212.9         2.598E-25
213.0         2.593E-25
213.1         2.587E-25
213.2         2.582E-25
213.3         2.576E-25
213.4         2.571E-25
213.5         2.565E-25
213.6         2.560E-25
213.7         2.554E-25
213.8         2.549E-25
213.9         2.543E-25
214.0         2.538E-25
214.1         2.532E-25
214.2         2.527E-25
214.3         2.521E-25
214.4         2.516E-25
214.5         2.511E-25
214.6         2.505E-25
214.7         2.500E-25
214.8         2.495E-25
214.9         2.489E-25
215.0         2.484E-25
215.1         2.479E-25
215.2         2.474E-25
215.3         2.468E-25
215.4         2.463E-25
215.5         2.458E-25
215.6         2.453E-25
215.7         2.447E-25
215.8         2.442E-25
215.9         2.437E-25
216.0         2.432E-25
216.1         2.427E-25
216.2         2.422E-25
216.3         2.416E-25
216.4         2.411E-25
216.5         2.406E-25
216.6         2.401E-25
216.7         2.396E-25
216.8         2.391E-25
216.9         2.386E-25
217.0         2.381E-25
217.1         2.376E-25
217.2         2.371E-25
217.3         2.366E-25
217.4         2.361E-25
217.5         2.356E-25
217.6         2.351E-25
217.7         2.346E-25
217.8         2.341E-25
217.9         2.337E-25
218.0         2.332E-25
218.1         2.327E-25
218.2         2.322E-25
218.3         2.317E-25
218.4         2.312E-25
218.5         2.307E-25
218.6         2.303E-25
218.7         2.298E-25
218.8         2.293E-25
218.9         2.288E-25
219.0         2.283E-25
219.1         2.279E-25
219.2         2.274E-25
219.3         2.269E-25
219.4         2.265E-25
219.5         2.260E-25
219.6         2.255E-25
219.7         2.251E-25
219.8         2.246E-25
219.9         2.241E-25
220.0         2.237E-25
220.1         2.232E-25
220.2         2.227E-25
220.3         2.223E-25
220.4         2.218E-25
220.5         2.214E-25
220.6         2.209E-25
220.7         2.205E-25
220.8         2.200E-25
220.9         2.195E-25
221.0         2.191E-25
221.1         2.186E-25
221.2         2.182E-25
221.3         2.178E-25
221.4         2.173E-25
221.5         2.169E-25
221.6         2.164E-25
221.7         2.160E-25
221.8         2.155E-25
221.9         2.151E-25
222.0         2.147E-25
222.1         2.142E-25
222.2         2.138E-25
222.3         2.133E-25
222.4         2.129E-25
222.5         2.125E-25
222.6         2.120E-25
222.7         2.116E-25
222.8         2.112E-25
222.9         2.107E-25
223.0         2.103E-25
223.1         2.099E-25
223.2         2.095E-25
223.3         2.090E-25
223.4         2.086E-25
223.5         2.082E-25
223.6         2.078E-25
223.7         2.074E-25
223.8         2.069E-25
223.9         2.065E-25
224.0         2.061E-25
224.1         2.057E-25
224.2         2.053E-25
224.3         2.049E-25
224.4         2.044E-25
224.5         2.040E-25
224.6         2.036E-25
224.7         2.032E-25
224.8         2.028E-25
224.9         2.024E-25
225.0         2.020E-25
225.1         2.016E-25
225.2         2.012E-25
225.3         2.008E-25
225.4         2.004E-25
225.5         2.000E-25
225.6         1.996E-25
225.7         1.992E-25
225.8         1.988E-25
225.9         1.984E-25
226.0         1.980E-25
226.1         1.976E-25
226.2         1.972E-25
226.3         1.968E-25
226.4         1.964E-25
226.5         1.960E-25
226.6         1.956E-25
226.7         1.952E-25
226.8         1.949E-25
226.9         1.945E-25
227.0         1.941E-25
227.1         1.937E-25
227.2         1.933E-25
227.3         1.929E-25
227.4         1.925E-25
227.5         1.922E-25
227.6         1.918E-25
227.7         1.914E-25
227.8         1.910E-25
227.9         1.906E-25
228.0         1.903E-25
228.1         1.899E-25
228.2         1.895E-25
228.3         1.891E-25
228.4         1.888E-25
228.5         1.884E-25
228.6         1.880E-25
228.7         1.877E-25
228.8         1.873E-25
228.9         1.869E-25
229.0         1.866E-25
229.1         1.862E-25
229.2         1.858E-25
229.3         1.855E-25
229.4         1.851E-25
229.5         1.847E-25
229.6         1.844E-25
229.7         1.840E-25
229.8         1.837E-25
229.9         1.833E-25
230.0         1.829E-25
230.1         1.826E-25
230.2         1.822E-25
230.3         1.819E-25
230.4         1.815E-25
230.5         1.812E-25
230.6         1.808E-25
230.7         1.805E-25
230.8         1.801E-25
230.9         1.798E-25
231.0         1.794E-25
231.1         1.791E-25
231.2         1.787E-25
231.3         1.784E-25
231.4         1.780E-25
231.5         1.777E-25
231.6         1.773E-25
231.7         1.770E-25
231.8         1.766E-25
231.9         1.763E-25
232.0         1.760E-25
232.1         1.756E-25
232.2         1.753E-25
232.3         1.749E-25
232.4         1.746E-25
232.5         1.743E-25
232.6         1.739E-25
232.7         1.736E-25
232.8         1.733E-25
232.9         1.729E-25
233.0         1.726E-25
233.1         1.723E-25
233.2         1.719E-25
233.3         1.716E-25
233.4         1.713E-25
233.5         1.710E-25
233.6         1.706E-25
233.7         1.703E-25
233.8         1.700E-25
233.9         1.697E-25
234.0         1.693E-25
234.1         1.690E-25
234.2         1.687E-25
234.3         1.684E-25
234.4         1.680E-25
234.5         1.677E-25
234.6         1.674E-25
234.7         1.671E-25
234.8         1.668E-25
234.9         1.664E-25
235.0         1.661E-25
235.1         1.658E-25
235.2         1.655E-25
235.3         1.652E-25
235.4         1.649E-25
235.5         1.646E-25
235.6         1.642E-25
235.7         1.639E-25
235.8         1.636E-25
235.9         1.633E-25
236.0         1.630E-25
236.1         1.627E-25
236.2         1.624E-25
236.3         1.621E-25
236.4         1.618E-25
236.5         1.615E-25
236.6         1.612E-25
236.7         1.609E-25
236.8         1.606E-25
236.9         1.603E-25
237.0         1.600E-25
237.1         1.597E-25
237.2         1.594E-25
237.3         1.591E-25
237.4         1.588E-25
237.5         1.585E-25
237.6         1.582E-25
237.7         1.579E-25
237.8         1.576E-25
237.9         1.573E-25
238.0         1.570E-25
238.1         1.567E-25
238.2         1.564E-25
238.3         1.561E-25
238.4         1.558E-25
238.5         1.555E-25
238.6         1.552E-25
238.7         1.549E-25
238.8         1.547E-25
238.9         1.544E-25
239.0         1.541E-25
239.1         1.538E-25
239.2         1.535E-25
239.3         1.532E-25
239.4         1.529E-25
239.5         1.527E-25
239.6         1.524E-25
239.7         1.521E-25
239.8         1.518E-25
239.9         1.515E-25
240.0         1.512E-25
240.1         1.510E-25
240.2         1.507E-25
240.3         1.504E-25
240.4         1.501E-25
240.5         1.499E-25
240.6         1.496E-25
240.7         1.493E-25
240.8         1.490E-25
240.9         1.487E-25
241.0         1.485E-25
241.1         1.482E-25
241.2         1.479E-25
241.3         1.477E-25
241.4         1.474E-25
241.5         1.471E-25
241.6         1.468E-25
241.7         1.466E-25
241.8         1.463E-25
241.9         1.460E-25
242.0         1.458E-25
242.1         1.455E-25
242.2         1.452E-25
242.3         1.450E-25
242.4         1.447E-25
242.5         1.444E-25
242.6         1.442E-25
242.7         1.439E-25
242.8         1.436E-25
242.9         1.434E-25
243.0         1.431E-25
243.1         1.429E-25
243.2         1.426E-25
243.3         1.423E-25
243.4         1.421E-25
243.5         1.418E-25
243.6         1.416E-25
243.7         1.413E-25
243.8         1.411E-25
243.9         1.408E-25
244.0         1.405E-25
244.1         1.403E-25
244.2         1.400E-25
244.3         1.398E-25
244.4         1.395E-25
244.5         1.393E-25
244.6         1.390E-25
244.7         1.388E-25
244.8         1.385E-25
244.9         1.383E-25
245.0         1.380E-25
245.1         1.378E-25
245.2         1.375E-25
245.3         1.373E-25
245.4         1.370E-25
245.5         1.368E-25
245.6         1.365E-25
245.7         1.363E-25
245.8         1.360E-25
245.9         1.358E-25
246.0         1.356E-25
246.1         1.353E-25
246.2         1.351E-25
246.3         1.348E-25
246.4         1.346E-25
246.5         1.343E-25
246.6         1.341E-25
246.7         1.339E-25
246.8         1.336E-25
246.9         1.334E-25
247.0         1.331E-25
247.1         1.329E-25
247.2         1.327E-25
247.3         1.324E-25
247.4         1.322E-25
247.5         1.320E-25
247.6         1.317E-25
247.7         1.315E-25
247.8         1.313E-25
247.9         1.310E-25
248.0         1.308E-25
248.1         1.306E-25
248.2         1.303E-25
248.3         1.301E-25
248.4         1.299E-25
248.5         1.296E-25
248.6         1.294E-25
248.7         1.292E-25
248.8         1.289E-25
248.9         1.287E-25
249.0         1.285E-25
249.1         1.283E-25
249.2         1.280E-25
249.3         1.278E-25
249.4         1.276E-25
249.5         1.274E-25
249.6         1.271E-25
249.7         1.269E-25
249.8         1.267E-25
249.9         1.265E-25
250.0         1.262E-25
250.1         1.260E-25
250.2         1.258E-25
250.3         1.256E-25
250.4         1.254E-25
250.5         1.251E-25
250.6         1.249E-25
250.7         1.247E-25
250.8         1.245E-25
250.9         1.243E-25
251.0         1.240E-25
251.1         1.238E-25
251.2         1.236E-25
251.3         1.234E-25
251.4         1.232E-25
251.5         1.230E-25
251.6         1.227E-25
251.7         1.225E-25
251.8         1.223E-25
251.9         1.221E-25
252.0         1.219E-25
252.1         1.217E-25
252.2         1.215E-25
252.3         1.212E-25
252.4         1.210E-25
252.5         1.208E-25
252.6         1.206E-25
252.7         1.204E-25
252.8         1.202E-25
252.9         1.200E-25
253.0         1.198E-25
253.1         1.196E-25
253.2         1.194E-25
253.3         1.192E-25
253.4         1.190E-25
253.5         1.187E-25
253.6         1.185E-25
253.7         1.183E-25
253.8         1.181E-25
253.9         1.179E-25
254.0         1.177E-25
254.1         1.175E-25
254.2         1.173E-25
254.3         1.171E-25
254.4         1.169E-25
254.5         1.167E-25
254.6         1.165E-25
254.7         1.163E-25
254.8         1.161E-25
254.9         1.159E-25
255.0         1.157E-25
255.1         1.155E-25
255.2         1.153E-25
255.3         1.151E-25
255.4         1.149E-25
255.5         1.147E-25
255.6         1.145E-25
255.7         1.143E-25
255.8         1.141E-25
255.9         1.139E-25
256.0         1.137E-25
256.1         1.135E-25
256.2         1.134E-25
256.3         1.132E-25
256.4         1.130E-25
256.5         1.128E-25
256.6         1.126E-25
256.7         1.124E-25
256.8         1.122E-25
256.9         1.120E-25
257.0         1.118E-25
257.1         1.116E-25
257.2         1.114E-25
257.3         1.112E-25
257.4         1.111E-25
257.5         1.109E-25
257.6         1.107E-25
257.7         1.105E-25
257.8         1.103E-25
257.9         1.101E-25
258.0         1.099E-25
258.1         1.097E-25
258.2         1.096E-25
258.3         1.094E-25
258.4         1.092E-25
258.5         1.090E-25
258.6         1.088E-25
258.7         1.086E-25
258.8         1.084E-25
258.9         1.083E-25
259.0         1.081E-25
259.1         1.079E-25
259.2         1.077E-25
259.3         1.075E-25
259.4         1.074E-25
259.5         1.072E-25
259.6         1.070E-25
259.7         1.068E-25
259.8         1.066E-25
259.9         1.065E-25
260.0         1.063E-25
260.1         1.061E-25
260.2         1.059E-25
260.3         1.057E-25
260.4         1.056E-25
260.5         1.054E-25
260.6         1.052E-25
260.7         1.050E-25
260.8         1.049E-25
260.9         1.047E-25
261.0         1.045E-25
261.1         1.043E-25
261.2         1.042E-25
261.3         1.040E-25
261.4         1.038E-25
261.5         1.036E-25
261.6         1.035E-25
261.7         1.033E-25
261.8         1.031E-25
261.9         1.029E-25
262.0         1.028E-25
262.1         1.026E-25
262.2         1.024E-25
262.3         1.023E-25
262.4         1.021E-25
262.5         1.019E-25
262.6         1.018E-25
262.7         1.016E-25
262.8         1.014E-25
262.9         1.012E-25
263.0         1.011E-25
263.1         1.009E-25
263.2         1.007E-25
263.3         1.006E-25
263.4         1.004E-25
263.5         1.002E-25
263.6         1.001E-25
263.7         9.992E-26
263.8         9.975E-26
263.9         9.959E-26
264.0         9.942E-26
264.1         9.926E-26
264.2         9.909E-26
264.3         9.893E-26
264.4         9.877E-26
264.5         9.860E-26
264.6         9.844E-26
264.7         9.828E-26
264.8         9.812E-26
264.9         9.796E-26
265.0         9.780E-26
265.1         9.764E-26
265.2         9.748E-26
265.3         9.732E-26
265.4         9.716E-26
265.5         9.700E-26
265.6         9.684E-26
265.7         9.668E-26
265.8         9.652E-26
265.9         9.636E-26
266.0         9.621E-26
266.1         9.605E-26
266.2         9.589E-26
266.3         9.573E-26
266.4         9.558E-26
266.5         9.542E-26
266.6         9.527E-26
266.7         9.511E-26
266.8         9.496E-26
266.9         9.480E-26
267.0         9.465E-26
267.1         9.449E-26
267.2         9.434E-26
267.3         9.419E-26
267.4         9.403E-26
267.5         9.388E-26
267.6         9.373E-26
267.7         9.358E-26
267.8         9.342E-26
267.9         9.327E-26
268.0         9.312E-26
268.1         9.297E-26
268.2         9.282E-26
268.3         9.267E-26
268.4         9.252E-26
268.5         9.237E-26
268.6         9.222E-26
268.7         9.207E-26
268.8         9.192E-26
268.9         9.177E-26
269.0         9.163E-26
269.1         9.148E-26
269.2         9.133E-26
269.3         9.118E-26
269.4         9.104E-26
269.5         9.089E-26
269.6         9.074E-26
269.7         9.060E-26
269.8         9.045E-26
269.9         9.031E-26
270.0         9.016E-26
270.1         9.002E-26
270.2         8.987E-26
270.3         8.973E-26
270.4         8.958E-26
270.5         8.944E-26
270.6         8.930E-26
270.7         8.915E-26
270.8         8.901E-26
270.9         8.887E-26
271.0         8.873E-26
271.1         8.858E-26
271.2         8.844E-26
271.3         8.830E-26
271.4         8.816E-26
271.5         8.802E-26
271.6         8.788E-26
271.7         8.774E-26
271.8         8.760E-26
271.9         8.746E-26
272.0         8.732E-26
272.1         8.718E-26
272.2         8.704E-26
272.3         8.690E-26
272.4         8.676E-26
272.5         8.663E-26
272.6         8.649E-26
272.7         8.635E-26
272.8         8.621E-26
272.9         8.608E-26
273.0         8.594E-26
273.1         8.580E-26
273.2         8.567E-26
273.3         8.553E-26
273.4         8.540E-26
273.5         8.526E-26
273.6         8.513E-26
273.7         8.499E-26
273.8         8.486E-26
273.9         8.472E-26
274.0         8.459E-26
274.1         8.446E-26
274.2         8.432E-26
274.3         8.419E-26
274.4         8.406E-26
274.5         8.393E-26
274.6         8.379E-26
274.7         8.366E-26
274.8         8.353E-26
274.9         8.340E-26
275.0         8.327E-26
275.1         8.314E-26
275.2         8.301E-26
275.3         8.287E-26
275.4         8.274E-26
275.5         8.261E-26
275.6         8.249E-26
275.7         8.236E-26
275.8         8.223E-26
275.9         8.210E-26
276.0         8.197E-26
276.1         8.184E-26
276.2         8.171E-26
276.3         8.159E-26
276.4         8.146E-26
276.5         8.133E-26
276.6         8.120E-26
276.7         8.108E-26
276.8         8.095E-26
276.9         8.082E-26
277.0         8.070E-26
277.1         8.057E-26
277.2         8.045E-26
277.3         8.032E-26
277.4         8.020E-26
277.5         8.007E-26
277.6         7.995E-26
277.7         7.982E-26
277.8         7.970E-26
277.9         7.957E-26
278.0         7.945E-26
278.1         7.933E-26
278.2         7.920E-26
278.3         7.908E-26
278.4         7.896E-26
278.5         7.884E-26
278.6         7.871E-26
278.7         7.859E-26
278.8         7.847E-26
278.9         7.835E-26
279.0         7.823E-26
279.1         7.811E-26
279.2         7.799E-26
279.3         7.787E-26
279.4         7.775E-26
279.5         7.763E-26
279.6         7.751E-26
279.7         7.739E-26
279.8         7.727E-26
279.9         7.715E-26
280.0         7.703E-26
280.1         7.691E-26
280.2         7.679E-26
280.3         7.667E-26
280.4         7.656E-26
280.5         7.644E-26
280.6         7.632E-26
280.7         7.620E-26
280.8         7.609E-26
280.9         7.597E-26
281.0         7.585E-26
281.1         7.574E-26
281.2         7.562E-26
281.3         7.551E-26
281.4         7.539E-26
281.5         7.527E-26
281.6         7.516E-26
281.7         7.504E-26
281.8         7.493E-26
281.9         7.481E-26
282.0         7.470E-26
282.1         7.459E-26
282.2         7.447E-26
282.3         7.436E-26
282.4         7.425E-26
282.5         7.413E-26
282.6         7.402E-26
282.7         7.391E-26
282.8         7.379E-26
282.9         7.368E-26
283.0         7.357E-26
283.1         7.346E-26
283.2         7.335E-26
283.3         7.323E-26
283.4         7.312E-26
283.5         7.301E-26
283.6         7.290E-26
283.7         7.279E-26
283.8         7.268E-26
283.9         7.257E-26
284.0         7.246E-26
284.1         7.235E-26
284.2         7.224E-26
284.3         7.213E-26
284.4         7.202E-26
284.5         7.191E-26
284.6         7.181E-26
284.7         7.170E-26
284.8         7.159E-26
284.9         7.148E-26
285.0         7.137E-26
285.1         7.127E-26
285.2         7.116E-26
285.3         7.105E-26
285.4         7.094E-26
285.5         7.084E-26
285.6         7.073E-26
285.7         7.062E-26
285.8         7.052E-26
285.9         7.041E-26
286.0         7.031E-26
286.1         7.020E-26
286.2         7.009E-26
286.3         6.999E-26
286.4         6.988E-26
286.5         6.978E-26
286.6         6.967E-26
286.7         6.957E-26
286.8         6.947E-26
286.9         6.936E-26
287.0         6.926E-26
287.1         6.915E-26
287.2         6.905E-26
287.3         6.895E-26
287.4         6.884E-26
287.5         6.874E-26
287.6         6.864E-26
287.7         6.854E-26
287.8         6.843E-26
287.9         6.833E-26
288.0         6.823E-26
288.1         6.813E-26
288.2         6.803E-26
288.3         6.793E-26
288.4         6.783E-26
288.5         6.772E-26
288.6         6.762E-26
288.7         6.752E-26
288.8         6.742E-26
288.9         6.732E-26
289.0         6.722E-26
289.1         6.712E-26
289.2         6.702E-26
289.3         6.692E-26
289.4         6.682E-26
289.5         6.673E-26
289.6         6.663E-26
289.7         6.653E-26
289.8         6.643E-26
289.9         6.633E-26
290.0         6.623E-26
290.1         6.614E-26
290.2         6.604E-26
290.3         6.594E-26
290.4         6.584E-26
290.5         6.575E-26
290.6         6.565E-26
290.7         6.555E-26
290.8         6.545E-26
290.9         6.536E-26
291.0         6.526E-26
291.1         6.517E-26
291.2         6.507E-26
291.3         6.497E-26
291.4         6.488E-26
291.5         6.478E-26
291.6         6.469E-26
291.7         6.459E-26
291.8         6.450E-26
291.9         6.440E-26
292.0         6.431E-26
292.1         6.421E-26
292.2         6.412E-26
292.3         6.403E-26
292.4         6.393E-26
292.5         6.384E-26
292.6         6.375E-26
292.7         6.365E-26
292.8         6.356E-26
292.9         6.347E-26
293.0         6.337E-26
293.1         6.328E-26
293.2         6.319E-26
293.3         6.310E-26
293.4         6.300E-26
293.5         6.291E-26
293.6         6.282E-26
293.7         6.273E-26
293.8         6.264E-26
293.9         6.255E-26
294.0         6.246E-26
294.1         6.236E-26
294.2         6.227E-26
294.3         6.218E-26
294.4         6.209E-26
294.5         6.200E-26
294.6         6.191E-26
294.7         6.182E-26
294.8         6.173E-26
294.9         6.164E-26
295.0         6.155E-26
295.1         6.146E-26
295.2         6.138E-26
295.3         6.129E-26
295.4         6.120E-26
295.5         6.111E-26
295.6         6.102E-26
295.7         6.093E-26
295.8         6.084E-26
295.9         6.076E-26
296.0         6.067E-26
296.1         6.058E-26
296.2         6.049E-26
296.3         6.041E-26
296.4         6.032E-26
296.5         6.023E-26
296.6         6.015E-26
296.7         6.006E-26
296.8         5.997E-26
296.9         5.989E-26
297.0         5.980E-26
297.1         5.971E-26
297.2         5.963E-26
297.3         5.954E-26
297.4         5.946E-26
297.5         5.937E-26
297.6         5.929E-26
297.7         5.920E-26
297.8         5.912E-26
297.9         5.903E-26
298.0         5.895E-26
298.1         5.886E-26
298.2         5.878E-26
298.3         5.869E-26
298.4         5.861E-26
298.5         5.853E-26
298.6         5.844E-26
298.7         5.836E-26
298.8         5.828E-26
298.9         5.819E-26
299.0         5.811E-26
299.1         5.803E-26
299.2         5.794E-26
299.3         5.786E-26
299.4         5.778E-26
299.5         5.770E-26
299.6         5.761E-26
299.7         5.753E-26
299.8         5.745E-26
299.9         5.737E-26
300.0         5.729E-26
300.1         5.720E-26
300.2         5.712E-26
300.3         5.704E-26
300.4         5.696E-26
300.5         5.688E-26
300.6         5.680E-26
300.7         5.672E-26
300.8         5.664E-26
300.9         5.656E-26
301.0         5.648E-26
301.1         5.640E-26
301.2         5.632E-26
301.3         5.624E-26
301.4         5.616E-26
301.5         5.608E-26
301.6         5.600E-26
301.7         5.592E-26
301.8         5.584E-26
301.9         5.576E-26
302.0         5.568E-26
302.1         5.561E-26
302.2         5.553E-26
302.3         5.545E-26
302.4         5.537E-26
302.5         5.529E-26
302.6         5.521E-26
302.7         5.514E-26
302.8         5.506E-26
302.9         5.498E-26
303.0         5.490E-26
303.1         5.483E-26
303.2         5.475E-26
303.3         5.467E-26
303.4         5.460E-26
303.5         5.452E-26
303.6         5.444E-26
303.7         5.437E-26
303.8         5.429E-26
303.9         5.421E-26
304.0         5.414E-26
304.1         5.406E-26
304.2         5.399E-26
304.3         5.391E-26
304.4         5.384E-26
304.5         5.376E-26
304.6         5.369E-26
304.7         5.361E-26
304.8         5.354E-26
304.9         5.346E-26
305.0         5.339E-26
305.1         5.331E-26
305.2         5.324E-26
305.3         5.316E-26
305.4         5.309E-26
305.5         5.301E-26
305.6         5.294E-26
305.7         5.287E-26
305.8         5.279E-26
305.9         5.272E-26
306.0         5.265E-26
306.1         5.257E-26
306.2         5.250E-26
306.3         5.243E-26
306.4         5.235E-26
306.5         5.228E-26
306.6         5.221E-26
306.7         5.214E-26
306.8         5.206E-26
306.9         5.199E-26
307.0         5.192E-26
307.1         5.185E-26
307.2         5.178E-26
307.3         5.171E-26
307.4         5.163E-26
307.5         5.156E-26
307.6         5.149E-26
307.7         5.142E-26
307.8         5.135E-26
307.9         5.128E-26
308.0         5.121E-26
308.1         5.114E-26
308.2         5.107E-26
308.3         5.100E-26
308.4         5.092E-26
308.5         5.085E-26
308.6         5.078E-26
308.7         5.071E-26
308.8         5.064E-26
308.9         5.058E-26
309.0         5.051E-26
309.1         5.044E-26
309.2         5.037E-26
309.3         5.030E-26
309.4         5.023E-26
309.5         5.016E-26
309.6         5.009E-26
309.7         5.002E-26
309.8         4.995E-26
309.9         4.988E-26
310.0         4.982E-26
310.1         4.975E-26
310.2         4.968E-26
310.3         4.961E-26
310.4         4.954E-26
310.5         4.948E-26
310.6         4.941E-26
310.7         4.934E-26
310.8         4.927E-26
310.9         4.921E-26
311.0         4.914E-26
311.1         4.907E-26
311.2         4.900E-26
311.3         4.894E-26
311.4         4.887E-26
311.5         4.880E-26
311.6         4.874E-26
311.7         4.867E-26
311.8         4.861E-26
311.9         4.854E-26
312.0         4.847E-26
312.1         4.841E-26
312.2         4.834E-26
312.3         4.828E-26
312.4         4.821E-26
312.5         4.814E-26
312.6         4.808E-26
312.7         4.801E-26
312.8         4.795E-26
312.9         4.788E-26
313.0         4.782E-26
313.1         4.775E-26
313.2         4.769E-26
313.3         4.762E-26
313.4         4.756E-26
313.5         4.750E-26
313.6         4.743E-26
313.7         4.737E-26
313.8         4.730E-26
313.9         4.724E-26
314.0         4.718E-26
314.1         4.711E-26
314.2         4.705E-26
314.3         4.698E-26
314.4         4.692E-26
314.5         4.686E-26
314.6         4.679E-26
314.7         4.673E-26
314.8         4.667E-26
314.9         4.661E-26
315.0         4.654E-26
315.1         4.648E-26
315.2         4.642E-26
315.3         4.636E-26
315.4         4.629E-26
315.5         4.623E-26
315.6         4.617E-26
315.7         4.611E-26
315.8         4.605E-26
315.9         4.598E-26
316.0         4.592E-26
316.1         4.586E-26
316.2         4.580E-26
316.3         4.574E-26
316.4         4.568E-26
316.5         4.561E-26
316.6         4.555E-26
316.7         4.549E-26
316.8         4.543E-26
316.9         4.537E-26
317.0         4.531E-26
317.1         4.525E-26
317.2         4.519E-26
317.3         4.513E-26
317.4         4.507E-26
317.5         4.501E-26
317.6         4.495E-26
317.7         4.489E-26
317.8         4.483E-26
317.9         4.477E-26
318.0         4.471E-26
318.1         4.465E-26
318.2         4.459E-26
318.3         4.453E-26
318.4         4.447E-26
318.5         4.441E-26
318.6         4.435E-26
318.7         4.429E-26
318.8         4.424E-26
318.9         4.418E-26
319.0         4.412E-26
319.1         4.406E-26
319.2         4.400E-26
319.3         4.394E-26
319.4         4.389E-26
319.5         4.383E-26
319.6         4.377E-26
319.7         4.371E-26
319.8         4.365E-26
319.9         4.360E-26
320.0         4.354E-26
320.1         4.348E-26
320.2         4.342E-26
320.3         4.337E-26
320.4         4.331E-26
320.5         4.325E-26
320.6         4.319E-26
320.7         4.314E-26
320.8         4.308E-26
320.9         4.302E-26
321.0         4.297E-26
321.1         4.291E-26
321.2         4.285E-26
321.3         4.280E-26
321.4         4.274E-26
321.5         4.268E-26
321.6         4.263E-26
321.7         4.257E-26
321.8         4.252E-26
321.9         4.246E-26
322.0         4.240E-26
322.1         4.235E-26
322.2         4.229E-26
322.3         4.224E-26
322.4         4.218E-26
322.5         4.213E-26
322.6         4.207E-26
322.7         4.202E-26
322.8         4.196E-26
322.9         4.191E-26
323.0         4.185E-26
323.1         4.180E-26
323.2         4.174E-26
323.3         4.169E-26
323.4         4.163E-26
323.5         4.158E-26
323.6         4.152E-26
323.7         4.147E-26
323.8         4.142E-26
323.9         4.136E-26
324.0         4.131E-26
324.1         4.125E-26
324.2         4.120E-26
324.3         4.115E-26
324.4         4.109E-26
324.5         4.104E-26
324.6         4.099E-26
324.7         4.093E-26
324.8         4.088E-26
324.9         4.083E-26
325.0         4.077E-26
325.1         4.072E-26
325.2         4.067E-26
325.3         4.061E-26
325.4         4.056E-26
325.5         4.051E-26
325.6         4.046E-26
325.7         4.040E-26
325.8         4.035E-26
325.9         4.030E-26
326.0         4.025E-26
326.1         4.020E-26
326.2         4.014E-26
326.3         4.009E-26
326.4         4.004E-26
326.5         3.999E-26
326.6         3.994E-26
326.7         3.988E-26
326.8         3.983E-26
326.9         3.978E-26
327.0         3.973E-26
327.1         3.968E-26
327.2         3.963E-26
327.3         3.958E-26
327.4         3.953E-26
327.5         3.947E-26
327.6         3.942E-26
327.7         3.937E-26
327.8         3.932E-26
327.9         3.927E-26
328.0         3.922E-26
328.1         3.917E-26
328.2         3.912E-26
328.3         3.907E-26
328.4         3.902E-26
328.5         3.897E-26
328.6         3.892E-26
328.7         3.887E-26
328.8         3.882E-26
328.9         3.877E-26
329.0         3.872E-26
329.1         3.867E-26
329.2         3.862E-26
329.3         3.857E-26
329.4         3.852E-26
329.5         3.847E-26
329.6         3.842E-26
329.7         3.837E-26
329.8         3.833E-26
329.9         3.828E-26
330.0         3.823E-26
330.1         3.818E-26
330.2         3.813E-26
330.3         3.808E-26
330.4         3.803E-26
330.5         3.798E-26
330.6         3.794E-26
330.7         3.789E-26
330.8         3.784E-26
330.9         3.779E-26
331.0         3.774E-26
331.1         3.769E-26
331.2         3.765E-26
331.3         3.760E-26
331.4         3.755E-26
331.5         3.750E-26
331.6         3.746E-26
331.7         3.741E-26
331.8         3.736E-26
331.9         3.731E-26
332.0         3.727E-26
332.1         3.722E-26
332.2         3.717E-26
332.3         3.712E-26
332.4         3.708E-26
332.5         3.703E-26
332.6         3.698E-26
332.7         3.694E-26
332.8         3.689E-26
332.9         3.684E-26
333.0         3.680E-26
333.1         3.675E-26
333.2         3.670E-26
333.3         3.666E-26
333.4         3.661E-26
333.5         3.656E-26
333.6         3.652E-26
333.7         3.647E-26
333.8         3.643E-26
333.9         3.638E-26
334.0         3.633E-26
334.1         3.629E-26
334.2         3.624E-26
334.3         3.620E-26
334.4         3.615E-26
334.5         3.611E-26
334.6         3.606E-26
334.7         3.601E-26
334.8         3.597E-26
334.9         3.592E-26
335.0         3.588E-26
335.1         3.583E-26
335.2         3.579E-26
335.3         3.574E-26
335.4         3.570E-26
335.5         3.565E-26
335.6         3.561E-26
335.7         3.556E-26
335.8         3.552E-26
335.9         3.548E-26
336.0         3.543E-26
336.1         3.539E-26
336.2         3.534E-26
336.3         3.530E-26
336.4         3.525E-26
336.5         3.521E-26
336.6         3.517E-26
336.7         3.512E-26
336.8         3.508E-26
336.9         3.503E-26
337.0         3.499E-26
337.1         3.495E-26
337.2         3.490E-26
337.3         3.486E-26
337.4         3.482E-26
337.5         3.477E-26
337.6         3.473E-26
337.7         3.469E-26
337.8         3.464E-26
337.9         3.460E-26
338.0         3.456E-26
338.1         3.451E-26
338.2         3.447E-26
338.3         3.443E-26
338.4         3.439E-26
338.5         3.434E-26
338.6         3.430E-26
338.7         3.426E-26
338.8         3.421E-26
338.9         3.417E-26
339.0         3.413E-26
339.1         3.409E-26
339.2         3.405E-26
339.3         3.400E-26
339.4         3.396E-26
339.5         3.392E-26
339.6         3.388E-26
339.7         3.384E-26
339.8         3.379E-26
339.9         3.375E-26
340.0         3.371E-26
340.1         3.367E-26
340.2         3.363E-26
340.3         3.358E-26
340.4         3.354E-26
340.5         3.350E-26
340.6         3.346E-26
340.7         3.342E-26
340.8         3.338E-26
340.9         3.334E-26
341.0         3.330E-26
341.1         3.325E-26
341.2         3.321E-26
341.3         3.317E-26
341.4         3.313E-26
341.5         3.309E-26
341.6         3.305E-26
341.7         3.301E-26
341.8         3.297E-26
341.9         3.293E-26
342.0         3.289E-26
342.1         3.285E-26
342.2         3.281E-26
342.3         3.277E-26
342.4         3.273E-26
342.5         3.269E-26
342.6         3.265E-26
342.7         3.261E-26
342.8         3.257E-26
342.9         3.253E-26
343.0         3.249E-26
343.1         3.245E-26
343.2         3.241E-26
343.3         3.237E-26
343.4         3.233E-26
343.5         3.229E-26
343.6         3.225E-26
343.7         3.221E-26
343.8         3.217E-26
343.9         3.213E-26
344.0         3.209E-26
344.1         3.205E-26
344.2         3.201E-26
344.3         3.198E-26
344.4         3.194E-26
344.5         3.190E-26
344.6         3.186E-26
344.7         3.182E-26
344.8         3.178E-26
344.9         3.174E-26
345.0         3.170E-26
345.1         3.167E-26
345.2         3.163E-26
345.3         3.159E-26
345.4         3.155E-26
345.5         3.151E-26
345.6         3.147E-26
345.7         3.143E-26
345.8         3.140E-26
345.9         3.136E-26
346.0         3.132E-26
346.1         3.128E-26
346.2         3.124E-26
346.3         3.121E-26
346.4         3.117E-26
346.5         3.113E-26
346.6         3.109E-26
346.7         3.106E-26
346.8         3.102E-26
346.9         3.098E-26
347.0         3.094E-26
347.1         3.091E-26
347.2         3.087E-26
347.3         3.083E-26
347.4         3.079E-26
347.5         3.076E-26
347.6         3.072E-26
347.7         3.068E-26
347.8         3.065E-26
347.9         3.061E-26
348.0         3.057E-26
348.1         3.054E-26
348.2         3.050E-26
348.3         3.046E-26
348.4         3.043E-26
348.5         3.039E-26
348.6         3.035E-26
348.7         3.032E-26
348.8         3.028E-26
348.9         3.024E-26
349.0         3.021E-26
349.1         3.017E-26
349.2         3.013E-26
349.3         3.010E-26
349.4         3.006E-26
349.5         3.003E-26
349.6         2.999E-26
349.7         2.995E-26
349.8         2.992E-26
349.9         2.988E-26
350.0         2.985E-26
350.1         2.981E-26
350.2         2.977E-26
350.3         2.974E-26
350.4         2.970E-26
350.5         2.967E-26
350.6         2.963E-26
350.7         2.960E-26
350.8         2.956E-26
350.9         2.953E-26
351.0         2.949E-26
351.1         2.946E-26
351.2         2.942E-26
351.3         2.939E-26
351.4         2.935E-26
351.5         2.932E-26
351.6         2.928E-26
351.7         2.925E-26
351.8         2.921E-26
351.9         2.918E-26
352.0         2.914E-26
352.1         2.911E-26
352.2         2.907E-26
352.3         2.904E-26
352.4         2.900E-26
352.5         2.897E-26
352.6         2.893E-26
352.7         2.890E-26
352.8         2.887E-26
352.9         2.883E-26
353.0         2.880E-26
353.1         2.876E-26
353.2         2.873E-26
353.3         2.869E-26
353.4         2.866E-26
353.5         2.863E-26
353.6         2.859E-26
353.7         2.856E-26
353.8         2.853E-26
353.9         2.849E-26
354.0         2.846E-26
354.1         2.842E-26
354.2         2.839E-26
354.3         2.836E-26
354.4         2.832E-26
354.5         2.829E-26
354.6         2.826E-26
354.7         2.822E-26
354.8         2.819E-26
354.9         2.816E-26
355.0         2.812E-26
355.1         2.809E-26
355.2         2.806E-26
355.3         2.802E-26
355.4         2.799E-26
355.5         2.796E-26
355.6         2.793E-26
355.7         2.789E-26
355.8         2.786E-26
355.9         2.783E-26
356.0         2.779E-26
356.1         2.776E-26
356.2         2.773E-26
356.3         2.770E-26
356.4         2.766E-26
356.5         2.763E-26
356.6         2.760E-26
356.7         2.757E-26
356.8         2.753E-26
356.9         2.750E-26
357.0         2.747E-26
357.1         2.744E-26
357.2         2.741E-26
357.3         2.737E-26
357.4         2.734E-26
357.5         2.731E-26
357.6         2.728E-26
357.7         2.725E-26
357.8         2.721E-26
357.9         2.718E-26
358.0         2.715E-26
358.1         2.712E-26
358.2         2.709E-26
358.3         2.706E-26
358.4         2.702E-26
358.5         2.699E-26
358.6         2.696E-26
358.7         2.693E-26
358.8         2.690E-26
358.9         2.687E-26
359.0         2.683E-26
359.1         2.680E-26
359.2         2.677E-26
359.3         2.674E-26
359.4         2.671E-26
359.5         2.668E-26
359.6         2.665E-26
359.7         2.662E-26
359.8         2.659E-26
359.9         2.656E-26
360.0         2.652E-26
360.1         2.649E-26
360.2         2.646E-26
360.3         2.643E-26
360.4         2.640E-26
360.5         2.637E-26
360.6         2.634E-26
360.7         2.631E-26
360.8         2.628E-26
360.9         2.625E-26
361.0         2.622E-26
361.1         2.619E-26
361.2         2.616E-26
361.3         2.613E-26
361.4         2.610E-26
361.5         2.607E-26
361.6         2.604E-26
361.7         2.601E-26
361.8         2.598E-26
361.9         2.595E-26
362.0         2.592E-26
362.1         2.589E-26
362.2         2.586E-26
362.3         2.583E-26
362.4         2.580E-26
362.5         2.577E-26
362.6         2.574E-26
362.7         2.571E-26
362.8         2.568E-26
362.9         2.565E-26
363.0         2.562E-26
363.1         2.559E-26
363.2         2.556E-26
363.3         2.553E-26
363.4         2.550E-26
363.5         2.547E-26
363.6         2.544E-26
363.7         2.541E-26
363.8         2.539E-26
363.9         2.536E-26
364.0         2.533E-26
364.1         2.530E-26
364.2         2.527E-26
364.3         2.524E-26
364.4         2.521E-26
364.5         2.518E-26
364.6         2.515E-26
364.7         2.512E-26
364.8         2.510E-26
364.9         2.507E-26
365.0         2.504E-26
365.1         2.501E-26
365.2         2.498E-26
365.3         2.495E-26
365.4         2.492E-26
365.5         2.490E-26
365.6         2.487E-26
365.7         2.484E-26
365.8         2.481E-26
365.9         2.478E-26
366.0         2.475E-26
366.1         2.473E-26
366.2         2.470E-26
366.3         2.467E-26
366.4         2.464E-26
366.5         2.461E-26
366.6         2.459E-26
366.7         2.456E-26
366.8         2.453E-26
366.9         2.450E-26
367.0         2.447E-26
367.1         2.445E-26
367.2         2.442E-26
367.3         2.439E-26
367.4         2.436E-26
367.5         2.434E-26
367.6         2.431E-26
367.7         2.428E-26
367.8         2.425E-26
367.9         2.422E-26
368.0         2.420E-26
368.1         2.417E-26
368.2         2.414E-26
368.3         2.412E-26
368.4         2.409E-26
368.5         2.406E-26
368.6         2.403E-26
368.7         2.401E-26
368.8         2.398E-26
368.9         2.395E-26
369.0         2.392E-26
369.1         2.390E-26
369.2         2.387E-26
369.3         2.384E-26
369.4         2.382E-26
369.5         2.379E-26
369.6         2.376E-26
369.7         2.374E-26
369.8         2.371E-26
369.9         2.368E-26
370.0         2.366E-26
370.1         2.363E-26
370.2         2.360E-26
370.3         2.358E-26
370.4         2.355E-26
370.5         2.352E-26
370.6         2.350E-26
370.7         2.347E-26
370.8         2.344E-26
370.9         2.342E-26
371.0         2.339E-26
371.1         2.337E-26
371.2         2.334E-26
371.3         2.331E-26
371.4         2.329E-26
371.5         2.326E-26
371.6         2.323E-26
371.7         2.321E-26
371.8         2.318E-26
371.9         2.316E-26
372.0         2.313E-26
372.1         2.310E-26
372.2         2.308E-26
372.3         2.305E-26
372.4         2.303E-26
372.5         2.300E-26
372.6         2.298E-26
372.7         2.295E-26
372.8         2.292E-26
372.9         2.290E-26
373.0         2.287E-26
373.1         2.285E-26
373.2         2.282E-26
373.3         2.280E-26
373.4         2.277E-26
373.5         2.275E-26
373.6         2.272E-26
373.7         2.269E-26
373.8         2.267E-26
373.9         2.264E-26
374.0         2.262E-26
374.1         2.259E-26
374.2         2.257E-26
374.3         2.254E-26
374.4         2.252E-26
374.5         2.249E-26
374.6         2.247E-26
374.7         2.244E-26
374.8         2.242E-26
374.9         2.239E-26
375.0         2.237E-26
375.1         2.234E-26
375.2         2.232E-26
375.3         2.229E-26
375.4         2.227E-26
375.5         2.224E-26
375.6         2.222E-26
375.7         2.220E-26
375.8         2.217E-26
375.9         2.215E-26
376.0         2.212E-26
376.1         2.210E-26
376.2         2.207E-26
376.3         2.205E-26
376.4         2.202E-26
376.5         2.200E-26
376.6         2.198E-26
376.7         2.195E-26
376.8         2.193E-26
376.9         2.190E-26
377.0         2.188E-26
377.1         2.185E-26
377.2         2.183E-26
377.3         2.181E-26
377.4         2.178E-26
377.5         2.176E-26
377.6         2.173E-26
377.7         2.171E-26
377.8         2.169E-26
377.9         2.166E-26
378.0         2.164E-26
378.1         2.161E-26
378.2         2.159E-26
378.3         2.157E-26
378.4         2.154E-26
378.5         2.152E-26
378.6         2.150E-26
378.7         2.147E-26
378.8         2.145E-26
378.9         2.143E-26
379.0         2.140E-26
379.1         2.138E-26
379.2         2.135E-26
379.3         2.133E-26
379.4         2.131E-26
379.5         2.128E-26
379.6         2.126E-26
379.7         2.124E-26
379.8         2.121E-26
379.9         2.119E-26
380.0         2.117E-26
380.1         2.114E-26
380.2         2.112E-26
380.3         2.110E-26
380.4         2.108E-26
380.5         2.105E-26
380.6         2.103E-26
380.7         2.101E-26
380.8         2.098E-26
380.9         2.096E-26
381.0         2.094E-26
381.1         2.091E-26
381.2         2.089E-26
381.3         2.087E-26
381.4         2.085E-26
381.5         2.082E-26
381.6         2.080E-26
381.7         2.078E-26
381.8         2.076E-26
381.9         2.073E-26
382.0         2.071E-26
382.1         2.069E-26
382.2         2.067E-26
382.3         2.064E-26
382.4         2.062E-26
382.5         2.060E-26
382.6         2.058E-26
382.7         2.055E-26
382.8         2.053E-26
382.9         2.051E-26
383.0         2.049E-26
383.1         2.046E-26
383.2         2.044E-26
383.3         2.042E-26
383.4         2.040E-26
383.5         2.038E-26
383.6         2.035E-26
383.7         2.033E-26
383.8         2.031E-26
383.9         2.029E-26
384.0         2.027E-26
384.1         2.024E-26
384.2         2.022E-26
384.3         2.020E-26
384.4         2.018E-26
384.5         2.016E-26
384.6         2.013E-26
384.7         2.011E-26
384.8         2.009E-26
384.9         2.007E-26
385.0         2.005E-26
385.1         2.003E-26
385.2         2.000E-26
385.3         1.998E-26
385.4         1.996E-26
385.5         1.994E-26
385.6         1.992E-26
385.7         1.990E-26
385.8         1.988E-26
385.9         1.985E-26
386.0         1.983E-26
386.1         1.981E-26
386.2         1.979E-26
386.3         1.977E-26
386.4         1.975E-26
386.5         1.973E-26
386.6         1.971E-26
386.7         1.968E-26
386.8         1.966E-26
386.9         1.964E-26
387.0         1.962E-26
387.1         1.960E-26
387.2         1.958E-26
387.3         1.956E-26
387.4         1.954E-26
387.5         1.952E-26
387.6         1.949E-26
387.7         1.947E-26
387.8         1.945E-26
387.9         1.943E-26
388.0         1.941E-26
388.1         1.939E-26
388.2         1.937E-26
388.3         1.935E-26
388.4         1.933E-26
388.5         1.931E-26
388.6         1.929E-26
388.7         1.927E-26
388.8         1.925E-26
388.9         1.923E-26
389.0         1.920E-26
389.1         1.918E-26
389.2         1.916E-26
389.3         1.914E-26
389.4         1.912E-26
389.5         1.910E-26
389.6         1.908E-26
389.7         1.906E-26
389.8         1.904E-26
389.9         1.902E-26
390.0         1.900E-26
390.1         1.898E-26
390.2         1.896E-26
390.3         1.894E-26
390.4         1.892E-26
390.5         1.890E-26
390.6         1.888E-26
390.7         1.886E-26
390.8         1.884E-26
390.9         1.882E-26
391.0         1.880E-26
391.1         1.878E-26
391.2         1.876E-26
391.3         1.874E-26
391.4         1.872E-26
391.5         1.870E-26
391.6         1.868E-26
391.7         1.866E-26
391.8         1.864E-26
391.9         1.862E-26
392.0         1.860E-26
392.1         1.858E-26
392.2         1.856E-26
392.3         1.854E-26
392.4         1.852E-26
392.5         1.850E-26
392.6         1.848E-26
392.7         1.846E-26
392.8         1.844E-26
392.9         1.843E-26
393.0         1.841E-26
393.1         1.839E-26
393.2         1.837E-26
393.3         1.835E-26
393.4         1.833E-26
393.5         1.831E-26
393.6         1.829E-26
393.7         1.827E-26
393.8         1.825E-26
393.9         1.823E-26
394.0         1.821E-26
394.1         1.819E-26
394.2         1.817E-26
394.3         1.816E-26
394.4         1.814E-26
394.5         1.812E-26
394.6         1.810E-26
394.7         1.808E-26
394.8         1.806E-26
394.9         1.804E-26
395.0         1.802E-26
395.1         1.800E-26
395.2         1.798E-26
395.3         1.797E-26
395.4         1.795E-26
395.5         1.793E-26
395.6         1.791E-26
395.7         1.789E-26
395.8         1.787E-26
395.9         1.785E-26
396.0         1.783E-26
396.1         1.782E-26
396.2         1.780E-26
396.3         1.778E-26
396.4         1.776E-26
396.5         1.774E-26
396.6         1.772E-26
396.7         1.770E-26
396.8         1.769E-26
396.9         1.767E-26
397.0         1.765E-26
397.1         1.763E-26
397.2         1.761E-26
397.3         1.759E-26
397.4         1.757E-26
397.5         1.756E-26
397.6         1.754E-26
397.7         1.752E-26
397.8         1.750E-26
397.9         1.748E-26
398.0         1.747E-26
398.1         1.745E-26
398.2         1.743E-26
398.3         1.741E-26
398.4         1.739E-26
398.5         1.737E-26
398.6         1.736E-26
398.7         1.734E-26
398.8         1.732E-26
398.9         1.730E-26
399.0         1.728E-26
399.1         1.727E-26
399.2         1.725E-26
399.3         1.723E-26
399.4         1.721E-26
399.5         1.719E-26
399.6         1.718E-26
399.7         1.716E-26
399.8         1.714E-26
399.9         1.712E-26
400.0         1.711E-26