 2.766405853E+03 1.560990860E+01 1.996786096E+00 3.089346848E-02 -3.462728570E-05
 2.018315935E-08 -4.808627980E-12 0.000000000E+00 -8.626068590E+03 1.654147277E+01
 7.648178580E+05 -4.946120580E+03 1.839912837E+01 -6.565079950E-04 1.028183871E-07
-8.550474200E-12 2.910003234E-16 0.000000000E+00 1.829249111E+04 -8.162933380E+01

#HNO4 HOONO2 PeroxyNitric Acid    HF298=-13.605+/-2 kcal Burcat G3B3       
# 3 T 2/16 H   1.00N   1.00O   4.00    0.00    0.00 0   79.0122800     -56923.320
#     50.000   200.000 7 -2.0 -1.0  0.0  1.0  2.0  3.0  4.0  0.0        15218.585
# -1.255465665E+03 8.239983900E+01 1.651853953E+00 3.116350581E-02-3.112575661E-05
# 4.302103420E-09 2.300955704E-11 0.000000000E+00-8.941231860E+03 1.855989315E+01
