 3.053922510E+04 -3.246177590E+02 4.022463810E+00 3.232094790E-03 -5.511052450E-06
 4.195572930E-09 -1.215032180E-12  0.0               1.796910870E+04 1.645350331E+00
-7.806936490E+05 2.307910870E+03 1.411743130E+00 2.108237420E-03 -7.360856620E-07
 1.259360120E-10 -7.079752490E-15  0.0               1.329824740E+03 2.169741365E+01
 # NASA 2002

0.000000000E+00 0.000000000E+00 2.839110613E+00 4.826619290E-03 -5.494748621E-06
2.580050618E-09 -3.223645309E-13 0.000000000E+00 1.625970703E+04 8.842410088E+00
0.000000000E+00 0.000000000E+00 4.161173344E+00 3.962079936E-04 -1.558033915E-07
2.909347416E-11 -2.004245760E-15 0.000000000E+00 1.594686914E+04 2.241092443E+00
# Visscher
