 9.040668840E+04 -1.337692443E+03 1.031343286E+01 -9.571523840E-03 1.311092490E-05
-8.331944640E-09 2.029142817E-12 0.000000000E+00 3.210061940E+04 -2.965573386E+01
 3.660504100E+05 -1.988850864E+03 8.322219790E+00 -4.877073250E-04 1.017155314E-07
-1.118362220E-11 5.024430560E-16 0.000000000E+00 3.698555190E+04 -2.125989655E+01
# NASA Burcat

3.672107620E+04 -1.676082109E+01 2.469057186E+00 4.999654640E-03 -2.150799987E-06
3.235070170E-10 2.091281315E-15 0.000000000E+00 2.614734410E+04 1.543819006E+01
1.196450639E+06 -4.877488060E+03 1.045734993E+01 -1.398727448E-03 3.232416630E-07
-3.929101700E-11 1.934694241E-15 0.000000000E+00 5.536073650E+04 -3.874151070E+01
# Visscher
