 1.182607223E+05 -1.463433975E+03 8.640292420E+00 1.744687639E-03 -2.180667662E-06
 2.894632085E-09 -1.321895970E-12 0.000000000E+00 2.129488526E+04 -2.399217743E+01
 7.352475270E+05 -4.228409200E+03 1.272247297E+01 -9.752684110E-04 1.982001453E-07
-2.130660342E-11 9.388271330E-16 0.000000000E+00 3.796090350E+04 -5.247557050E+01
# Nasa Bucat

5.062040210E+04 -7.150559350E+01 1.720722153E+00 7.796558270E-03 -1.746402619E-06
-2.910449896E-10 1.504016036E-13 0.000000000E+00 1.417818727E+04 1.793188412E+01
-3.907469380E+06 1.091863658E+04 -1.012996387E+01 1.461044323E-02 -4.475882870E-06
6.264650690E-10 -3.287948910E-14 0.000000000E+00 -5.653626610E+04 1.030954591E+02
# Visscher
