 9.833602190E+04 -1.085233386E+03 6.475007390E+00 1.509011370E-02 -1.497111276E-05
 1.067748311E-08 -3.501403260E-12 0.000000000E+00 8.694483140E+03 -1.191735573E+01
 1.717191130E+06 -9.057781170E+03 2.183510379E+01 -2.093898063E-03 4.265081010E-07
-4.596322680E-11 2.030222766E-15 0.000000000E+00 5.546529140E+04 -1.130004379E+02
# Nasa Burcat

1.333780682E+04 2.843441243E+01 6.443079950E-01 2.027891886E-02 -1.371363273E-05
3.934852480E-09 -7.191382340E-14 0.000000000E+00 1.765175437E+03 2.383824092E+01
4.551376110E+06 -1.629727284E+04 2.656339905E+01 -4.784520460E-03 1.242662449E-06
-1.707222102E-10 9.382911370E-15 0.000000000E+00 1.017145354E+05 -1.503276928E+02
# Visscher
