1.240773532E+05 -2.397379586E+03 1.802981563E+01 -1.537648748E-02 1.708145186E-05
-1.021752508E-08 2.540216470E-12 0.000000000E+00 1.826349294E+04 -7.249144150E+01
-1.622543947E+05 -1.216362752E+02 1.010498259E+01 -4.688834940E-05 1.128068047E-08
-1.382634613E-12 6.756984720E-17 0.000000000E+00 6.160968030E+03 -2.518091391E+01
# NASA Burcat

0.000000000E+00 0.000000000E+00 3.535330057E+00 2.412529290E-02 -3.646275945E-05
2.491690587E-08 -6.329856344E-12 0.000000000E+00 5.235533691E+03 7.755895615E+00
0.000000000E+00 0.000000000E+00 9.226279259E+00 8.689413080E-04 -3.775833761E-07
7.237966476E-11 -5.106610867E-15 0.000000000E+00 4.090549561E+03 -1.964170456E+01
#Visscher
