2.273633198E+04 -3.972674060E+02 6.233697660E+00 -9.181784600E-03 1.523328123E-05
-1.085888585E-08 2.929760547E-12 0.0                2.852768404E+04 -1.095191197E+01
7.814730650E+05 -3.038451204E+03 7.467481020E+00 -1.837522255E-03 7.165947700E-07
-1.142128853E-10 6.175410560E-15 0.0                4.536260180E+04 -2.467298140E+01
# NASA 2002

9.308484730E+03 -1.838136754E+01 3.470572320E+00 -4.585765590E-04 1.692074538E-06
-7.065667230E-10 -4.307883590E-15 0.000000000E+00 2.750296919E+04 3.899173530E+00
-3.608996340E+05 6.386237080E+02 2.873463181E+00 9.892286250E-04 -1.697094784E-07
1.375409393E-11 -3.376821970E-16 0.000000000E+00 2.290725776E+04 7.737745690E+00
# Visscher
