 3.665434070E+03 -1.774304789E+01 4.043830630E+00 -1.415691707E-03 7.512214300E-06
-6.109729410E-09 1.599821477E-12 0.000000000E+00 1.520927473E+04 2.643020700E+00
 1.175949763E+06 -4.844891530E+03 1.025668626E+01 -1.168701795E-03 2.127219563E-07
-1.574155835E-11 3.445818380E-16 0.000000000E+00 4.461953140E+04 -4.274357570E+01
# NASA - Burcat

-2.392830175E+04 3.335123120E+02 2.214534439E+00 3.624580040E-03 1.085947153E-06
-2.395574858E-09 8.479209460E-13 0.000000000E+00 1.024237660E+04 1.283305626E+01
9.624784870E+05 -4.385749290E+03 1.013555451E+01 -1.300210954E-03 3.127463859E-07
-3.989207430E-11 2.064648507E-15 0.000000000E+00 3.820764720E+04 -4.137184230E+01
# Visscher
