-2.496968335E+04 6.768677200E+02 -1.684504087E+00 1.766581039E-02 -1.461125828E-05
 7.751844680E-09 -2.041550254E-12 0.000000000E+00 -2.690966759E+03 3.233188410E+01
 1.290688225E+06 -6.624214330E+03 1.436871146E+01 -1.599887211E-03 3.315817320E-07
-3.626095670E-11 1.621585251E-15 0.000000000E+00 3.919585790E+04 -7.132353360E+01
# NASA - Burcat

3.258888150E+04 2.623379759E+01 1.305666296E+00 1.046782406E-02 -4.987528970E-06
9.679595870E-10 -7.819144800E-14 0.000000000E+00 -1.982457542E+02 1.521070886E+01
1.711333102E+06 -8.033510180E+03 1.617588781E+01 -2.714467831E-03 6.794734300E-07
-8.882741760E-11 4.663301990E-15 0.000000000E+00 4.723478690E+04 -8.404917480E+01
# Visscher
