-6.845754060E+04 1.141295708E+03 -2.779556060E+00 1.678458047E-02 -1.974879516E-05
1.192602320E-08 -2.927460912E-12 0.0               -9.847745040E+03 4.184328297E+01
-3.366667440E+05 6.229355840E+02 3.565605460E+00 6.516620720E-04 -2.061770841E-07
3.184413230E-11 -1.573691908E-15  0.0              -8.939790390E+03 6.954859188E+00
# NASA

-4.078639540E+04 7.384374670E+02 -5.081429910E-01 1.045749635E-02 -1.060154826E-05
5.427396380E-09 -1.143517275E-12 0.000000000E+00 -7.371458060E+03 2.924376692E+01
-1.032452662E+05 -2.886656180E+01 4.336923240E+00 1.567852989E-04 -3.547995840E-08
3.197658470E-12 2.087643854E-17 0.000000000E+00 -4.222959910E+03 1.516560233E+00
# Visscher
