# WL(nm)	 Flux(ergs/cm**2/s/nm)  Synthetic/composite Extraterrestrial Spectrum by Chris Gueymard, May 2003
0.5          1.053E+02
1.5          5.637E+03
2.5          6.996E+02
3.5          1.165E+03
4.5          1.715E+03
5.5          2.132E+03
6.5          2.019E+03
7.5          1.440E+03
8.5          1.308E+03
9.5          7.639E+02
10.5         3.131E+02
11.5         1.555E+02
12.5         8.120E+01
13.5         9.054E+01
14.5         9.895E+02
15.5         7.565E+02
16.5         1.571E+03
17.5         2.316E+04
18.5         1.329E+04
19.5         9.423E+03
20.5         9.054E+03
21.5         4.351E+03
22.5         4.739E+03
23.5         1.057E+03
24.5         2.202E+03
25.5         5.424E+03
26.5         1.861E+03
27.5         3.919E+03
28.5         3.956E+03
29.5         2.023E+03
30.5         2.891E+04
31.5         5.502E+03
32.5         7.366E+03
33.5         7.241E+03
34.5         3.208E+03
35.5         2.743E+03
36.5         3.717E+03
37.5         6.395E+02
38.5         2.742E+02
39.5         2.697E+02
40.5         4.523E+02
41.5         8.369E+02
42.5         2.219E+02
43.5         5.091E+02
44.5         2.029E+02
45.5         2.231E+02
46.5         8.036E+02
47.5         3.202E+02
48.5         5.341E+02
49.5         1.833E+03
50.5         7.768E+02
51.5         2.655E+02
52.5         4.535E+02
53.5         3.448E+02
54.5         2.239E+02
55.5         1.001E+03
56.5         3.042E+02
57.5         3.018E+02
58.5         1.706E+03
59.5         3.596E+02
60.5         1.439E+03
61.5         4.502E+02
62.5         1.946E+03
63.5         4.901E+02
64.5         1.129E+02
65.5         8.859E+01
66.5         7.902E+01
67.5         8.092E+01
68.5         2.787E+02
69.5         2.059E+02
70.5         5.419E+02
71.5         2.367E+02
72.5         1.772E+02
73.5         2.310E+02
74.5         2.846E+02
75.5         4.352E+02
76.5         1.100E+03
77.5         9.969E+02
78.5         1.407E+03
79.5         6.608E+02
80.5         6.788E+02
81.5         7.713E+02
82.5         1.140E+03
83.5         1.946E+03
84.5         1.415E+03
85.5         1.576E+03
86.5         1.671E+03
87.5         1.989E+03
88.5         2.273E+03
89.5         2.764E+03
90.5         3.257E+03
91.5         2.492E+03
92.5         8.887E+02
93.5         7.791E+02
94.5         5.553E+02
95.5         3.220E+02
96.5         3.348E+02
97.5         5.993E+03
98.5         6.816E+02
99.5         1.051E+03
100.5        4.261E+02
101.5        4.924E+02
102.5        4.494E+03
103.5        4.642E+03
104.5        6.797E+02
105.5        5.752E+02
106.5        5.475E+02
107.5        5.812E+02
108.5        9.752E+02
109.5        6.561E+02
110.5        6.996E+02
111.5        6.418E+02
112.5        6.991E+02
113.5        5.461E+02
114.5        3.694E+02
115.5        6.071E+02
116.5        6.862E+02
117.5        2.918E+03
118.5        7.727E+02
119.5        2.569E+03
120.5        7.800E+03
121.5        3.754E+05
122.5        2.757E+03
123.5        1.956E+03
124.5        1.488E+03
125.5        1.410E+03
126.5        2.080E+03
127.5        1.092E+03
128.5        8.933E+02
129.5        1.051E+03
130.5        8.402E+03
131.5        1.371E+03
132.5        1.050E+03
133.5        1.000E+04
134.5        9.354E+02
135.5        2.134E+03
136.5        1.386E+03
137.5        1.474E+03
138.5        1.460E+03
139.5        4.285E+03
140.5        3.558E+03
141.5        2.096E+03
142.5        2.264E+03
143.5        2.639E+03
144.5        2.568E+03
145.5        2.761E+03
146.5        3.433E+03
147.5        4.262E+03
148.5        4.345E+03
149.5        3.918E+03
150.5        4.367E+03
151.5        4.721E+03
152.5        5.946E+03
153.5        6.608E+03
154.5        1.176E+04
155.5        9.715E+03
156.5        9.770E+03
157.5        8.832E+03
158.5        8.494E+03
159.5        8.489E+03
160.5        9.544E+03
161.5        1.119E+04
162.5        1.285E+04
163.5        1.409E+04
164.5        1.568E+04
165.5        2.448E+04
166.5        1.709E+04
167.5        2.017E+04
168.5        2.244E+04
169.5        2.939E+04
170.5        3.399E+04
171.5        3.411E+04
172.5        3.682E+04
173.5        3.696E+04
174.5        4.539E+04
175.5        5.590E+04
176.5        6.057E+04
177.5        7.306E+04
178.5        8.147E+04
179.5        7.967E+04
180.5        9.530E+04
181.5        1.147E+05
182.5        1.069E+05
183.5        1.143E+05
184.5        9.775E+04
185.5        1.118E+05
186.5        1.280E+05
187.5        1.485E+05
188.5        1.573E+05
189.5        1.773E+05
190.5        1.835E+05
191.5        2.016E+05
192.5        2.157E+05
193.5        1.633E+05
194.5        2.729E+05
195.5        2.661E+05
196.5        3.011E+05
197.5        3.053E+05
198.5        3.079E+05
199.5        3.344E+05
200.5        3.668E+05
201.5        4.081E+05
202.5        4.053E+05
203.5        4.670E+05
204.5        5.174E+05
205.5        5.359E+05
206.5        5.502E+05
207.5        6.418E+05
208.5        7.236E+05
209.5        1.040E+06
210.5        1.395E+06
211.5        1.703E+06
212.5        1.546E+06
213.5        1.475E+06
214.5        2.074E+06
215.5        1.694E+06
216.5        1.589E+06
217.5        1.569E+06
218.5        2.273E+06
219.5        2.340E+06
220.5        2.400E+06
221.5        1.666E+06
222.5        2.433E+06
223.5        3.201E+06
224.5        2.857E+06
225.5        2.516E+06
226.5        1.846E+06
227.5        1.774E+06
228.5        2.628E+06
229.5        2.264E+06
230.5        2.732E+06
231.5        2.270E+06
232.5        2.549E+06
233.5        2.111E+06
234.5        1.689E+06
235.5        2.747E+06
236.5        2.158E+06
237.5        2.614E+06
238.5        1.770E+06
239.5        2.146E+06
240.5        1.951E+06
241.5        2.345E+06
242.5        3.565E+06
243.5        3.156E+06
244.5        3.058E+06
245.5        2.356E+06
246.5        2.374E+06
247.5        2.765E+06
248.5        2.121E+06
249.5        2.725E+06
250.5        2.880E+06
251.5        2.168E+06
252.5        1.902E+06
253.5        2.486E+06
254.5        2.706E+06
255.5        3.909E+06
256.5        4.716E+06
257.5        5.891E+06
258.5        6.265E+06
259.5        5.160E+06
260.5        4.169E+06
261.5        4.108E+06
262.5        5.174E+06
263.5        7.542E+06
264.5        1.268E+07
265.5        1.277E+07
266.5        1.210E+07
267.5        1.249E+07
268.5        1.213E+07
269.5        1.119E+07
270.5        1.376E+07
271.5        1.133E+07
272.5        9.044E+06
273.5        1.040E+07
274.5        5.849E+06
275.5        8.554E+06
276.5        1.239E+07
277.5        1.214E+07
278.5        7.902E+06
279.5        3.616E+06
280.0        3.628E+06
280.5        4.730E+06
281.0        7.935E+06
281.5        1.114E+07
282.0        1.348E+07
282.5        1.453E+07
283.0        1.586E+07
283.5        1.490E+07
284.0        1.485E+07
284.5        1.162E+07
285.0        5.479E+06
285.5        6.367E+06
286.0        1.390E+07
286.5        1.656E+07
287.0        1.747E+07
287.5        1.749E+07
288.0        1.158E+07
288.5        1.659E+07
289.0        1.942E+07
289.5        2.271E+07
290.0        2.856E+07
290.5        2.987E+07
291.0        2.819E+07
291.5        2.784E+07
292.0        2.649E+07
292.5        2.296E+07
293.0        2.623E+07
293.5        2.663E+07
294.0        2.330E+07
294.5        2.513E+07
295.0        2.386E+07
295.5        2.692E+07
296.0        2.871E+07
296.5        2.278E+07
297.0        1.961E+07
297.5        2.763E+07
298.0        2.579E+07
298.5        1.752E+07
299.0        2.667E+07
299.5        2.411E+07
300.0        1.926E+07
300.5        2.030E+07
301.0        2.284E+07
301.5        2.448E+07
302.0        1.731E+07
302.5        2.514E+07
303.0        3.129E+07
303.5        3.184E+07
304.0        2.668E+07
304.5        2.997E+07
305.0        3.111E+07
305.5        2.832E+07
306.0        2.507E+07
306.5        2.708E+07
307.0        2.979E+07
307.5        3.012E+07
308.0        3.035E+07
308.5        3.145E+07
309.0        2.598E+07
309.5        2.373E+07
310.0        2.149E+07
310.5        3.303E+07
311.0        3.808E+07
311.5        3.534E+07
312.0        2.967E+07
312.5        3.221E+07
313.0        3.288E+07
313.5        3.353E+07
314.0        3.667E+07
314.5        2.741E+07
315.0        3.485E+07
315.5        3.144E+07
316.0        2.395E+07
316.5        3.065E+07
317.0        3.803E+07
317.5        4.068E+07
318.0        2.932E+07
318.5        3.153E+07
319.0        3.482E+07
319.5        3.158E+07
320.0        3.867E+07
320.5        4.197E+07
321.0        3.307E+07
321.5        3.121E+07
322.0        3.767E+07
322.5        3.243E+07
323.0        2.959E+07
323.5        3.158E+07
324.0        3.612E+07
324.5        3.821E+07
325.0        3.625E+07
325.5        4.352E+07
326.0        4.864E+07
326.5        4.609E+07
327.0        4.665E+07
327.5        4.605E+07
328.0        4.406E+07
328.5        4.223E+07
329.0        4.735E+07
329.5        5.267E+07
330.0        5.373E+07
330.5        4.497E+07
331.0        4.647E+07
331.5        4.538E+07
332.0        4.652E+07
332.5        4.495E+07
333.0        4.527E+07
333.5        4.237E+07
334.0        4.354E+07
334.5        4.809E+07
335.0        4.410E+07
335.5        4.957E+07
336.0        3.420E+07
336.5        4.184E+07
337.0        3.480E+07
337.5        4.343E+07
338.0        4.099E+07
338.5        4.579E+07
339.0        4.535E+07
339.5        4.337E+07
340.0        5.239E+07
340.5        4.698E+07
341.0        4.457E+07
341.5        4.106E+07
342.0        4.901E+07
342.5        4.579E+07
343.0        5.012E+07
343.5        4.702E+07
344.0        3.544E+07
344.5        3.475E+07
345.0        4.615E+07
345.5        4.707E+07
346.0        3.995E+07
346.5        4.516E+07
347.0        4.827E+07
347.5        3.891E+07
348.0        4.438E+07
348.5        4.435E+07
349.0        4.104E+07
349.5        4.051E+07
350.0        4.998E+07
350.5        5.262E+07
351.0        4.689E+07
351.5        4.535E+07
352.0        4.869E+07
352.5        3.796E+07
353.0        4.772E+07
353.5        5.096E+07
354.0        5.285E+07
354.5        5.354E+07
355.0        5.327E+07
355.5        4.800E+07
356.0        5.012E+07
356.5        4.275E+07
357.0        3.530E+07
357.5        4.318E+07
358.0        3.418E+07
358.5        2.917E+07
359.0        4.076E+07
359.5        5.188E+07
360.0        5.493E+07
360.5        4.385E+07
361.0        3.989E+07
361.5        4.576E+07
362.0        3.942E+07
362.5        5.438E+07
363.0        4.869E+07
363.5        4.472E+07
364.0        5.456E+07
364.5        4.656E+07
365.0        4.735E+07
365.5        5.932E+07
366.0        6.270E+07
366.5        5.877E+07
367.0        5.715E+07
367.5        5.923E+07
368.0        5.174E+07
368.5        5.211E+07
369.0        5.618E+07
369.5        5.979E+07
370.0        6.362E+07
370.5        4.929E+07
371.0        5.257E+07
371.5        6.571E+07
372.0        4.357E+07
372.5        5.216E+07
373.0        5.294E+07
373.5        3.438E+07
374.0        4.989E+07
374.5        4.124E+07
375.0        4.004E+07
375.5        5.974E+07
376.0        4.948E+07
376.5        5.123E+07
377.0        5.415E+07
377.5        6.325E+07
378.0        6.853E+07
378.5        6.473E+07
379.0        5.341E+07
379.5        4.878E+07
380.0        5.068E+07
380.5        6.127E+07
381.0        6.127E+07
381.5        4.846E+07
382.0        4.295E+07
382.5        3.652E+07
383.0        3.375E+07
383.5        3.246E+07
384.0        3.576E+07
384.5        5.253E+07
385.0        5.202E+07
385.5        4.837E+07
386.0        4.137E+07
386.5        5.424E+07
387.0        4.504E+07
387.5        5.054E+07
388.0        4.661E+07
388.5        4.600E+07
389.0        4.961E+07
389.5        6.002E+07
390.0        6.016E+07
390.5        5.530E+07
391.0        6.501E+07
391.5        6.626E+07
392.0        5.576E+07
392.5        4.985E+07
393.0        2.769E+07
393.5        2.010E+07
394.0        4.086E+07
394.5        5.188E+07
395.0        6.325E+07
395.5        6.423E+07
396.0        5.563E+07
396.5        3.246E+07
397.0        2.433E+07
397.5        4.943E+07
398.0        6.922E+07
398.5        7.149E+07
399.0        7.722E+07
399.5        7.690E+07
400.0        7.985E+07
401.0        8.180E+07
402.0        8.605E+07
403.0        8.152E+07
404.0        8.013E+07
405.0        7.999E+07
406.0        7.847E+07
407.0        7.699E+07
408.0        7.995E+07
409.0        8.540E+07
410.0        7.444E+07
411.0        8.046E+07
412.0        8.614E+07
413.0        8.397E+07
414.0        8.480E+07
415.0        8.480E+07
416.0        8.605E+07
417.0        8.383E+07
418.0        8.217E+07
419.0        8.309E+07
420.0        8.263E+07
421.0        8.628E+07
422.0        8.189E+07
423.0        7.985E+07
424.0        8.439E+07
425.0        8.406E+07
426.0        8.161E+07
427.0        7.999E+07
428.0        7.787E+07
429.0        7.352E+07
430.0        6.423E+07
431.0        6.367E+07
432.0        8.198E+07
433.0        8.231E+07
434.0        7.639E+07
435.0        7.976E+07
436.0        8.961E+07
437.0        8.813E+07
438.0        8.009E+07
439.0        8.300E+07
440.0        8.545E+07
441.0        8.832E+07
442.0        9.460E+07
443.0        9.225E+07
444.0        9.405E+07
445.0        9.206E+07
446.0        8.758E+07
447.0        9.442E+07
448.0        9.604E+07
449.0        9.604E+07
450.0        9.853E+07
451.0        1.021E+08
452.0        9.826E+07
453.0        9.229E+07
454.0        9.613E+07
455.0        9.669E+07
456.0        9.886E+07
457.0        1.004E+08
458.0        9.710E+07
459.0        9.645E+07
460.0        9.673E+07
461.0        9.886E+07
462.0        9.941E+07
463.0        9.877E+07
464.0        9.687E+07
465.0        9.539E+07
466.0        9.613E+07
467.0        9.447E+07
468.0        9.553E+07
469.0        9.599E+07
470.0        9.294E+07
471.0        9.276E+07
472.0        9.775E+07
473.0        9.650E+07
474.0        9.682E+07
475.0        9.784E+07
476.0        9.516E+07
477.0        9.558E+07
478.0        9.807E+07
479.0        9.724E+07
480.0        9.719E+07
481.0        9.872E+07
482.0        9.895E+07
483.0        9.747E+07
484.0        9.534E+07
485.0        9.072E+07
486.0        7.916E+07
487.0        8.281E+07
488.0        9.086E+07
489.0        9.123E+07
490.0        9.581E+07
491.0        9.400E+07
492.0        8.873E+07
493.0        9.160E+07
494.0        9.248E+07
495.0        9.322E+07
496.0        9.377E+07
497.0        9.521E+07
498.0        9.072E+07
499.0        9.192E+07
500.0        8.933E+07
501.0        8.781E+07
502.0        8.684E+07
503.0        9.067E+07
504.0        8.938E+07
505.0        9.169E+07
506.0        9.470E+07
507.0        9.007E+07
508.0        8.698E+07
509.0        8.919E+07
510.0        8.855E+07
511.0        9.072E+07
512.0        9.160E+07
513.0        8.665E+07
514.0        8.596E+07
515.0        8.508E+07
516.0        8.489E+07
517.0        7.537E+07
518.0        7.925E+07
519.0        8.314E+07
520.0        8.619E+07
521.0        8.702E+07
522.0        8.716E+07
523.0        8.563E+07
524.0        8.882E+07
525.0        9.007E+07
526.0        8.610E+07
527.0        8.129E+07
528.0        8.610E+07
529.0        9.086E+07
530.0        8.961E+07
531.0        9.100E+07
532.0        8.790E+07
533.0        8.531E+07
534.0        8.776E+07
535.0        8.956E+07
536.0        9.030E+07
537.0        8.665E+07
538.0        8.813E+07
539.0        8.739E+07
540.0        8.383E+07
541.0        8.466E+07
542.0        8.744E+07
543.0        8.628E+07
544.0        8.799E+07
545.0        8.767E+07
546.0        8.827E+07
547.0        8.804E+07
548.0        8.688E+07
549.0        8.707E+07
550.0        8.808E+07
551.0        8.698E+07
552.0        8.758E+07
553.0        8.605E+07
554.0        8.813E+07
555.0        8.836E+07
556.0        8.725E+07
557.0        8.462E+07
558.0        8.411E+07
559.0        8.268E+07
560.0        8.378E+07
561.0        8.499E+07
562.0        8.452E+07
563.0        8.702E+07
564.0        8.480E+07
565.0        8.420E+07
566.0        8.309E+07
567.0        8.485E+07
568.0        8.457E+07
569.0        8.355E+07
570.0        8.337E+07
571.0        8.258E+07
572.0        8.522E+07
573.0        8.624E+07
574.0        8.610E+07
575.0        8.471E+07
576.0        8.392E+07
577.0        8.476E+07
578.0        8.323E+07
579.0        8.314E+07
580.0        8.406E+07
581.0        8.402E+07
582.0        8.517E+07
583.0        8.503E+07
584.0        8.554E+07
585.0        8.332E+07
586.0        8.161E+07
587.0        8.369E+07
588.0        8.291E+07
589.0        7.611E+07
590.0        7.935E+07
591.0        8.240E+07
592.0        8.231E+07
593.0        8.249E+07
594.0        8.235E+07
595.0        8.101E+07
596.0        8.226E+07
597.0        8.170E+07
598.0        8.096E+07
599.0        8.073E+07
600.0        8.032E+07
601.0        7.930E+07
602.0        7.870E+07
603.0        7.985E+07
604.0        8.110E+07
605.0        8.059E+07
606.0        8.009E+07
607.0        8.069E+07
608.0        7.962E+07
609.0        7.962E+07
610.0        7.888E+07
611.0        7.921E+07
612.0        7.888E+07
613.0        7.782E+07
614.0        7.662E+07
615.0        7.814E+07
616.0        7.546E+07
617.0        7.523E+07
618.0        7.805E+07
619.0        7.722E+07
620.0        7.773E+07
621.0        7.796E+07
622.0        7.722E+07
623.0        7.620E+07
624.0        7.477E+07
625.0        7.458E+07
626.0        7.574E+07
627.0        7.699E+07
628.0        7.690E+07
629.0        7.690E+07
630.0        7.528E+07
631.0        7.532E+07
632.0        7.417E+07
633.0        7.574E+07
634.0        7.449E+07
635.0        7.542E+07
636.0        7.412E+07
637.0        7.514E+07
638.0        7.551E+07
639.0        7.449E+07
640.0        7.357E+07
641.0        7.338E+07
642.0        7.287E+07
643.0        7.384E+07
644.0        7.343E+07
645.0        7.366E+07
646.0        7.255E+07
647.0        7.292E+07
648.0        7.357E+07
649.0        7.213E+07
650.0        7.070E+07
651.0        7.333E+07
652.0        7.250E+07
653.0        7.241E+07
654.0        7.135E+07
655.0        6.977E+07
656.0        6.108E+07
657.0        6.270E+07
658.0        6.977E+07
659.0        6.996E+07
660.0        7.014E+07
661.0        7.061E+07
662.0        7.107E+07
663.0        6.954E+07
664.0        6.991E+07
665.0        6.964E+07
666.0        6.954E+07
667.0        6.931E+07
668.0        6.917E+07
669.0        7.014E+07
670.0        6.977E+07
671.0        6.968E+07
672.0        6.903E+07
673.0        7.001E+07
674.0        6.968E+07
675.0        6.899E+07
676.0        6.940E+07
677.0        6.866E+07
678.0        6.880E+07
679.0        6.765E+07
680.0        6.816E+07
681.0        6.769E+07
682.0        6.760E+07
683.0        6.746E+07
684.0        6.714E+07
685.0        6.765E+07
686.0        6.732E+07
687.0        6.816E+07
688.0        6.737E+07
689.0        6.723E+07
690.0        6.677E+07
691.0        6.626E+07
692.0        6.566E+07
693.0        6.575E+07
694.0        6.594E+07
695.0        6.594E+07
696.0        6.649E+07
697.0        6.621E+07
698.0        6.529E+07
699.0        6.617E+07
700.0        6.534E+07
701.0        6.520E+07
702.0        6.483E+07
703.0        6.510E+07
704.0        6.575E+07
705.0        6.584E+07
706.0        6.520E+07
707.0        6.506E+07
708.0        6.520E+07
709.0        6.455E+07
710.0        6.487E+07
711.0        6.455E+07
712.0        6.404E+07
713.0        6.367E+07
714.0        6.390E+07
715.0        6.270E+07
716.0        6.302E+07
717.0        6.390E+07
718.0        6.288E+07
719.0        6.173E+07
720.0        6.293E+07
721.0        6.224E+07
722.0        6.219E+07
723.0        6.275E+07
724.0        6.224E+07
725.0        6.182E+07
726.0        6.191E+07
727.0        6.233E+07
728.0        6.122E+07
729.0        5.997E+07
730.0        6.145E+07
731.0        6.099E+07
732.0        6.113E+07
733.0        6.094E+07
734.0        6.159E+07
735.0        6.071E+07
736.0        6.043E+07
737.0        6.090E+07
738.0        5.988E+07
739.0        5.886E+07
740.0        5.974E+07
741.0        5.877E+07
742.0        5.849E+07
743.0        5.988E+07
744.0        5.951E+07
745.0        5.937E+07
746.0        5.965E+07
747.0        5.974E+07
748.0        5.960E+07
749.0        5.891E+07
750.0        5.886E+07
751.0        5.826E+07
752.0        5.849E+07
753.0        5.877E+07
754.0        5.891E+07
755.0        5.858E+07
756.0        5.854E+07
757.0        5.863E+07
758.0        5.794E+07
759.0        5.775E+07
760.0        5.775E+07
761.0        5.757E+07
762.0        5.655E+07
763.0        5.761E+07
764.0        5.729E+07
765.0        5.669E+07
766.0        5.438E+07
767.0        5.623E+07
768.0        5.646E+07
769.0        5.590E+07
770.0        5.590E+07
771.0        5.553E+07
772.0        5.539E+07
773.0        5.572E+07
774.0        5.539E+07
775.0        5.493E+07
776.0        5.558E+07
777.0        5.484E+07
778.0        5.452E+07
779.0        5.456E+07
780.0        5.424E+07
781.0        5.428E+07
782.0        5.461E+07
783.0        5.364E+07
784.0        5.387E+07
785.0        5.354E+07
786.0        5.419E+07
787.0        5.396E+07
788.0        5.368E+07
789.0        5.396E+07
790.0        5.387E+07
791.0        5.313E+07
792.0        5.262E+07
793.0        5.193E+07
794.0        5.133E+07
795.0        5.253E+07
796.0        5.271E+07
797.0        5.267E+07
798.0        5.262E+07
799.0        5.267E+07
800.0        5.220E+07
801.0        5.234E+07
802.0        5.211E+07
803.0        5.188E+07
804.0        5.179E+07
805.0        5.114E+07
806.0        5.183E+07
807.0        5.142E+07
808.0        5.133E+07
809.0        5.091E+07
810.0        5.105E+07
811.0        5.156E+07
812.0        5.160E+07
813.0        5.170E+07
814.0        5.137E+07
815.0        5.109E+07
816.0        5.100E+07
817.0        5.082E+07
818.0        4.980E+07
819.0        4.952E+07
820.0        4.920E+07
821.0        4.915E+07
822.0        4.924E+07
823.0        4.975E+07
824.0        4.961E+07
825.0        4.948E+07
826.0        4.985E+07
827.0        4.975E+07
828.0        4.948E+07
829.0        4.915E+07
830.0        4.901E+07
831.0        4.874E+07
832.0        4.887E+07
833.0        4.735E+07
834.0        4.758E+07
835.0        4.832E+07
836.0        4.855E+07
837.0        4.832E+07
838.0        4.758E+07
839.0        4.744E+07
840.0        4.823E+07
841.0        4.795E+07
842.0        4.753E+07
843.0        4.698E+07
844.0        4.665E+07
845.0        4.776E+07
846.0        4.749E+07
847.0        4.642E+07
848.0        4.638E+07
849.0        4.508E+07
850.0        4.314E+07
851.0        4.596E+07
852.0        4.552E+07
853.0        4.359E+07
854.0        3.782E+07
855.0        4.129E+07
856.0        4.524E+07
857.0        4.607E+07
858.0        4.580E+07
859.0        4.575E+07
860.0        4.576E+07
861.0        4.553E+07
862.0        4.621E+07
863.0        4.730E+07
864.0        4.493E+07
865.0        4.451E+07
866.0        4.002E+07
867.0        4.176E+07
868.0        4.544E+07
869.0        4.449E+07
870.0        4.575E+07
871.0        4.513E+07
872.0        4.496E+07
873.0        4.487E+07
874.0        4.433E+07
875.0        4.344E+07
876.0        4.391E+07
877.0        4.433E+07
878.0        4.486E+07
879.0        4.416E+07
880.0        4.321E+07
881.0        4.268E+07
882.0        4.363E+07
883.0        4.369E+07
884.0        4.351E+07
885.0        4.383E+07
886.0        4.220E+07
887.0        4.235E+07
888.0        4.327E+07
889.0        4.328E+07
890.0        4.340E+07
891.0        4.308E+07
892.0        4.239E+07
893.0        4.213E+07
894.0        4.223E+07
895.0        4.207E+07
896.0        4.269E+07
897.0        4.204E+07
898.0        4.222E+07
899.0        4.210E+07
900.0        4.113E+07
901.0        3.972E+07
902.0        4.013E+07
903.0        4.165E+07
904.0        4.207E+07
905.0        4.195E+07
906.0        4.098E+07
907.0        4.131E+07
908.0        4.058E+07
909.0        3.976E+07
910.0        4.054E+07
911.0        4.033E+07
912.0        4.038E+07
913.0        4.127E+07
914.0        4.078E+07
915.0        4.045E+07
916.0        4.062E+07
917.0        4.005E+07
918.0        4.024E+07
919.0        4.038E+07
920.0        3.989E+07
921.0        3.889E+07
922.0        3.874E+07
923.0        3.768E+07
924.0        3.887E+07
925.0        3.886E+07
926.0        3.836E+07
927.0        3.959E+07
928.0        3.965E+07
929.0        3.912E+07
930.0        3.933E+07
931.0        3.933E+07
932.0        3.912E+07
933.0        3.927E+07
934.0        3.917E+07
935.0        3.871E+07
936.0        3.852E+07
937.0        3.879E+07
938.0        3.876E+07
939.0        3.848E+07
940.0        3.803E+07
941.0        3.664E+07
942.0        3.741E+07
943.0        3.786E+07
944.0        3.736E+07
945.0        3.773E+07
946.0        3.786E+07
947.0        3.795E+07
948.0        3.798E+07
949.0        3.795E+07
950.0        3.768E+07
951.0        3.748E+07
952.0        3.751E+07
953.0        3.717E+07
954.0        3.603E+07
955.0        3.542E+07
956.0        3.692E+07
957.0        3.663E+07
958.0        3.703E+07
959.0        3.707E+07
960.0        3.654E+07
961.0        3.672E+07
962.0        3.640E+07
963.0        3.622E+07
964.0        3.621E+07
965.0        3.607E+07
966.0        3.577E+07
967.0        3.608E+07
968.0        3.603E+07
969.0        3.601E+07
970.0        3.597E+07
971.0        3.586E+07
972.0        3.595E+07
973.0        3.557E+07
974.0        3.513E+07
975.0        3.556E+07
976.0        3.536E+07
977.0        3.528E+07
978.0        3.523E+07
979.0        3.493E+07
980.0        3.511E+07
981.0        3.530E+07
982.0        3.518E+07
983.0        3.493E+07
984.0        3.488E+07
985.0        3.491E+07
986.0        3.465E+07
987.0        3.458E+07
988.0        3.463E+07
989.0        3.408E+07
990.0        3.423E+07
991.0        3.429E+07
992.0        3.439E+07
993.0        3.430E+07
994.0        3.430E+07
995.0        3.415E+07
996.0        3.412E+07
997.0        3.411E+07
998.0        3.399E+07
999.0        3.383E+07
1000.0       3.379E+07
1001.0       3.399E+07
1002.0       3.385E+07
1003.0       3.344E+07
1004.0       3.283E+07
1005.0       3.135E+07
1006.0       3.273E+07
1007.0       3.333E+07
1008.0       3.331E+07
1009.0       3.329E+07
1010.0       3.324E+07
1011.0       3.314E+07
1012.0       3.302E+07
1013.0       3.302E+07
1014.0       3.279E+07
1015.0       3.260E+07
1016.0       3.247E+07
1017.0       3.258E+07
1018.0       3.236E+07
1019.0       3.197E+07
1020.0       3.224E+07
1021.0       3.214E+07
1022.0       3.200E+07
1023.0       3.237E+07
1024.0       3.226E+07
1025.0       3.223E+07
1026.0       3.217E+07
1027.0       3.209E+07
1028.0       3.204E+07
1029.0       3.169E+07
1030.0       3.179E+07
1031.0       3.172E+07
1032.0       3.159E+07
1033.0       3.112E+07
1034.0       3.111E+07
1035.0       3.121E+07
1036.0       3.140E+07
1037.0       3.088E+07
1038.0       3.103E+07
1039.0       3.103E+07
1040.0       3.091E+07
1041.0       3.105E+07
1042.0       3.084E+07
1043.0       3.076E+07
1044.0       3.088E+07
1045.0       3.048E+07
1046.0       3.016E+07
1047.0       3.045E+07
1048.0       3.064E+07
1049.0       3.055E+07
1050.0       3.044E+07
1051.0       3.043E+07
1052.0       3.033E+07
1053.0       3.012E+07
1054.0       3.022E+07
1055.0       3.028E+07
1056.0       3.022E+07
1057.0       3.017E+07
1058.0       2.946E+07
1059.0       2.954E+07
1060.0       2.952E+07
1061.0       2.951E+07
1062.0       2.971E+07
1063.0       2.945E+07
1064.0       2.979E+07
1065.0       2.968E+07
1066.0       2.901E+07
1067.0       2.941E+07
1068.0       2.885E+07
1069.0       2.791E+07
1070.0       2.895E+07
1071.0       2.912E+07
1072.0       2.900E+07
1073.0       2.852E+07
1074.0       2.897E+07
1075.0       2.835E+07
1076.0       2.900E+07
1077.0       2.899E+07
1078.0       2.856E+07
1079.0       2.840E+07
1080.0       2.880E+07
1081.0       2.801E+07
1082.0       2.776E+07
1083.0       2.772E+07
1084.0       2.839E+07
1085.0       2.856E+07
1086.0       2.821E+07
1087.0       2.725E+07
1088.0       2.785E+07
1089.0       2.781E+07
1090.0       2.818E+07
1091.0       2.804E+07
1092.0       2.778E+07
1093.0       2.687E+07
1094.0       2.575E+07
1095.0       2.698E+07
1096.0       2.696E+07
1097.0       2.700E+07
1098.0       2.663E+07
1099.0       2.724E+07
1100.0       2.741E+07
1101.0       2.704E+07
1102.0       2.669E+07
1103.0       2.721E+07
1104.0       2.712E+07
1105.0       2.711E+07
1106.0       2.703E+07
1107.0       2.693E+07
1108.0       2.694E+07
1109.0       2.692E+07
1110.0       2.692E+07
1111.0       2.672E+07
1112.0       2.654E+07
1113.0       2.647E+07
1114.0       2.670E+07
1115.0       2.649E+07
1116.0       2.650E+07
1117.0       2.662E+07
1118.0       2.637E+07
1119.0       2.601E+07
1120.0       2.601E+07
1121.0       2.619E+07
1122.0       2.629E+07
1123.0       2.625E+07
1124.0       2.606E+07
1125.0       2.534E+07
1126.0       2.559E+07
1127.0       2.580E+07
1128.0       2.570E+07
1129.0       2.542E+07
1130.0       2.547E+07
1131.0       2.560E+07
1132.0       2.561E+07
1133.0       2.519E+07
1134.0       2.544E+07
1135.0       2.545E+07
1136.0       2.548E+07
1137.0       2.522E+07
1138.0       2.489E+07
1139.0       2.498E+07
1140.0       2.478E+07
1141.0       2.482E+07
1142.0       2.491E+07
1143.0       2.497E+07
1144.0       2.474E+07
1145.0       2.495E+07
1146.0       2.512E+07
1147.0       2.505E+07
1148.0       2.489E+07
1149.0       2.484E+07
1150.0       2.477E+07
1151.0       2.476E+07
1152.0       2.456E+07
1153.0       2.470E+07
1154.0       2.474E+07
1155.0       2.460E+07
1156.0       2.453E+07
1157.0       2.453E+07
1158.0       2.446E+07
1159.0       2.390E+07
1160.0       2.396E+07
1161.0       2.351E+07
1162.0       2.414E+07
1163.0       2.412E+07
1164.0       2.380E+07
1165.0       2.393E+07
1166.0       2.374E+07
1167.0       2.390E+07
1168.0       2.394E+07
1169.0       2.342E+07
1170.0       2.386E+07
1171.0       2.393E+07
1172.0       2.386E+07
1173.0       2.384E+07
1174.0       2.373E+07
1175.0       2.306E+07
1176.0       2.345E+07
1177.0       2.345E+07
1178.0       2.317E+07
1179.0       2.351E+07
1180.0       2.357E+07
1181.0       2.340E+07
1182.0       2.312E+07
1183.0       2.245E+07
1184.0       2.311E+07
1185.0       2.332E+07
1186.0       2.327E+07
1187.0       2.326E+07
1188.0       2.241E+07
1189.0       2.237E+07
1190.0       2.303E+07
1191.0       2.317E+07
1192.0       2.305E+07
1193.0       2.303E+07
1194.0       2.299E+07
1195.0       2.271E+07
1196.0       2.273E+07
1197.0       2.217E+07
1198.0       2.193E+07
1199.0       2.169E+07
1200.0       2.259E+07
1201.0       2.269E+07
1202.0       2.256E+07
1203.0       2.162E+07
1204.0       2.214E+07
1205.0       2.240E+07
1206.0       2.243E+07
1207.0       2.239E+07
1208.0       2.125E+07
1209.0       2.167E+07
1210.0       2.179E+07
1211.0       2.187E+07
1212.0       2.213E+07
1213.0       2.211E+07
1214.0       2.211E+07
1215.0       2.210E+07
1216.0       2.207E+07
1217.0       2.201E+07
1218.0       2.192E+07
1219.0       2.183E+07
1220.0       2.189E+07
1221.0       2.181E+07
1222.0       2.172E+07
1223.0       2.165E+07
1224.0       2.171E+07
1225.0       2.164E+07
1226.0       2.155E+07
1227.0       2.112E+07
1228.0       2.146E+07
1229.0       2.151E+07
1230.0       2.139E+07
1231.0       2.132E+07
1232.0       2.122E+07
1233.0       2.126E+07
1234.0       2.115E+07
1235.0       2.113E+07
1236.0       2.119E+07
1237.0       2.116E+07
1238.0       2.112E+07
1239.0       2.085E+07
1240.0       2.090E+07
1241.0       2.098E+07
1242.0       2.077E+07
1243.0       2.059E+07
1244.0       2.079E+07
1245.0       2.085E+07
1246.0       2.072E+07
1247.0       2.069E+07
1248.0       2.078E+07
1249.0       2.075E+07
1250.0       2.068E+07
1251.0       2.053E+07
1252.0       2.039E+07
1253.0       2.049E+07
1254.0       2.050E+07
1255.0       2.044E+07
1256.0       2.036E+07
1257.0       2.035E+07
1258.0       2.034E+07
1259.0       2.038E+07
1260.0       2.039E+07
1261.0       2.028E+07
1262.0       2.023E+07
1263.0       2.030E+07
1264.0       2.011E+07
1265.0       2.015E+07
1266.0       2.018E+07
1267.0       1.998E+07
1268.0       1.985E+07
1269.0       2.005E+07
1270.0       2.012E+07
1271.0       2.007E+07
1272.0       2.002E+07
1273.0       1.993E+07
1274.0       1.985E+07
1275.0       1.993E+07
1276.0       1.992E+07
1277.0       1.987E+07
1278.0       1.979E+07
1279.0       1.963E+07
1280.0       1.938E+07
1281.0       1.830E+07
1282.0       1.733E+07
1283.0       1.873E+07
1284.0       1.925E+07
1285.0       1.934E+07
1286.0       1.942E+07
1287.0       1.946E+07
1288.0       1.938E+07
1289.0       1.938E+07
1290.0       1.914E+07
1291.0       1.929E+07
1292.0       1.937E+07
1293.0       1.926E+07
1294.0       1.922E+07
1295.0       1.930E+07
1296.0       1.930E+07
1297.0       1.913E+07
1298.0       1.911E+07
1299.0       1.921E+07
1300.0       1.913E+07
1301.0       1.902E+07
1302.0       1.893E+07
1303.0       1.879E+07
1304.0       1.885E+07
1305.0       1.895E+07
1306.0       1.894E+07
1307.0       1.883E+07
1308.0       1.881E+07
1309.0       1.880E+07
1310.0       1.868E+07
1311.0       1.867E+07
1312.0       1.816E+07
1313.0       1.832E+07
1314.0       1.848E+07
1315.0       1.793E+07
1316.0       1.836E+07
1317.0       1.844E+07
1318.0       1.837E+07
1319.0       1.850E+07
1320.0       1.840E+07
1321.0       1.830E+07
1322.0       1.833E+07
1323.0       1.832E+07
1324.0       1.833E+07
1325.0       1.825E+07
1326.0       1.814E+07
1327.0       1.812E+07
1328.0       1.795E+07
1329.0       1.774E+07
1330.0       1.800E+07
1331.0       1.795E+07
1332.0       1.776E+07
1333.0       1.804E+07
1334.0       1.806E+07
1335.0       1.794E+07
1336.0       1.797E+07
1337.0       1.789E+07
1338.0       1.779E+07
1339.0       1.752E+07
1340.0       1.771E+07
1341.0       1.774E+07
1342.0       1.773E+07
1343.0       1.771E+07
1344.0       1.776E+07
1345.0       1.766E+07
1346.0       1.758E+07
1347.0       1.762E+07
1348.0       1.761E+07
1349.0       1.748E+07
1350.0       1.734E+07
1351.0       1.746E+07
1352.0       1.753E+07
1353.0       1.746E+07
1354.0       1.735E+07
1355.0       1.718E+07
1356.0       1.710E+07
1357.0       1.713E+07
1358.0       1.726E+07
1359.0       1.709E+07
1360.0       1.710E+07
1361.0       1.724E+07
1362.0       1.705E+07
1363.0       1.697E+07
1364.0       1.704E+07
1365.0       1.708E+07
1366.0       1.697E+07
1367.0       1.692E+07
1368.0       1.685E+07
1369.0       1.674E+07
1370.0       1.673E+07
1371.0       1.677E+07
1372.0       1.690E+07
1373.0       1.690E+07
1374.0       1.675E+07
1375.0       1.661E+07
1376.0       1.654E+07
1377.0       1.668E+07
1378.0       1.670E+07
1379.0       1.673E+07
1380.0       1.666E+07
1381.0       1.661E+07
1382.0       1.647E+07
1383.0       1.654E+07
1384.0       1.657E+07
1385.0       1.648E+07
1386.0       1.648E+07
1387.0       1.645E+07
1388.0       1.651E+07
1389.0       1.641E+07
1390.0       1.632E+07
1391.0       1.643E+07
1392.0       1.637E+07
1393.0       1.631E+07
1394.0       1.623E+07
1395.0       1.621E+07
1396.0       1.627E+07
1397.0       1.628E+07
1398.0       1.626E+07
1399.0       1.608E+07
1400.0       1.586E+07
1401.0       1.598E+07
1402.0       1.606E+07
1403.0       1.594E+07
1404.0       1.595E+07
1405.0       1.598E+07
1406.0       1.594E+07
1407.0       1.593E+07
1408.0       1.593E+07
1409.0       1.596E+07
1410.0       1.588E+07
1411.0       1.555E+07
1412.0       1.556E+07
1413.0       1.565E+07
1414.0       1.571E+07
1415.0       1.576E+07
1416.0       1.566E+07
1417.0       1.576E+07
1418.0       1.569E+07
1419.0       1.557E+07
1420.0       1.557E+07
1421.0       1.543E+07
1422.0       1.531E+07
1423.0       1.534E+07
1424.0       1.535E+07
1425.0       1.526E+07
1426.0       1.517E+07
1427.0       1.523E+07
1428.0       1.527E+07
1429.0       1.501E+07
1430.0       1.520E+07
1431.0       1.522E+07
1432.0       1.545E+07
1433.0       1.530E+07
1434.0       1.526E+07
1435.0       1.531E+07
1436.0       1.527E+07
1437.0       1.529E+07
1438.0       1.528E+07
1439.0       1.513E+07
1440.0       1.453E+07
1441.0       1.491E+07
1442.0       1.472E+07
1443.0       1.488E+07
1444.0       1.482E+07
1445.0       1.502E+07
1446.0       1.490E+07
1447.0       1.490E+07
1448.0       1.499E+07
1449.0       1.494E+07
1450.0       1.474E+07
1451.0       1.458E+07
1452.0       1.473E+07
1453.0       1.470E+07
1454.0       1.454E+07
1455.0       1.452E+07
1456.0       1.457E+07
1457.0       1.466E+07
1458.0       1.478E+07
1459.0       1.472E+07
1460.0       1.463E+07
1461.0       1.458E+07
1462.0       1.446E+07
1463.0       1.440E+07
1464.0       1.449E+07
1465.0       1.439E+07
1466.0       1.450E+07
1467.0       1.447E+07
1468.0       1.441E+07
1469.0       1.450E+07
1470.0       1.426E+07
1471.0       1.424E+07
1472.0       1.418E+07
1473.0       1.402E+07
1474.0       1.400E+07
1475.0       1.404E+07
1476.0       1.410E+07
1477.0       1.403E+07
1478.0       1.403E+07
1479.0       1.422E+07
1480.0       1.413E+07
1481.0       1.408E+07
1482.0       1.405E+07
1483.0       1.393E+07
1484.0       1.412E+07
1485.0       1.415E+07
1486.0       1.397E+07
1487.0       1.339E+07
1488.0       1.291E+07
1489.0       1.391E+07
1490.0       1.399E+07
1491.0       1.393E+07
1492.0       1.392E+07
1493.0       1.400E+07
1494.0       1.402E+07
1495.0       1.378E+07
1496.0       1.358E+07
1497.0       1.375E+07
1498.0       1.376E+07
1499.0       1.376E+07
1500.0       1.384E+07
1501.0       1.376E+07
1502.0       1.306E+07
1503.0       1.287E+07
1504.0       1.269E+07
1505.0       1.268E+07
1506.0       1.328E+07
1507.0       1.348E+07
1508.0       1.327E+07
1509.0       1.346E+07
1510.0       1.358E+07
1511.0       1.353E+07
1512.0       1.328E+07
1513.0       1.325E+07
1514.0       1.326E+07
1515.0       1.333E+07
1516.0       1.321E+07
1517.0       1.328E+07
1518.0       1.329E+07
1519.0       1.326E+07
1520.0       1.319E+07
1521.0       1.301E+07
1522.0       1.300E+07
1523.0       1.312E+07
1524.0       1.302E+07
1525.0       1.305E+07
1526.0       1.315E+07
1527.0       1.315E+07
1528.0       1.311E+07
1529.0       1.274E+07
1530.0       1.265E+07
1531.0       1.300E+07
1532.0       1.295E+07
1533.0       1.282E+07
1534.0       1.271E+07
1535.0       1.285E+07
1536.0       1.291E+07
1537.0       1.279E+07
1538.0       1.266E+07
1539.0       1.257E+07
1540.0       1.246E+07
1541.0       1.260E+07
1542.0       1.263E+07
1543.0       1.271E+07
1544.0       1.273E+07
1545.0       1.275E+07
1546.0       1.267E+07
1547.0       1.240E+07
1548.0       1.239E+07
1549.0       1.244E+07
1550.0       1.238E+07
1551.0       1.250E+07
1552.0       1.252E+07
1553.0       1.230E+07
1554.0       1.223E+07
1555.0       1.223E+07
1556.0       1.223E+07
1557.0       1.236E+07
1558.0       1.230E+07
1559.0       1.223E+07
1560.0       1.232E+07
1561.0       1.240E+07
1562.0       1.230E+07
1563.0       1.217E+07
1564.0       1.224E+07
1565.0       1.221E+07
1566.0       1.208E+07
1567.0       1.208E+07
1568.0       1.198E+07
1569.0       1.200E+07
1570.0       1.211E+07
1571.0       1.221E+07
1572.0       1.213E+07
1573.0       1.207E+07
1574.0       1.167E+07
1575.0       1.155E+07
1576.0       1.144E+07
1577.0       1.118E+07
1578.0       1.177E+07
1579.0       1.196E+07
1580.0       1.202E+07
1581.0       1.184E+07
1582.0       1.157E+07
1583.0       1.166E+07
1584.0       1.172E+07
1585.0       1.181E+07
1586.0       1.171E+07
1587.0       1.151E+07
1588.0       1.107E+07
1589.0       1.072E+07
1590.0       1.100E+07
1591.0       1.125E+07
1592.0       1.166E+07
1593.0       1.176E+07
1594.0       1.180E+07
1595.0       1.160E+07
1596.0       1.128E+07
1597.0       1.163E+07
1598.0       1.169E+07
1599.0       1.156E+07
1600.0       1.145E+07
1601.0       1.132E+07
1602.0       1.140E+07
1603.0       1.144E+07
1604.0       1.136E+07
1605.0       1.135E+07
1606.0       1.122E+07
1607.0       1.132E+07
1608.0       1.137E+07
1609.0       1.103E+07
1610.0       1.080E+07
1611.0       1.100E+07
1612.0       1.110E+07
1613.0       1.117E+07
1614.0       1.114E+07
1615.0       1.088E+07
1616.0       1.071E+07
1617.0       1.096E+07
1618.0       1.111E+07
1619.0       1.097E+07
1620.0       1.066E+07
1621.0       1.081E+07
1622.0       1.098E+07
1623.0       1.113E+07
1624.0       1.104E+07
1625.0       1.099E+07
1626.0       1.103E+07
1627.0       1.110E+07
1628.0       1.110E+07
1629.0       1.097E+07
1630.0       1.093E+07
1631.0       1.094E+07
1632.0       1.088E+07
1633.0       1.070E+07
1634.0       1.076E+07
1635.0       1.082E+07
1636.0       1.059E+07
1637.0       1.041E+07
1638.0       1.016E+07
1639.0       1.020E+07
1640.0       1.023E+07
1641.0       1.017E+07
1642.0       1.028E+07
1643.0       1.033E+07
1644.0       1.025E+07
1645.0       1.033E+07
1646.0       1.043E+07
1647.0       1.043E+07
1648.0       1.035E+07
1649.0       1.031E+07
1650.0       1.034E+07
1651.0       1.032E+07
1652.0       1.037E+07
1653.0       1.037E+07
1654.0       1.034E+07
1655.0       1.036E+07
1656.0       1.041E+07
1657.0       1.039E+07
1658.0       1.034E+07
1659.0       1.031E+07
1660.0       1.039E+07
1661.0       1.039E+07
1662.0       1.031E+07
1663.0       1.026E+07
1664.0       1.023E+07
1665.0       1.014E+07
1666.0       1.011E+07
1667.0       1.005E+07
1668.0       9.951E+06
1669.0       1.009E+07
1670.0       1.013E+07
1671.0       9.937E+06
1672.0       9.733E+06
1673.0       9.914E+06
1674.0       9.904E+06
1675.0       9.710E+06
1676.0       9.729E+06
1677.0       9.803E+06
1678.0       9.724E+06
1679.0       9.539E+06
1680.0       9.202E+06
1681.0       9.114E+06
1682.0       9.359E+06
1683.0       9.567E+06
1684.0       9.673E+06
1685.0       9.678E+06
1686.0       9.659E+06
1687.0       9.659E+06
1688.0       9.645E+06
1689.0       9.548E+06
1690.0       9.655E+06
1691.0       9.710E+06
1692.0       9.719E+06
1693.0       9.701E+06
1694.0       9.678E+06
1695.0       9.655E+06
1696.0       9.622E+06
1697.0       9.608E+06
1698.0       9.599E+06
1699.0       9.525E+06
1700.0       9.447E+06
1701.0       9.428E+06
1702.0       9.368E+06
1703.0       9.349E+06
1704.0       9.447E+06
1705.0       9.377E+06
1710.0       9.160E+06
1715.0       9.215E+06
1720.0       9.058E+06
1725.0       8.938E+06
1730.0       8.836E+06
1735.0       8.388E+06
1740.0       8.545E+06
1745.0       8.587E+06
1750.0       8.522E+06
1755.0       8.517E+06
1760.0       8.397E+06
1765.0       8.309E+06
1770.0       8.244E+06
1775.0       8.129E+06
1780.0       8.022E+06
1785.0       7.981E+06
1790.0       7.958E+06
1795.0       7.865E+06
1800.0       7.777E+06
1805.0       7.713E+06
1810.0       7.648E+06
1815.0       7.320E+06
1820.0       7.190E+06
1825.0       7.394E+06
1830.0       7.361E+06
1835.0       7.287E+06
1840.0       7.190E+06
1845.0       7.075E+06
1850.0       7.088E+06
1855.0       7.028E+06
1860.0       6.936E+06
1865.0       6.839E+06
1870.0       6.728E+06
1875.0       6.233E+06
1880.0       6.584E+06
1885.0       6.617E+06
1890.0       6.515E+06
1895.0       6.372E+06
1900.0       6.418E+06
1905.0       6.386E+06
1910.0       6.316E+06
1915.0       6.275E+06
1920.0       6.201E+06
1925.0       6.168E+06
1930.0       6.025E+06
1935.0       6.020E+06
1940.0       5.882E+06
1945.0       5.563E+06
1950.0       5.761E+06
1955.0       5.858E+06
1960.0       5.784E+06
1965.0       5.687E+06
1970.0       5.664E+06
1975.0       5.567E+06
1980.0       5.507E+06
1985.0       5.470E+06
1990.0       5.465E+06
1995.0       5.373E+06
2000.0       5.359E+06
2005.0       5.304E+06
2010.0       5.290E+06
2015.0       5.243E+06
2020.0       5.151E+06
2025.0       5.123E+06
2030.0       5.045E+06
2035.0       4.998E+06
2040.0       4.975E+06
2045.0       4.980E+06
2050.0       4.920E+06
2055.0       4.869E+06
2060.0       4.795E+06
2065.0       4.758E+06
2070.0       4.730E+06
2075.0       4.726E+06
2080.0       4.652E+06
2085.0       4.611E+06
2090.0       4.566E+06
2095.0       4.499E+06
2100.0       4.506E+06
2105.0       4.478E+06
2110.0       4.426E+06
2115.0       4.388E+06
2120.0       4.333E+06
2125.0       4.293E+06
2130.0       4.290E+06
2135.0       4.238E+06
2140.0       4.227E+06
2145.0       4.189E+06
2150.0       4.165E+06
2155.0       4.125E+06
2160.0       4.059E+06
2165.0       3.824E+06
2170.0       3.934E+06
2175.0       3.959E+06
2180.0       3.926E+06
2185.0       3.911E+06
2190.0       3.865E+06
2195.0       3.855E+06
2200.0       3.818E+06
2205.0       3.731E+06
2210.0       3.721E+06
2215.0       3.708E+06
2220.0       3.685E+06
2225.0       3.638E+06
2230.0       3.619E+06
2235.0       3.589E+06
2240.0       3.540E+06
2245.0       3.522E+06
2250.0       3.487E+06
2255.0       3.448E+06
2260.0       3.428E+06
2265.0       3.397E+06
2270.0       3.384E+06
2275.0       3.359E+06
2280.0       3.302E+06
2285.0       3.284E+06
2290.0       3.266E+06
2295.0       3.195E+06
2300.0       3.199E+06
2305.0       3.189E+06
2310.0       3.164E+06
2315.0       3.126E+06
2320.0       3.085E+06
2325.0       3.021E+06
2330.0       3.034E+06
2335.0       3.010E+06
2340.0       3.000E+06
2345.0       2.987E+06
2350.0       2.937E+06
2355.0       2.876E+06
2360.0       2.888E+06
2365.0       2.881E+06
2370.0       2.847E+06
2375.0       2.815E+06
2380.0       2.800E+06
2385.0       2.708E+06
2390.0       2.731E+06
2395.0       2.721E+06
2400.0       2.704E+06
2405.0       2.688E+06
2410.0       2.668E+06
2415.0       2.588E+06
2420.0       2.600E+06
2425.0       2.590E+06
2430.0       2.580E+06
2435.0       2.550E+06
2440.0       2.544E+06
2445.0       2.510E+06
2450.0       2.468E+06
2455.0       2.449E+06
2460.0       2.456E+06
2465.0       2.450E+06
2470.0       2.412E+06
2475.0       2.408E+06
2480.0       2.358E+06
2485.0       2.342E+06
2490.0       2.348E+06
2495.0       2.335E+06
2500.0       2.328E+06
2505.0       2.311E+06
2510.0       2.274E+06
2515.0       2.263E+06
2520.0       2.257E+06
2525.0       2.245E+06
2530.0       2.231E+06
2535.0       2.210E+06
2540.0       2.173E+06
2545.0       2.166E+06
2550.0       2.153E+06
2555.0       2.136E+06
2560.0       2.121E+06
2565.0       2.107E+06
2570.0       2.097E+06
2575.0       2.093E+06
2580.0       2.068E+06
2585.0       2.018E+06
2590.0       2.037E+06
2595.0       2.023E+06
2600.0       2.013E+06
2605.0       2.004E+06
2610.0       1.987E+06
2615.0       1.968E+06
2620.0       1.932E+06
2625.0       1.842E+06
2630.0       1.896E+06
2635.0       1.915E+06
2640.0       1.877E+06
2645.0       1.882E+06
2650.0       1.875E+06
2655.0       1.851E+06
2660.0       1.848E+06
2665.0       1.811E+06
2670.0       1.823E+06
2675.0       1.807E+06
2680.0       1.803E+06
2685.0       1.795E+06
2690.0       1.782E+06
2695.0       1.768E+06
2700.0       1.760E+06
2705.0       1.746E+06
2710.0       1.732E+06
2715.0       1.723E+06
2720.0       1.711E+06
2725.0       1.697E+06
2730.0       1.688E+06
2735.0       1.678E+06
2740.0       1.663E+06
2745.0       1.657E+06
2750.0       1.643E+06
2755.0       1.619E+06
2760.0       1.600E+06
2765.0       1.602E+06
2770.0       1.598E+06
2775.0       1.584E+06
2780.0       1.576E+06
2785.0       1.566E+06
2790.0       1.561E+06
2795.0       1.550E+06
2800.0       1.537E+06
2805.0       1.527E+06
2810.0       1.520E+06
2815.0       1.509E+06
2820.0       1.499E+06
2825.0       1.488E+06
2830.0       1.480E+06
2835.0       1.471E+06
2840.0       1.456E+06
2845.0       1.449E+06
2850.0       1.438E+06
2855.0       1.430E+06
2860.0       1.421E+06
2865.0       1.409E+06
2870.0       1.384E+06
2875.0       1.377E+06
2880.0       1.382E+06
2885.0       1.375E+06
2890.0       1.365E+06
2895.0       1.358E+06
2900.0       1.349E+06
2905.0       1.340E+06
2910.0       1.333E+06
2915.0       1.323E+06
2920.0       1.315E+06
2925.0       1.301E+06
2930.0       1.296E+06
2935.0       1.290E+06
2940.0       1.281E+06
2945.0       1.270E+06
2950.0       1.264E+06
2955.0       1.257E+06
2960.0       1.250E+06
2965.0       1.243E+06
2970.0       1.235E+06
2975.0       1.228E+06
2980.0       1.218E+06
2985.0       1.211E+06
2990.0       1.203E+06
2995.0       1.193E+06
3000.0       1.184E+06
3005.0       1.181E+06
3010.0       1.174E+06
3015.0       1.166E+06
3020.0       1.158E+06
3025.0       1.151E+06
3030.0       1.142E+06
3035.0       1.125E+06
3040.0       1.106E+06
3045.0       1.117E+06
3050.0       1.116E+06
3055.0       1.108E+06
3060.0       1.102E+06
3065.0       1.092E+06
3070.0       1.087E+06
3075.0       1.083E+06
3080.0       1.075E+06
3085.0       1.066E+06
3090.0       1.062E+06
3095.0       1.055E+06
3100.0       1.048E+06
3105.0       1.044E+06
3110.0       1.036E+06
3115.0       1.018E+06
3120.0       1.021E+06
3125.0       1.018E+06
3130.0       1.012E+06
3135.0       1.007E+06
3140.0       1.000E+06
3145.0       9.941E+05
3150.0       9.826E+05
3155.0       9.798E+05
3160.0       9.766E+05
3165.0       9.687E+05
3170.0       9.613E+05
3175.0       9.595E+05
3180.0       9.516E+05
3185.0       9.474E+05
3190.0       9.428E+05
3195.0       9.373E+05
3200.0       9.285E+05
3205.0       9.252E+05
3210.0       9.206E+05
3215.0       9.132E+05
3220.0       9.095E+05
3225.0       9.035E+05
3230.0       8.984E+05
3235.0       8.919E+05
3240.0       8.859E+05
3245.0       8.804E+05
3250.0       8.785E+05
3255.0       8.721E+05
3260.0       8.665E+05
3265.0       8.614E+05
3270.0       8.573E+05
3275.0       8.513E+05
3280.0       8.448E+05
3285.0       8.397E+05
3290.0       8.323E+05
3295.0       8.152E+05
3300.0       8.138E+05
3305.0       8.203E+05
3310.0       8.175E+05
3315.0       8.096E+05
3320.0       7.958E+05
3325.0       8.009E+05
3330.0       7.995E+05
3335.0       7.944E+05
3340.0       7.888E+05
3345.0       7.861E+05
3350.0       7.805E+05
3355.0       7.763E+05
3360.0       7.731E+05
3365.0       7.666E+05
3370.0       7.602E+05
3375.0       7.583E+05
3380.0       7.542E+05
3385.0       7.505E+05
3390.0       7.477E+05
3395.0       7.380E+05
3400.0       7.283E+05
3405.0       7.315E+05
3410.0       7.283E+05
3415.0       7.218E+05
3420.0       7.209E+05
3425.0       7.167E+05
3430.0       7.125E+05
3435.0       7.107E+05
3440.0       7.070E+05
3445.0       7.028E+05
3450.0       6.991E+05
3455.0       6.950E+05
3460.0       6.917E+05
3465.0       6.876E+05
3470.0       6.825E+05
3475.0       6.788E+05
3480.0       6.760E+05
3485.0       6.723E+05
3490.0       6.686E+05
3495.0       6.645E+05
3500.0       6.617E+05
3505.0       6.584E+05
3510.0       6.547E+05
3515.0       6.506E+05
3520.0       6.469E+05
3525.0       6.436E+05
3530.0       6.404E+05
3535.0       6.353E+05
3540.0       6.321E+05
3545.0       6.307E+05
3550.0       6.270E+05
3555.0       6.214E+05
3560.0       6.178E+05
3565.0       6.164E+05
3570.0       6.122E+05
3575.0       6.094E+05
3580.0       6.053E+05
3585.0       6.025E+05
3590.0       6.002E+05
3595.0       5.965E+05
3600.0       5.932E+05
3605.0       5.914E+05
3610.0       5.882E+05
3615.0       5.854E+05
3620.0       5.826E+05
3625.0       5.789E+05
3630.0       5.757E+05
3635.0       5.729E+05
3640.0       5.692E+05
3645.0       5.650E+05
3650.0       5.613E+05
3655.0       5.567E+05
3660.0       5.553E+05
3665.0       5.539E+05
3670.0       5.502E+05
3675.0       5.465E+05
3680.0       5.396E+05
3685.0       5.391E+05
3690.0       5.391E+05
3695.0       5.313E+05
3700.0       5.239E+05
3705.0       5.253E+05
3710.0       5.234E+05
3715.0       5.225E+05
3720.0       5.220E+05
3725.0       5.202E+05
3730.0       5.174E+05
3735.0       5.091E+05
3740.0       4.971E+05
3745.0       4.961E+05
3750.0       5.008E+05
3755.0       4.998E+05
3760.0       4.994E+05
3765.0       4.985E+05
3770.0       4.961E+05
3775.0       4.915E+05
3780.0       4.897E+05
3785.0       4.883E+05
3790.0       4.846E+05
3795.0       4.823E+05
3800.0       4.804E+05
3805.0       4.786E+05
3810.0       4.758E+05
3815.0       4.735E+05
3820.0       4.721E+05
3825.0       4.712E+05
3830.0       4.684E+05
3835.0       4.647E+05
3840.0       4.633E+05
3845.0       4.620E+05
3850.0       4.597E+05
3855.0       4.570E+05
3860.0       4.534E+05
3865.0       4.503E+05
3870.0       4.486E+05
3875.0       4.477E+05
3880.0       4.453E+05
3885.0       4.413E+05
3890.0       4.405E+05
3895.0       4.381E+05
3900.0       4.358E+05
3905.0       4.346E+05
3910.0       4.327E+05
3915.0       4.306E+05
3920.0       4.283E+05
3925.0       4.266E+05
3930.0       4.242E+05
3935.0       4.217E+05
3940.0       4.204E+05
3945.0       4.175E+05
3950.0       4.139E+05
3955.0       4.113E+05
3960.0       4.102E+05
3965.0       4.094E+05
3970.0       4.075E+05
3975.0       4.052E+05
3980.0       4.030E+05
3985.0       3.996E+05
3990.0       3.971E+05
3995.0       3.946E+05
4000.0       3.838E+05
4020.0       3.688E+05
4040.0       3.614E+05
4060.0       3.541E+05
4080.0       3.471E+05
4100.0       3.402E+05
4120.0       3.335E+05
4140.0       3.270E+05
4160.0       3.206E+05
4180.0       3.143E+05
4200.0       3.083E+05
4220.0       3.023E+05
4240.0       2.965E+05
4260.0       2.908E+05
4280.0       2.853E+05
4300.0       2.799E+05
4320.0       2.747E+05
4340.0       2.695E+05
4360.0       2.645E+05
4380.0       2.596E+05
4400.0       2.548E+05
4420.0       2.501E+05
4440.0       2.456E+05
4460.0       2.411E+05
4480.0       2.367E+05
4500.0       2.324E+05
4520.0       2.282E+05
4540.0       2.241E+05
4560.0       2.201E+05
4580.0       2.163E+05
4600.0       2.124E+05
4620.0       2.087E+05
4640.0       2.050E+05
4660.0       2.014E+05
4680.0       1.979E+05
4700.0       1.945E+05
4720.0       1.912E+05
4740.0       1.879E+05
4760.0       1.847E+05
4780.0       1.815E+05
4800.0       1.784E+05
4820.0       1.754E+05
4840.0       1.725E+05
4860.0       1.696E+05
4880.0       1.668E+05
4900.0       1.640E+05
4920.0       1.613E+05
4940.0       1.586E+05
4960.0       1.561E+05
4980.0       1.535E+05
5000.0       1.510E+05
5050.0       1.478E+05
5100.0       1.423E+05
5150.0       1.371E+05
5200.0       1.320E+05
5250.0       1.272E+05
5300.0       1.226E+05
5350.0       1.183E+05
5400.0       1.141E+05
5450.0       1.100E+05
5500.0       1.063E+05
5550.0       1.026E+05
5600.0       9.909E+04
5650.0       9.576E+04
5700.0       9.252E+04
5750.0       8.947E+04
5800.0       8.651E+04
5850.0       8.369E+04
5900.0       8.096E+04
5950.0       7.837E+04
6000.0       7.588E+04
6050.0       7.347E+04
6100.0       7.116E+04
6150.0       6.894E+04
6200.0       6.682E+04
6250.0       6.478E+04
6300.0       6.279E+04
6350.0       6.094E+04
6400.0       5.909E+04
6450.0       5.738E+04
6500.0       5.567E+04
6550.0       5.401E+04
6600.0       5.243E+04
6650.0       5.096E+04
6700.0       4.948E+04
6750.0       4.809E+04
6800.0       4.675E+04
6850.0       4.543E+04
6900.0       4.417E+04
6950.0       4.296E+04
7000.0       4.178E+04
7050.0       4.064E+04
7100.0       3.955E+04
7150.0       3.849E+04
7200.0       3.746E+04
7250.0       3.647E+04
7300.0       3.552E+04
7350.0       3.459E+04
7400.0       3.369E+04
7450.0       3.283E+04
7500.0       3.199E+04
7550.0       3.118E+04
7600.0       3.039E+04
7650.0       2.963E+04
7700.0       2.889E+04
7750.0       2.818E+04
7800.0       2.748E+04
7850.0       2.681E+04
7900.0       2.616E+04
7950.0       2.553E+04
8000.0       2.492E+04
8050.0       2.433E+04
8100.0       2.375E+04
8150.0       2.319E+04
8200.0       2.265E+04
8250.0       2.212E+04
8300.0       2.161E+04
8350.0       2.111E+04
8400.0       2.063E+04
8450.0       2.016E+04
8500.0       1.971E+04
8550.0       1.926E+04
8600.0       1.883E+04
8650.0       1.842E+04
8700.0       1.801E+04
8750.0       1.761E+04
8800.0       1.723E+04
8850.0       1.686E+04
8900.0       1.649E+04
8950.0       1.614E+04
9000.0       1.580E+04
9050.0       1.546E+04
9100.0       1.513E+04
9150.0       1.482E+04
9200.0       1.451E+04
9250.0       1.421E+04
9300.0       1.392E+04
9350.0       1.363E+04
9400.0       1.335E+04
9450.0       1.308E+04
9500.0       1.281E+04
9550.0       1.256E+04
9600.0       1.230E+04
9650.0       1.206E+04
9700.0       1.182E+04
9750.0       1.159E+04
9800.0       1.136E+04
9850.0       1.114E+04
9900.0       1.093E+04
9950.0       1.071E+04
10000.0      1.051E+04
11000.0      7.121E+03
12000.0      5.017E+03
13000.0      3.633E+03
14000.0      2.696E+03
15000.0      2.043E+03
16000.0      1.573E+03
17000.0      1.233E+03
18000.0      9.803E+02
19000.0      7.884E+02
20000.0      6.404E+02
25000.0      2.635E+02
30000.0      1.276E+02
35000.0      6.880E+01
40000.0      4.055E+01
50000.0      1.668E+01
60000.0      8.059E+00
80000.0      2.561E+00
100000.0     1.054E+00
120000.0     5.096E-01
150000.0     2.095E-01
200000.0     6.663E-02
250000.0     2.735E-02
300000.0     1.285E-02
400000.0     4.399E-03
1000000.0    1.472E-04